10000
28149
2658
8331
20745
23379
25005
16158
1476
19947
4263
7086
81
26070
177
23289
11778
1620
10278
27516
17208
15633
16104
7701
19287
17346
4590
8586
15369
12201
9405
11787
29406
12066
9174
9207
24501
4179
25368
15033
24126
18687
22119
13263
14757
11352
25611
15594
12972
24945
13110
19239
10578
18273
26940
29868
5619
20586
27510
20988
21843
6915
2775
21252
18981
1008
19515
2538
5187
3939
17571
18372
11685
28746
1635
26442
10101
16302
1092
12129
11250
3261
20424
21828
21534
17364
10752
16209
7953
8262
7197
29796
15180
29028
10104
23217
36
18678
25758
24282
22617
2385
1710
4302
1134
22401
19803
291
8706
9951
1476
19956
2268
21903
840
12858
28323
11595
29067
25332
19857
25320
14187
24093
24351
24291
17313
13443
2025
2127
26781
13701
23568
28491
7059
13758
20895
15918
14049
18657
25872
4584
8613
17196
26487
28509
57
24810
10104
29124
20145
19020
24447
23388
2169
7854
6735
8538
10353
8763
10665
7137
22464
23292
24684
29523
7050
15579
4500
21102
23292
372
14742
20961
17568
11229
19473
6681
25095
29577
5808
4296
7653
19311
27684
9825
16221
4422
18363
26574
13185
18087
3711
24705
11379
17454
13284
18429
3033
17784
28587
26328
7212
13329
17289
13839
13614
25818
20520
8712
14454
15384
2064
22107
23751
29751
20988
9972
23229
28410
6549
25470
16497
29316
20175
16932
16770
22515
24417
8862
29358
23007
24246
25626
25392
591
28521
28065
26412
19044
25833
10866
23484
27897
22029
17238
16704
13020
16266
9933
11430
22815
5403
16983
11190
14634
3915
27960
26208
28332
25878
25566
10395
20124
10248
24846
9774
8772
22911
6186
16872
7800
6108
10356
5697
28137
16650
22404
213
2919
21393
11643
14790
26799
17682
25980
489
21597
23943
26697
8988
8877
11319
8439
29004
21570
3285
8778
19398
15252
4020
6270
23052
10128
16626
17808
27321
22335
29268
27537
25254
20661
28236
10044
6516
4977
6027
7008
15630
19026
22761
24618
27903
23139
22116
15963
3765
14457
13797
23163
29712
17817
29433
11820
17001
5115
18684
3381
27450
17952
19974
11760
27672
7266
21807
4188
12243
16890
252
27876
5916
23016
11550
22875
16155
3666
27897
19920
18126
11694
2139
6894
18570
1572
7770
24627
25743
26457
28008
23196
3465
17982
24012
1137
14307
15819
5328
26550
21765
5580
24426
16737
17652
5979
9615
22863
28701
7512
1839
5883
8262
3978
12777
26832
24606
9606
10518
20352
6063
8526
2604
28584
15567
26616
29724
29874
1494
24108
26424
23259
18744
9909
9999
6399
4944
8670
29262
22701
5238
1104
28587
13500
24138
11364
29391
18747
20970
9909
9099
16089
7491
759
14676
23058
27375
3456
11988
17925
27564
27471
11187
16308
7380
10242
11763
1380
18912
84
24081
24150
20244
22668
26706
14382
23091
26097
3129
3117
6006
1284
19209
13500
2043
22941
25614
18477
15453
7605
6402
13017
5076
6645
18381
1512
16887
147
2892
24855
19287
16029
19005
9531
8700
15714
23913
20847
867
16101
23964
6876
17385
2229
9432
8487
25170
5046
16020
10623
1707
11478
12696
6783
18126
1080
27351
24069
20283
243
18927
9570
16275
26988
19101
14031
12702
2070
4878
13572
18171
28842
9504
24615
1074
18936
22158
15300
13038
8178
14982
14748
19656
16734
10587
26838
6870
7941
20910
27153
27240
28893
25779
2571
25881
3936
5658
27642
25065
10536
270
13236
28437
28830
26907
18567
6822
19065
22923
19860
16299
26961
23664
25014
13698
23310
21852
20568
1251
1818
6780
17547
711
21615
9177
15651
25554
14835
2349
20619
25374
2619
22911
12867
1449
19821
1434
8271
27942
13413
17187
3300
10377
10854
28314
24075
4164
9222
3699
24471
11043
10479
1074
810
2097
10251
5517
16707
25089
7866
26382
9519
29541
19293
22386
20046
28170
12876
17373
15171
15345
4563
18471
25722
4473
5841
8853
27693
15063
1611
11220
15162
12090
12294
15975
3243
22548
10548
9006
6693
18417
5388
16212
7014
13740
27654
27063
11910
29586
14436
16137
14931
8055
4608
29712
12528
10449
27621
29277
14571
29232
10497
29733
381
11850
15708
22680
23454
15315
1689
147
3732
26133
5415
29802
9873
22125
26865
10842
10767
11304
26979
14754
8415
20646
14466
20946
20151
12090
9279
4722
378
19779
4458
759
1629
9222
23442
14139
24537
25131
14286
17325
21264
8757
17130
20196
882
3051
1038
705
3411
17073
15459
11829
7719
18984
2775
27873
20130
12054
21651
20508
20889
15165
21270
11574
24390
14712
25713
7983
28899
29055
14367
9219
7812
20553
29415
27750
23604
19509
28455
27018
6585
13917
8847
3360
2901
678
20289
23031
1788
11943
2595
22680
27108
23865
23310
10554
27633
19026
7596
15588
7137
21963
24810
14952
12516
13281
12702
6120
21849
216
22194
17490
3189
1041
20850
6090
1719
11142
18177
22566
12141
20772
15246
28305
3696
27612
8862
1329
5694
16458
16920
12834
27477
786
27786
29049
3123
29544
5169
24972
18816
27366
12462
22005
17463
22371
28095
8241
3513
5328
807
15654
26103
5109
13959
29799
2721
11877
20184
8418
17391
26160
21252
3924
16002
8094
2973
19128
26694
8145
3156
15513
24567
4677
7518
12030
27048
24672
9327
19617
0
10134
24327
15159
15243
27342
4014
17967
28278
24201
15441
15669
20361
6693
19596
6366
3843
11625
14550
537
19770
6762
16050
3393
11439
23571
4482
27543
18243
13809
17160
7299
23946
543
22461
28245
27888
26475
16212
26166
20676
1653
891
96
27402
9543
25518
1245
21171
29124
1785
29997
5886
6891
22449
17328
462
26931
3927
7761
29796
10146
15063
12798
10689
26580
11046
27633
23055
27258
12855
2790
17970
13749
21942
4428
12348
17460
5676
22575
16584
26517
22575
22470
3408
4080
28854
22929
1011
2784
19746
19863
12930
23865
2664
12675
20445
13710
10311
2559
24
23166
5349
7050
25971
27291
11481
27378
3807
6213
19953
9447
2730
1584
1917
25194
5664
19830
7179
25731
11670
26928
15597
13656
20793
18261
26331
297
1971
25698
2856
21051
7923
8205
28104
3894
24552
9585
20328
17415
15798
10284
26862
7584
924
28779
21834
6591
7665
29016
2322
19335
15000
6975
2991
24849
25236
18381
25146
16263
14079
28002
7317
22002
25263
24477
14955
8871
4062
5283
26286
8916
4623
23148
5556
5550
10986
16446
1197
18651
15462
3519
27045
19518
29553
19092
14370
24789
7473
9516
111
10611
26577
26484
2613
21840
20961
17568
19770
25023
11910
16056
22995
16533
9207
28551
22083
9249
4053
12336
27900
19518
4914
14001
28092
4467
3096
12462
18312
29625
11037
18423
10236
7614
14907
1908
18510
5868
8532
8280
19947
20442
13395
12942
6978
11658
549
18117
20907
4605
456
7863
13179
5370
21867
327
28893
14019
12792
17205
13644
12885
5631
12939
20499
9594
14847
28065
15465
23379
25404
24468
2880
8799
26469
9858
9513
16074
17031
420
9735
6543
8283
11970
969
150
12300
29862
3225
25092
6126
16872
7977
11757
18867
17532
10407
3714
4653
14928
16149
57
9399
19029
27912
5868
17943
7425
10998
24033
26901
20736
576
5187
2706
20604
24393
15006
9522
27621
29154
15648
3549
7131
16461
22416
13719
26871
15186
18375
11799
20391
7488
10254
9423
24459
5178
16422
20940
16179
10455
17844
6915
90
12087
28677
20694
6480
13686
19272
23157
12840
4923
26706
9030
10440
8178
22749
26367
12420
11124
8169
2814
7671
7479
1293
2130
12660
17715
23070
28839
28173
10914
24810
28263
23001
23487
8013
18540
26229
27285
11697
9072
21264
27462
7158
1707
24696
29907
17130
7119
90
25299
28989
7761
21837
282
28947
4497
7053
22017
22392
5226
21990
6258
22545
4047
29745
558
11643
15033
16902
12399
13161
8166
9861
20319
28929
4557
20226
16062
732
9372
417
18777
6189
22254
19059
5136
15807
26115
16212
8199
20397
8202
14457
12945
1305
3261
2559
2007
7350
19461
14406
20511
16686
24267
10830
15615
17880
20112
20733
7671
29487
10209
26448
5676
2463
4566
10815
7329
19737
16083
4584
10134
13341
8100
12135
14646
11361
14697
16653
7767
4158
1059
28278
20844
14382
9108
25518
21321
18276
16251
28992
17763
26460
25440
12498
17982
19062
12369
25311
8799
28452
18951
18936
11793
27051
20127
15495
27468
4824
21207
5235
8985
22266
3513
18885
25707
1677
14403
17028
19956
19713
16020
26775
5229
516
9273
12267
19581
10698
26634
17436
9150
15588
6372
9999
12639
15558
25497
10110
20382
16704
15345
18423
28026
7917
7311
12789
9594
10770
29817
18606
19539
4893
15384
24771
5412
13713
7038
14049
24414
3675
1485
22620
19263
26916
21678
1902
12474
17175
1068
2856
22935
16416
10338
10017
24333
17649
22809
22983
17475
22626
648
7017
27522
16032
1788
21990
18801
27882
6039
2271
1557
26580
13950
9876
23496
5628
837
5970
11859
1905
27885
4794
18321
8223
14811
1710
14928
7620
13752
2403
249
14400
28476
16827
19488
19320
8817
8289
17205
3912
29619
7818
492
13569
6753
13047
8253
7590
19017
20112
9495
5958
24906
16875
3237
28773
7641
7221
25452
21393
28683
14757
5793
27159
1584
25281
16482
29457
22629
22743
3369
11304
561
22917
13929
7314
5964
22182
3960
14040
12294
13458
9054
26256
19389
12294
14085
27030
19515
9537
18426
18198
24294
13275
4416
14934
8559
20898
14391
20244
13641
6816
1548
3258
29736
15477
29631
5700
7659
3591
8796
9009
6105
17853
24321
25494
147
27462
11583
8718
7002
9
15975
20352
13284
20391
5289
10899
345
19680
1143
3042
15555
2691
6300
15291
7224
24987
10047
3939
17637
7902
12948
23742
25755
26325
8295
14958
23790
19878
23676
19848
19887
28707
29256
22227
19098
4545
22185
8499
13284
23328
11541
28839
15078
6900
3186
11358
1887
2289
15300
19524
10191
28248
2325
5946
13632
10620
9960
26478
19554
22695
5382
28497
21402
4638
20724
29559
9186
12909
8058
11526
25296
19602
29421
29430
26502
2607
10788
17445
23952
26088
6972
4146
13395
28353
29148
16083
28029
9111
12561
17583
1806
17943
16080
12264
11637
25860
11823
9879
8772
19884
21405
23124
9486
20826
11610
5988
12489
22398
23433
25500
7545
19461
18702
9996
6870
17850
26079
4899
16017
8640
22482
6879
15639
8562
19146
16332
4425
969
26214
2253
20853
17619
14433
19395
27504
26043
14439
29049
7497
26931
13605
15042
16392
2307
25038
12321
9216
10173
17220
25233
7869
28761
21171
23508
26379
10317
9843
19860
342
25113
22113
10254
1788
25602
29649
29292
10701
14091
17400
18201
11022
1005
22299
16470
22371
6396
17847
1587
16569
5070
15876
24441
22887
7047
7005
19266
6420
5904
9129
6765
1017
20298
6075
2808
4959
24780
21156
15660
8871
27612
3861
8949
28620
26163
14478
20991
21615
21381
11634
8184
15507
27510
21681
8394
4560
28689
27663
10980
23649
25848
6801
24669
16146
12876
16533
21105
7659
7689
25824
5586
5304
29685
3594
22980
14904
7128
3027
6519
28509
14661
3762
14019
12171
25443
11469
5787
13188
9132
5826
6840
24036
12627
20565
29241
14562
7098
9402
11277
3843
5226
5919
28203
4914
9513
10239
8874
5697
13266
4452
23265
16983
27270
26340
18213
11769
7809
24000
24960
6000
29826
20856
36
1512
11421
29277
16074
7575
8682
27351
474
13908
3270
28680
7878
1842
8919
5811
26595
11244
10263
19860
28227
26589
16200
5496
8358
24012
29499
22374
19068
18381
13230
19104
19893
13707
18384
25023
10338
16122
22374
10815
30
14703
9495
26967
5601
7470
2778
2196
18714
2097
11115
6000
28686
16371
11496
7044
10383
51
29421
18507
7491
1707
7614
27384
15417
15054
22410
25755
1176
3840
25626
20262
7599
5121
17229
13200
1650
9063
4455
20364
11160
15570
15420
28902
1941
15975
5949
1383
5082
24426
19890
12573
15189
16560
9960
19662
1614
21426
4476
2790
25266
102
23055
21924
24282
29340
5124
25932
8406
28635
5352
19566
3261
20775
18471
5205
25806
13476
25644
888
26958
4590
2520
12147
21153
1536
20868
22767
22962
25344
14616
7284
25446
7671
18264
19728
7011
23391
15660
15417
11082
21015
24042
14346
846
1569
8607
15708
15045
4251
5652
1059
27897
8172
2262
19050
9708
23130
876
21726
18474
15492
18069
13923
23163
6333
22707
19230
18780
8370
23706
29865
18441
17748
3267
8343
19317
11874
24051
23418
16125
29703
13533
14022
26934
15795
22131
25698
8928
23007
6483
27402
8499
13608
381
20718
8997
23091
9948
27780
20517
22710
16701
8958
10458
9024
17301
18831
20898
408
1305
26079
111
14838
29157
16101
636
21288
11802
28620
3351
18285
26022
11850
1893
26406
21624
10890
8553
1575
27726
29070
13341
3483
8028
23802
12507
14385
1689
3405
14793
22053
18540
3960
6891
17700
20064
26583
8988
20922
25203
12342
9207
10284
13248
156
25746
4875
11046
4299
25506
27831
3369
8847
20370
453
21705
2880
14838
23397
25341
18687
4506
13884
22647
11397
1584
1767
27039
29628
22689
11298
11970
20952
21582
14277
21108
17328
19152
21213
21627
3714
8100
14052
1617
28470
14505
23325
1350
29343
5778
15750
7086
10284
29634
18792
10737
20274
20559
26832
19902
2307
8133
20931
12315
18771
5208
3426
6102
13416
13695
16785
17130
21795
19896
18747
9321
4401
1128
10674
22803
6906
15480
29889
6246
15114
18681
6042
5388
28299
2874
25290
19662
11007
16221
1977
29781
10485
5403
24939
23901
8154
780
87
19005
20676
7893
28329
14136
9021
28059
6939
4986
13539
25884
288
28653
14568
6330
23097
1923
9207
7443
21585
9270
23667
23562
28107
23208
18024
23046
17112
26178
12885
17199
4242
3561
25092
2571
6753
23172
630
13692
17214
14169
9579
17502
1878
13203
23835
24975
4182
22098
2418
25767
1368
15141
8385
29478
8352
26409
11580
14520
11646
24465
1719
4944
17085
15870
7515
23838
28098
27201
26589
15312
11370
25224
21870
2304
27483
15705
27279
1665
7803
18753
27432
28230
22953
24873
16764
1305
10341
28344
15825
11043
11868
6600
15987
28953
11526
23502
11847
28680
20703
27492
13992
21129
22716
5865
23433
20199
10626
9768
10920
7488
17577
27408
24774
10530
22284
11538
891
2625
9882
5772
13668
21750
12375
29655
9759
12957
12213
10665
11640
21972
8157
14688
13101
19932
9609
25590
29187
20238
5358
10110
16782
22935
26574
11556
22524
18858
23094
23415
10539
22032
29190
13263
2841
621
1974
12600
2634
14187
12321
14274
6159
9537
18021
8316
18525
27630
3906
17712
6924
28320
16878
23706
21258
13455
24318
2838
21369
17412
26253
1911
28503
14499
4230
1344
4176
6207
3000
6813
9450
15324
10143
4668
24861
28164
12984
13386
14853
5949
20154
21777
4269
7035
4542
14583
9546
17916
17421
19971
24387
2733
21882
22890
17232
15171
24234
21411
21378
27234
17280
19884
12558
27423
24552
26475
14646
26595
28917
29499
2544
19074
10332
25869
15165
3930
10455
13767
21849
16932
3738
16236
19665
14679
9126
6900
29850
3360
17367
10284
19650
4647
168
2211
21126
24723
17742
5772
10374
16662
24327
1974
24792
4662
27843
9957
27648
27354
12780
19497
14289
16518
24789
3954
1197
3915
29910
20103
26331
6333
387
15984
36
558
7251
21165
14337
14049
26937
13767
711
21267
15741
14559
14985
2640
13572
12633
29997
26352
2133
3342
1929
15978
26352
3126
19896
15321
12288
5283
21654
12675
10323
21693
2289
6630
12858
5682
20682
28851
8505
10449
9174
24246
25011
24159
15945
27639
25851
15942
23994
17040
8340
25923
3018
4692
18105
22914
9069
393
17256
726
2127
16635
11475
23472
23268
13389
18213
3006
12240
26718
13455
10473
20967
27522
4632
25968
25164
483
11910
8214
17523
9306
4137
20544
3054
11298
2514
12126
750
8826
12852
2877
25464
13383
15405
7788
26772
3618
10794
28068
339
13305
8541
10362
29886
2232
6330
14106
21771
7296
22320
28353
5658
15513
18897
8712
15867
10467
20838
16617
8352
22746
8550
3816
6129
23958
11604
21957
27576
11454
20028
16971
24759
17625
16389
24645
19857
11775
27807
11631
8127
20127
29040
13785
24696
6993
22500
10566
17460
13338
16239
14868
6087
24792
18684
1272
18750
19344
23232
5382
19854
2316
11412
14616
19941
27801
28317
28857
9579
26127
29544
6762
5310
28584
20550
19065
5577
13050
18687
12093
15444
4926
26964
21531
29718
4704
11862
7524
13107
5094
12909
2961
7410
24321
6633
16407
11178
24009
4320
9813
9192
3864
16578
3558
2448
7128
22623
27081
9234
366
9177
24678
5295
25197
16212
24069
29901
28074
1596
2064
22224
3561
5028
18690
27882
717
24153
28116
24726
28476
7932
3918
2340
13566
7479
23847
20694
19158
9984
29928
19527
19161
24606
13878
3414
29874
7947
22374
17004
9543
24438
28284
2160
18522
16974
42
19242
186
17217
13968
28662
14205
6945
1002
27771
3480
13905
7521
22638
23892
7449
12165
2109
21111
15099
5526
10044
23049
27900
16104
21648
22338
3447
23811
10863
9477
12909
19161
9663
126
3129
8325
14331
29130
28386
1158
2610
12291
8679
25251
6183
5184
26472
27351
26298
11574
2877
25398
23679
777
558
15327
12171
4005
9138
12090
13485
11106
1251
23148
288
23439
1476
14622
22569
18918
15780
25182
1209
13518
9489
26451
18702
25017
23802
4056
25647
26679
29454
19326
16512
15
23712
17739
23076
21906
29832
6561
3012
1083
18768
3303
13578
20244
6981
6150
9162
11817
20388
29427
25335
18933
25878
14040
3006
8736
18096
28656
24471
6609
7038
10983
25680
750
17781
18756
22659
17613
25320
25671
7752
3144
18030
21333
12444
25011
16539
10662
6831
25983
10089
21222
3972
25026
5262
6978
3762
12417
5634
17292
19026
12675
17331
14706
2481
5112
3462
25140
22725
17838
9870
480
20982
27900
10869
3426
11970
16464
14088
7857
12447
13236
29079
5475
8262
4344
12453
1080
16761
7146
18372
5787
8877
5706
9549
11358
10818
13011
6501
22602
19908
5427
12138
10890
3327
23007
3375
4353
9471
6519
12210
10974
19755
11292
16449
28017
4692
17958
18156
10509
25104
6528
16296
3981
1290
14901
4398
12111
27912
10899
4713
6876
5382
16851
6825
27765
28914
10200
2121
27441
16719
14331
27471
6477
14679
2976
23550
19371
20934
11706
29880
16041
7293
5232
9078
8583
20133
13476
20694
7104
13431
14463
13980
18813
20370
9861
5637
8340
20061
7758
24837
25839
22089
22308
21372
25827
25284
14922
15198
5277
15687
15081
10374
22980
20313
19452
20619
29505
21987
372
6609
24474
14835
9645
2346
24264
19509
7983
2604
28626
15741
16500
24465
26886
8808
4893
22713
23151
8874
7914
28428
24561
12051
8802
6597
21420
17310
27216
9981
28353
27588
5646
22830
1482
15294
25176
25746
23859
3159
17406
11541
7956
22962
25065
4842
1773
29958
16614
13980
8832
13584
1464
22449
25635
10266
18102
6111
16632
15321
16095
14988
1965
21741
7818
3447
26091
22050
18249
9006
25209
24714
20550
3165
17676
15615
27063
8505
15573
2733
22485
13464
16317
23949
24969
1008
23271
13074
26178
9906
28395
12273
13950
360
23070
10824
22866
19164
2874
171
28170
28083
24885
18720
20304
1620
23391
6423
10125
28023
9159
21669
11487
14532
4674
6456
4599
27948
19530
777
26910
6981
13050
29916
26400
6120
10740
8322
14340
13614
8493
12513
11697
22437
20289
21057
24057
13683
16536
23238
762
14751
14907
12249
29286
19584
7761
3885
6588
16350
4662
3498
12387
6768
3414
8787
12888
14154
6165
16287
16824
14661
28800
28521
26154
8145
8634
20211
10884
25170
2505
11646
9924
17415
12951
28266
26055
9771
21207
2643
26121
25869
25197
8508
2637
17667
6354
4581
1821
12519
20868
18645
16236
8724
6222
12390
5928
3912
21657
5868
18138
24165
17517
17118
636
19524
15384
26691
29295
6591
18390
25416
21516
13587
22983
13209
1254
18393
6849
22131
19968
16773
29832
6207
14556
25110
7653
20484
18078
18369
26352
6216
1590
2925
23337
21282
22452
27777
17973
21747
23427
25419
6222
14943
9006
29205
17211
29316
17598
24060
10503
26622
10833
10335
2829
14445
24501
29541
4929
12579
6966
20340
7851
27612
12321
1188
18894
4773
18024
6867
15579
11451
2286
21801
15450
348
10062
2661
18720
16716
15777
29223
13338
15669
28614
5226
114
23115
4767
5046
24750
789
14442
2601
28401
26763
22848
17295
20595
10872
13218
6174
22323
4560
27975
7773
23964
8037
29493
12684
24753
15270
11907
8091
939
29577
2373
1056
11748
26196
25158
6498
26985
9600
28155
14442
25419
21003
1737
16014
20931
4011
22188
13254
8571
9219
10086
2535
6312
9579
4275
20121
13905
5238
28215
14847
4815
19644
4959
5619
15843
117
12117
12828
28773
29331
27273
24192
9390
18066
29265
324
22080
21453
13578
19707
19731
12720
22245
26043
22299
15576
16167
6207
20817
3438
10110
14688
23082
15069
20310
8925
4242
21483
10812
3015
20814
8085
16263
207
15207
15528
531
7287
26040
3165
26997
15771
15888
8298
11814
27243
23874
17037
22506
3747
20475
21672
18438
2616
6741
8748
11541
10983
231
22353
3054
21048
19494
19320
10311
4704
4848
29898
1047
888
3063
28044
5715
8007
25398
6588
5253
8331
23625
16815
12078
3159
8490
516
5775
4287
9264
17316
4329
28554
28728
7383
8658
7278
26703
18969
11982
20610
18867
2088
10554
10986
19188
16272
18996
14589
22860
13305
22920
5541
19176
24054
8700
27666
13629
14475
21012
11949
20850
25341
10503
8634
2724
19161
15912
18486
27186
16953
9096
16053
19041
8706
16098
8229
24978
24150
11874
6894
26511
23850
1494
15687
17907
10194
2412
1536
13728
23424
2541
23634
18765
13047
21324
21489
2208
26292
29031
18453
13245
8127
23562
21342
16836
9660
18630
870
3810
504
26823
321
13413
28317
5067
1320
27567
7479
21912
351
19959
24453
13041
8724
26556
4365
19269
17823
19716
18303
6276
22017
15486
29838
13362
21378
28557
21048
11307
2367
21552
8130
21747
4965
25503
15870
25341
12126
23349
6309
1536
2364
19821
3633
11088
5433
27057
19413
23256
16773
26772
18588
8790
12261
18429
11208
22695
16986
2256
4002
8409
12867
1188
19212
6888
26691
5082
21288
27876
17487
27597
18468
19851
6474
22101
19995
966
19158
9411
24222
5931
6183
12813
14724
7500
20298
14988
198
26340
17247
4200
23805
114
5391
13020
7002
21138
7158
28290
8070
24648
14946
26538
3555
10476
18642
23553
11442
26856
22020
24723
2790
17259
26592
6570
24762
16890
21558
14016
2286
27861
18216
26091
27975
12663
28167
4980
22860
5328
22326
930
29976
7272
16527
22587
6807
24225
16140
18249
21081
8160
12972
12927
25422
9564
19497
9240
15510
114
23256
17796
27975
528
2946
25953
13194
1113
19989
25110
6441
1371
15096
25473
27702
1623
18063
4509
25848
23259
11814
5988
20478
24789
18915
4956
23409
27471
14196
27978
27585
26508
15774
25560
27036
7776
10569
29286
8892
19614
24396
4389
10044
9495
18921
7746
174
6984
1311
15081
19299
13125
21069
9777
26970
9984
14733
9438
7455
17985
7416
24096
14493
12246
8715
588
20025
19284
29874
28917
27957
13329
22362
8001
11880
11283
4803
1110
7323
6114
16191
26625
19239
7260
25458
5268
6303
10194
14706
2814
17235
22122
15969
20787
4368
24684
21375
24393
3024
10305
12366
20037
12690
4731
28038
24570
5070
2841
14739
12396
28011
930
9021
17253
27249
4479
22521
22608
3729
7227
14478
20967
18405
447
11754
22773
25131
22185
17169
17214
2490
18591
7251
4239
23322
24348
17865
28395
16245
2604
29847
14259
3537
8868
20568
19842
2403
2145
12450
25191
28428
26928
5214
16833
27378
6024
9606
11565
28209
15831
28779
19755
4425
6033
23994
16803
381
918
4254
16626
3522
4101
19941
7059
12969
10509
26901
4431
12654
28407
18678
11082
25338
23892
27915
11772
29916
26580
23337
17181
12411
11175
25992
5892
17208
9045
22698
6645
9963
26952
12327
13485
1056
2271
9603
3081
12780
25560
26568
14493
23970
15246
25575
8364
9138
12549
20136
28110
9129
13473
4347
10596
24648
19398
16491
912
28443
9189
26613
27462
25197
8943
3
26253
270
9606
18393
2106
24225
14961
16599
18195
210
1233
15615
28404
2838
5751
15573
11967
8280
8976
11619
21987
28374
28110
22899
15873
26355
8571
2391
10611
6570
2397
6864
6840
1059
14313
28002
25284
29277
3660
2535
18543
23949
18150
6003
26787
12957
21576
27810
21240
19611
9429
13227
7041
26598
25182
22917
12009
22809
14364
22620
29379
16761
18543
25275
17823
2856
12336
2163
21189
15996
4701
9732
9945
11907
15738
6732
24867
26370
4542
5163
15981
3027
18390
23025
29625
2628
4998
693
25440
19362
23313
13875
6126
912
28209
13005
3771
10545
15168
14016
26541
8925
23751
25542
20835
9489
2274
4758
5859
25872
9921
21843
28899
17367
3924
17583
9051
8922
18276
23547
28284
645
7425
23466
20616
24690
6471
13443
5235
10698
27459
1776
19623
21210
16374
29514
19755
18648
4272
25617
3576
3249
6516
21531
20616
29496
9114
18726
8418
16446
12273
25758
6150
8754
19227
26766
3444
14754
29265
27735
25452
26724
18567
4134
17937
4941
3648
7692
12645
26979
22365
16221
228
17937
7755
9903
17433
5925
17685
14907
11430
29958
10668
6636
27771
18951
22458
20271
3705
21723
18009
18216
18447
6576
22350
25440
11520
15054
22191
24165
12033
3612
29445
1320
21552
7200
279
28041
2181
17964
12951
13611
17922
23619
9303
4749
12570
1761
25023
5331
23484
2088
12603
990
8664
24009
26430
9240
9066
7677
3408
10155
11292
21909
531
21900
18165
810
19941
20346
18774
2892
23016
25755
26511
2319
504
28137
4083
14583
22527
27567
16671
5130
28557
25338
18198
14046
23634
27264
21723
16098
26475
22071
8007
27009
13971
26172
16875
3915
16521
5652
6807
28593
1407
22377
912
20967
9570
4995
5553
21153
21621
22224
26286
9234
6618
14484
23280
255
804
4062
16353
16335
26133
24363
2400
10107
20535
19278
3078
26112
13986
9885
24705
15393
21318
25620
6360
19947
19671
969
11100
348
23196
26442
9585
18870
10926
21921
19125
786
15039
24537
6180
231
18900
8580
10338
28491
16914
2472
13662
900
1413
8367
16293
22734
23043
11712
1737
1773
12681
12837
2121
24933
9282
762
13806
9264
11742
21987
29109
15837
16524
5289
16068
24480
2925
15462
12030
19842
17934
25692
20742
19350
4059
26094
1140
16161
26862
2877
17934
28599
15714
9111
23535
14052
28932
26397
23319
10674
18384
11484
26511
23967
16773
1638
18447
8754
17100
477
28596
5037
26169
8397
24387
19287
4491
25527
5448
20409
17460
12438
19008
3174
21549
1599
6285
20481
27996
18660
20211
5439
144
5781
29406
5973
7419
6909
14727
13575
7389
13326
18612
22614
10779
2055
957
4326
16638
25461
24735
4098
7899
13743
26331
18507
15345
2616
28044
2397
21276
7314
7836
21420
13095
7242
27393
9570
3210
1176
23145
10599
3558
816
22269
14337
2871
12285
18663
19512
7746
2454
12666
4704
5256
8997
12267
9657
11613
29367
12054
21945
6681
8949
13365
8832
5247
29814
18402
8457
20049
606
8112
23607
1422
384
7947
23349
12669
15666
1917
9471
7179
14586
14175
12435
12639
15498
22092
13311
14868
23202
5256
21549
2151
7680
19440
7401
26550
26898
15858
16599
27504
23973
10209
17982
13413
7212
11334
15138
11934
13251
13665
19113
27837
16899
20604
10479
2397
1752
12846
17265
24957
18102
27873
16164
25782
17313
12621
11391
3267
28482
27990
774
11511
27255
7812
13980
4467
19146
18174
5460
2400
1839
24573
19293
18738
4236
18828
21138
5988
1674
27459
20001
8835
25332
6168
23673
1701
18789
5064
24027
6327
3057
13857
6894
19368
21669
20874
12894
10818
9048
18354
2274
29946
1983
10623
18684
6219
29454
28878
12210
20184
26340
2211
29019
10728
27435
22695
1488
16227
27759
25515
11610
19872
9372
18507
28299
1041
9381
11193
915
7488
29547
3189
7434
1530
2871
15174
26808
2325
14055
28074
22509
10395
19341
10587
21123
16779
3282
22611
22062
20097
7182
3672
29028
16554
11235
27327
6654
9675
27576
7569
17163
27123
29817
13653
17709
2688
28827
3573
24069
12882
1647
5634
12333
20991
5277
3459
7770
8559
15126
18888
17715
11367
11616
5799
27921
22854
22182
23631
2529
19758
20259
8748
5937
20076
22401
23646
11820
10284
27222
24945
23169
17925
19635
5502
8916
24915
28017
5742
22530
2202
24630
10245
13569
25305
5100
546
18159
27282
24180
20688
6096
14439
29436
12033
23571
10893
5682
24447
21177
21960
8448
3402
9885
28083
27963
7860
22998
15036
2658
15531
17238
16347
14832
19863
11652
19935
9468
29811
6273
3648
9555
12372
7143
28047
13461
19770
8940
19143
3273
19173
159
11721
22578
29103
9804
20541
26019
21861
24633
28677
7392
930
15024
11280
20793
15732
20271
261
4599
26547
22965
14154
27975
19164
12201
11436
8934
10197
19638
12207
29373
8853
12984
11007
27012
22791
20604
23031
14652
15237
10767
11100
16167
14847
22380
26019
582
12654
15336
5181
28257
27360
19338
15288
16524
20595
15780
14517
19851
5418
15780
19224
3330
28767
19287
342
10614
9891
23376
14322
14184
4143
25422
354
18990
6858
15429
8628
8568
765
13812
25881
17181
22206
225
3708
1857
16008
7281
21708
10482
23061
10932
13812
21828
219
14157
21498
29166
26589
5820
13353
19788
20298
2763
27834
16215
18192
6465
24783
8013
9333
9723
25197
1539
9948
17961
3396
15012
25242
14163
25497
18303
25095
28365
29190
14373
1578
20688
2595
28167
26511
15948
7011
16809
7767
4848
3024
15015
369
16866
23031
28758
15645
7284
19353
14649
25245
22749
29664
20487
25968
14217
27846
21066
12582
27036
24495
14163
17727
16146
1386
14238
21153
8400
20103
28920
2304
12186
13938
21729
18108
26025
20487
22809
3309
9840
7458
28554
21645
26178
8097
17616
10395
5943
27738
22980
2982
11289
7143
9765
27435
8529
13059
18588
5985
3162
6567
8289
4404
20505
19074
11568
16530
9561
4377
8895
19401
11838
7449
11049
8016
4602
17721
18414
10545
15459
450
13527
26748
26649
23292
24183
24234
25407
1830
222
28572
8397
27567
22032
28902
16644
3603
4488
26205
7980
13383
4665
8874
9888
4770
16893
14490
22491
24363
14091
7950
13869
16677
23754
10518
29025
6993
4752
24435
8823
24030
23007
17220
21600
4095
5178
27300
7698
28722
23505
15681
1161
17226
13611
11049
21996
504
14595
14487
13923
28689
11493
27792
15366
5247
8310
3447
12243
2121
27882
21066
26151
9945
27345
17751
14043
21579
15051
21741
20304
27615
26478
21465
14841
10092
21573
25896
29652
6168
10383
2634
23913
10935
426
28335
16182
27795
1785
17481
29916
29667
27606
26067
9615
24951
2877
23658
16530
6984
4455
25890
23655
19992
17358
27555
19140
8931
23451
18792
4155
22890
21426
17127
3825
10911
15462
9066
8706
6303
26547
27678
5973
24153
12801
4644
8160
15678
17358
13749
11721
21813
9639
5376
861
16053
21987
20001
14040
15438
8796
18198
8331
19278
24381
1212
189
9843
10278
27951
5205
25884
25629
234
9093
8433
4878
6312
13167
22236
20061
24888
3105
18756
19323
23025
4812
11310
13026
18852
26751
21822
26106
24138
159
20487
25350
348
19389
24687
17358
24594
20571
12987
24828
29664
21420
18762
5976
4590
54
15093
18534
22215
3852
7857
15240
27720
8226
28269
5628
4977
9147
20793
18171
9306
11280
2577
28713
19725
27264
16071
14319
17835
18114
28203
6558
28593
16965
1590
22239
17019
16686
10773
9237
9594
7689
24477
26370
15915
22746
1998
9948
20952
22791
28119
258
23130
19752
18027
12855
17019
23154
16233
23910
11271
14436
19524
9864
1404
21117
2103
7479
26859
1932
5772
6453
28677
252
21879
14592
12054
23877
13596
3006
5727
771
22323
28857
20526
29406
768
7545
22563
17001
20511
22890
20496
10038
2754
10956
1155
23913
18435
17070
14901
24210
23523
13581
13518
4458
17229
14628
28335
828
17637
23118
20655
29016
11031
11181
28422
858
7782
10041
17859
28296
2931
27411
27390
24741
8367
28545
7710
15861
15615
22614
29127
28194
25251
12645
2652
1536
27273
20043
21420
3966
2220
12078
22038
13251
12315
20463
3165
20100
504
21027
7452
22494
7494
4842
17235
15864
22443
24948
20781
27114
6618
19908
14364
20925
21609
6072
22461
7938
15171
13884
11907
17391
25962
23001
19701
27333
13464
22866
17433
3027
2949
13941
25521
10446
7839
1812
15366
282
26760
25203
16452
22434
15111
816
13359
25776
6888
5823
3714
22062
8763
4677
9453
23781
27681
18210
21114
201
11079
27606
22284
3084
11547
17805
13530
8445
8676
17952
8727
24492
13155
14238
16929
17322
15054
19344
13098
21945
14223
5871
3063
22986
29604
1572
5823
27285
19785
26940
16545
19920
24546
8829
23004
25149
15693
25593
3594
24369
2601
1380
7917
15759
15618
24846
3081
672
14193
5238
11673
17472
11109
3792
10461
29769
5367
16284
16113
14208
2280
2658
4128
26826
543
16188
11034
5292
837
14628
18717
3441
16008
26637
8256
20682
21483
393
21357
24732
5631
22086
12207
5796
25881
11724
5568
20304
17064
21681
4512
19347
13395
27696
5229
13938
2940
5319
19233
3780
19950
7950
26277
25014
4587
4533
15699
15129
23982
26112
28917
18672
7254
180
24468
22191
11904
19092
12495
18027
29829
17007
7374
2280
14703
1659
5277
6702
6981
13566
29538
15987
10572
25815
57
15162
19404
4812
19347
13386
19980
7320
2058
27237
7503
15585
19428
19407
23733
1926
26490
12621
7989
22920
14901
11751
24582
9234
18453
20619
22800
17991
6606
3375
13806
25719
7593
22266
534
26940
24708
20514
4260
26769
17751
11763
1410
26238
20229
14199
17220
5775
26820
25209
28698
780
6960
12336
10014
14469
2955
2817
2460
28617
25248
5322
24336
2841
27588
24870
29781
11355
4443
23097
27180
11250
23919
28590
7488
3204
1845
24708
8979
28668
8976
26733
18504
4992
9069
17574
19464
12024
9447
21924
29697
4695
16305
13092
7536
2949
7962
26373
14304
1461
8529
11484
12714
2448
29130
20202
24708
978
3969
22743
18702
12945
19479
7206
17937
28548
24780
7401
29631
23286
18384
29328
27981
4689
12420
5520
26694
9441
1893
11001
10902
10422
22485
12672
1926
10674
2877
15690
11652
25902
8436
354
8847
16971
26616
15840
15519
10452
12300
4206
3738
19740
22593
1722
13485
24069
26298
10179
22566
28191
21180
3471
27672
2724
16143
18654
13398
8076
4347
14106
3978
1839
3516
1881
18810
132
6780
23385
10584
19080
16650
3381
8820
9243
24159
11361
3312
20457
21540
25881
7704
1779
18408
24432
23559
23607
13089
26013
20742
6492
10119
13776
27387
13635
15660
5253
2823
22440
17694
2463
576
4344
5844
28452
13587
3
9813
5958
9516
20409
20895
17223
22188
28359
11655
15747
11022
13800
816
1764
20292
10935
15543
17679
13626
20259
11988
16449
1755
29685
7971
2331
4029
13815
783
6675
2877
29652
1689
12393
20061
22584
18672
1308
9999
330
6111
21021
14130
6930
22788
23481
6921
27387
216
9606
6702
12207
15111
8457
11892
23082
29844
15921
25956
19683
22596
28833
19335
24285
282
28452
5925
18957
29760
15924
19287
5874
26004
22473
1860
18792
15954
8781
5235
16173
18387
11937
17436
3501
9450
29328
26583
9294
15249
11595
28977
26904
10428
18312
10245
29769
5820
5229
18726
5583
10209
27069
11457
6213
8598
13317
14061
24555
11154
19296
29784
29544
20289
17220
22101
29739
5604
7740
28089
9909
19338
27066
6813
18822
4434
6117
18591
10257
11346
7317
4896
10611
23442
16353
16827
2043
18726
888
15654
18936
9243
4494
7536
29532
10770
29637
18330
16374
26436
5475
15339
4830
2544
22155
23652
26034
17328
12246
25347
17730
8619
243
28341
21120
5652
15168
12219
13434
16059
27873
2373
14358
21423
9909
2946
2193
28605
10332
7623
25041
15810
22962
29871
7410
4173
12579
3444
10557
24825
28794
28287
22503
29037
26631
2679
23748
855
14898
7182
5970
12771
9555
20328
23250
19467
23277
14499
7128
3609
11178
2169
19419
23196
21096
26829
27372
3675
19332
7929
17559
7182
25275
29118
25275
10962
1797
19023
11817
16695
26208
17790
18522
5763
27174
11772
14286
9507
15327
21414
13119
26505
12639
21594
19701
3735
7482
6129
26469
15870
14061
3084
23052
28392
2202
18327
9354
23055
7353
21171
28806
3561
28017
17328
28380
25194
18156
12669
23757
3483
4083
6876
19044
16725
17529
8745
9516
14067
14877
25041
29937
17994
28125
12045
16386
19383
372
14796
12438
26781
5967
11244
19398
23043
17628
17781
7293
24840
450
1050
17379
23589
26985
6423
29370
3570
4227
27945
17637
19104
22986
6630
26154
10170
18675
12540
29553
8103
27336
11994
23943
22359
12294
13341
4458
18981
1122
11751
13821
20628
1860
1203
3276
28845
26682
2646
2415
909
19647
9108
9069
12636
4794
5223
22806
12525
6819
11415
9684
23211
23409
3627
15573
24762
16971
20031
13743
7149
20841
16620
27780
22701
6879
1056
10602
22620
22758
2073
23529
12408
11181
2601
14100
15975
26880
25962
17556
3702
7377
27240
26913
19845
870
1542
3663
6897
10632
6462
14046
1473
23082
11826
13230
19020
1938
23832
11640
13755
25905
24225
15219
26142
26826
29319
1173
12765
25281
18729
16467
21714
15969
13380
11559
5895
3981
4278
12792
14613
10740
26841
16086
3825
27723
29316
11901
18720
12204
23541
2475
8109
17766
17694
23307
3651
6069
24480
16416
20406
2265
21939
12120
18234
24375
12738
13188
28356
17016
25980
12969
27759
22821
18111
20640
9603
6483
2541
28323
18687
15138
798
15852
21960
7548
9159
14667
13617
22695
20139
4023
24960
12078
16143
2253
25512
17937
15441
23868
4956
11421
25896
21771
23301
14007
1467
2904
20493
4008
1227
9180
8202
21081
14091
162
28629
23250
14832
12246
5004
4971
16269
29964
6108
21468
21273
1620
9408
6714
25488
3420
7194
21384
25191
495
24450
15714
3399
14943
8778
23682
13179
16980
14763
27270
6198
13392
9579
21030
14694
14583
15060
963
3603
10224
11487
24879
11844
20895
1593
26388
13371
8787
6831
27618
28338
1281
13332
20793
5280
22110
14475
18459
9090
18294
15732
4347
20742
14367
14433
5436
28950
29493
25455
21609
9717
6945
16488
10617
16896
7140
7008
19326
4983
13839
16944
3324
4176
279
13173
9456
11445
27651
27915
9594
5001
2703
13941
14802
17070
28374
20238
5076
16926
4752
26688
15699
753
2232
26319
6705
9372
3327
26031
14358
6222
12978
6738
10398
2313
8967
19854
13758
25674
17769
12408
678
9531
26349
15480
26601
13782
24774
20736
708
29526
17424
16407
19335
19656
12726
26043
18087
5109
22074
21501
11331
24108
17295
10785
26421
26262
639
29238
21939
7467
11646
22617
16998
27054
27153
2655
10836
21927
12447
600
10512
29871
17007
29847
8586
18792
25890
26673
12957
7023
7230
13347
1131
24525
24132
16611
20787
13830
4905
12726
21297
5607
24399
27351
2661
21552
19062
2553
2538
1512
3153
13050
20439
9219
1953
29025
28011
16902
14754
10968
23925
21984
24315
14112
16509
7506
723
26355
21336
5628
9081
12633
294
22539
29040
2955
14091
7158
24567
5685
8670
27720
18735
18168
6939
20691
6249
24006
7593
21006
4977
20574
2046
18348
4686
7614
25854
5412
3969
17190
96
2106
18879
19446
24645
6975
22404
27795
3192
16971
3480
918
3747
22218
19086
29745
1965
25338
23751
28614
5400
28728
19188
7446
6135
12930
15060
21045
7398
19029
27294
26553
21138
5229
15999
15783
1263
8403
2634
4455
14430
6117
5373
7236
17391
24462
6981
19356
19800
732
7026
25200
18519
15270
21702
13710
28200
6765
4755
5601
14850
2049
2154
5988
26337
18153
10830
27600
15615
13464
2055
19101
8637
7428
26337
26028
20946
22374
15384
29802
23109
11466
14058
684
26736
5763
14394
24939
12528
8205
540
16434
29313
2694
22425
25650
9903
22311
23250
25518
24831
14361
3678
3471
10845
15
29499
1794
11448
3942
1596
4557
15408
15657
24297
12147
10476
27747
7086
12060
5952
26682
28494
5265
18432
9975
19971
28335
2286
13221
12912
16176
16638
16590
19647
27486
5661
8202
29280
17109
12144
19932
10722
16611
24645
5019
17814
5121
2766
13956
17181
27777
10638
15678
3042
18126
25653
12072
16461
16998
14349
18429
3174
990
5019
11877
28476
29739
20079
16812
16848
21282
6744
27573
7893
20448
21648
25707
25569
13473
28719
1809
11250
9357
6543
3348
16539
21252
15420
3000
8250
29772
10488
480
762
4563
12357
18294
4302
21495
5106
21153
12777
906
7782
9726
21354
29430
24489
5982
1959
23208
7791
13209
21621
14334
16560
8160
5586
21036
216
2895
20808
10704
3375
10626
4326
4791
28920
8628
26286
23082
18837
28119
23991
15675
26901
4401
4164
21390
10383
6123
3654
7230
19335
25275
10620
24951
22491
16209
15987
22707
8160
6798
22470
591
17424
26796
24438
5403
24480
9780
28485
13320
7899
11532
18051
4800
15936
22215
15246
15375
28341
18900
22608
6732
3231
3228
1683
25722
8493
17670
18432
5709
13524
29958
6303
20007
26754
19797
25410
21234
29580
23895
23610
26535
5430
11664
1338
21366
22935
5640
25797
21276
24543
7461
17064
16830
29748
18747
12555
8241
25476
20043
3009
28056
20001
28368
18063
5811
18165
13473
27045
17745
7371
9714
14283
12801
10434
4677
23223
3369
10317
8076
13704
23916
15540
768
29805
15288
8574
12360
12585
23106
2403
15594
21162
11460
13962
9228
17271
21186
22701
14316
8931
19128
13086
12270
20985
23520
6003
3264
15948
5379
11343
29652
29295
26883
19476
29100
12171
17106
516
13812
10212
21975
29409
1377
3435
2427
29661
20706
23613
22362
24081
21603
549
26223
22929
21534
19746
28935
24801
24750
4314
6144
24402
22665
22083
2934
10824
23310
20043
11340
7122
19311
3318
25587
20688
25809
28017
9405
5574
10686
1770
29655
21345
21375
25878
14277
12909
4680
13212
26766
29430
17526
2910
12888
10191
14049
4881
21015
7359
24924
21414
14484
14235
13788
29127
23982
9597
27144
3387
15171
26889
24213
3882
18234
15588
18819
21567
17556
23499
4779
14322
11988
11361
6291
13932
10611
20340
18813
20682
27702
13737
12096
1242
17031
25884
369
69
24540
16572
22512
28767
13461
16728
2652
20751
21372
21471
12321
8928
4026
6156
12309
5070
17520
18600
19005
28131
8940
7818
18813
25698
10614
19968
26940
16701
4908
16368
16770
18504
2940
9282
17274
5457
15066
8982
15264
6441
19509
27585
4425
12591
22800
16734
17664
29376
24390
6669
27507
22389
3543
5376
18087
14157
14400
15030
858
8367
1398
6684
26871
23394
15969
14145
28851
20091
12183
14115
15588
1692
759
20016
14286
12615
25806
1950
11991
9255
27675
28554
1644
1218
22986
19731
4434
7389
23817
24348
15756
14271
1035
1683
7665
6060
15831
25572
26151
17070
28746
11742
18765
18561
20814
3051
1176
5676
24057
2223
14931
10788
777
16575
12006
12819
25365
5496
20208
19182
29847
25020
22512
882
26706
177
6942
1593
14808
22149
18663
2610
3891
26484
21171
13761
18591
11403
19440
1704
2682
4371
12492
3459
10005
13557
16278
5370
19053
25545
13608
7956
9621
6120
8838
25383
25356
4836
16032
10164
26988
23754
1830
19935
20238
12057
3699
27888
23460
12195
29592
15198
16566
12087
18657
15627
25644
23991
10053
3753
8592
23664
11712
18216
29784
9606
2655
14196
14445
18690
13416
489
12444
15246
9480
21738
27303
2235
19626
9819
14430
19221
25017
20055
1308
2730
5682
16008
15780
15738
8817
24372
28458
20529
1644
17298
19194
4302
1497
3639
12048
14913
23184
24492
19218
2664
16230
16521
4902
24915
15399
19332
14136
10416
28443
4500
2205
4128
9564
17985
8922
18381
1413
7380
27969
3060
24678
6219
26418
26175
9858
8466
147
22098
22014
19365
13818
27300
24942
7776
22215
10341
16167
25407
9816
14610
18963
12021
18738
28527
19062
27660
5967
20475
24096
22992
12591
18777
29211
28065
14952
28125
25587
15099
9279
17601
23520
23097
3960
18465
876
26175
28806
6099
10641
27678
20709
29604
9699
28506
17190
17817
15222
23157
27351
9321
5205
9942
28098
4416
27066
2106
21597
22653
6264
876
29313
29784
23973
3273
7305
13905
18504
6114
20004
29145
3792
10716
17808
2550
28278
4998
9423
13500
17211
6774
22821
22416
5775
9975
26832
2841
12084
18429
14550
18348
19305
13863
7188
2334
17136
14496
16242
5643
9666
25302
23844
2514
25074
11652
24120
23352
5706
3546
6855
22917
29376
18732
15333
5151
28710
1221
27048
10794
8706
11601
18198
17067
14520
14442
19404
1659
28938
24702
26358
27660
20004
9258
177
15081
9969
13353
27489
15675
16899
4344
8595
16278
23079
23928
10485
21789
25152
26592
21639
22914
8193
9837
9984
22713
13335
29388
13428
1332
24090
28842
28992
3150
27159
18225
7287
7128
1581
4779
11859
7536
28179
20454
12870
21258
3441
23358
2103
17649
19950
23742
10563
17199
22635
20547
28968
25029
19935
1455
26361
3081
19353
25353
25290
16512
2637
21633
12696
23274
26412
24558
810
13650
15012
13683
4908
7509
26097
26070
25158
5103
8868
5724
11358
20562
15327
29382
15591
24321
837
11952
16458
9249
26361
11748
14817
18054
3384
27516
11328
18852
22074
12141
2502
26142
14880
26469
22710
33
11595
17868
24192
20463
12648
24606
81
27978
23988
4728
11355
13884
5736
27813
23133
2100
28620
27006
9210
21060
24522
20541
9912
5652
21738
1473
20853
6618
16998
13563
25707
28593
20487
19899
8112
3138
14505
8196
20172
27549
12924
1527
11433
18663
18396
23622
9819
17016
20631
19029
8076
4209
28626
17991
9864
20364
8520
19773
26982
25518
3336
11745
13167
23823
1644
21279
16017
5205
18531
25245
2757
1458
15828
3246
9177
4227
26871
8052
21243
6558
27081
18378
10767
14766
25425
20631
5130
3945
10404
21171
18519
2796
2916
1686
15678
23619
12021
20751
28824
555
15999
20637
21069
20883
12942
246
25110
9813
8298
5412
5427
24435
23790
16194
9201
19215
25884
14334
12216
25344
24561
735
28143
27477
21477
2877
10152
3498
23628
28035
4053
9627
18672
25122
513
1614
25368
14679
483
22722
9147
5910
6216
2937
11163
4473
11208
7047
7863
23424
2391
2424
13215
19590
29904
4692
22467
10056
8193
16098
8091
12246
14781
15822
26427
4350
6492
10851
8088
26034
3576
17235
21000
28848
20175
2163
3321
20439
28266
11187
2922
660
13611
16137
9306
2571
9888
1776
1686
18081
17874
9777
19383
21711
14655
15810
26064
10206
15720
4152
6240
19296
21387
27240
7200
618
18462
10521
10116
16728
21708
13038
6444
5322
18231
15753
7893
28119
6585
9579
16200
13515
8415
24642
5226
12126
29508
20346
22332
15228
13554
28572
23580
24000
14871
780
24618
3333
11304
23790
9117
22068
6828
15564
27390
25062
20373
24342
23181
16014
22977
28440
29529
20448
12138
4755
2577
11646
14160
24909
15933
27714
12540
9513
21714
16467
29352
5391
19800
29712
29181
17973
21780
6012
22593
19173
20130
2022
2571
2367
18036
25548
807
17565
5055
12945
11379
7632
13650
25539
21597
29583
12309
23193
9096
4026
9660
27504
28473
18516
27216
27654
25548
18999
22722
18141
27228
1908
20166
29799
4278
8202
14403
5085
14826
19458
7089
15261
16146
20739
10800
26802
20322
12165
9051
18474
5247
18714
15981
3720
26286
2253
1377
21834
21252
13155
29034
18480
15066
19200
7335
19344
16458
21741
13485
20340
255
20574
5601
5460
369
5457
21318
20691
17625
369
28224
22872
8139
3261
26595
4428
5514
17028
15318
26769
19239
14352
4305
4305
22608
11643
12705
28125
22440
26193
18465
11751
5823
24069
17211
6195
18582
27585
26886
6207
27957
14166
18138
6096
17427
3789
29580
22944
20817
14901
8769
10056
18309
13074
3420
10920
24717
16125
28101
17157
12318
16566
28911
18144
29691
5178
13395
7332
2766
10281
13539
19779
13506
20733
25875
933
24522
14514
12933
15339
18471
21702
14454
25836
4779
6930
25812
18552
23055
23913
24768
24432
29538
23679
1632
29229
17913
15027
25617
9735
14364
9159
29514
27870
29892
14448
17862
13473
28962
795
28812
6489
22500
2322
2325
16335
9252
28140
4887
21366
22053
29655
15798
21591
12390
6486
9879
19362
21513
5496
29097
24933
3711
28614
22806
22662
2118
29724
6135
20136
519
24003
26625
12075
15384
18006
28410
13692
16146
3300
5058
27258
22011
9912
7905
4404
16398
6840
23766
26967
1395
11919
21903
24162
29589
3765
16824
1707
3489
12015
21843
23064
25077
7524
5142
29517
14589
3552
13209
735
25908
18270
17049
17922
17238
14013
11382
3639
20853
24204
19662
11304
25179
11565
5469
24771
4386
11349
15534
26931
12423
26436
19998
7500
3960
25140
7017
18549
17748
9282
8343
2715
27552
14448
20637
14793
28461
21075
7488
8373
4335
27150
19677
29514
27774
25146
24285
21216
6498
9822
18150
18921
6258
27204
15477
29274
11400
11550
6882
29148
20832
4281
20919
7443
18729
11556
11292
17193
21687
7836
25566
26022
4986
15243
25539
21816
29448
19824
13035
25002
18702
20241
2979
14016
17445
18456
13293
28845
19062
9231
17049
9894
13512
7971
6393
2241
8583
17685
8490
273
14577
23112
15351
19566
27414
10890
438
26862
19773
2529
10920
27531
22770
13899
11550
10215
21411
13899
28116
10473
23130
4224
9423
25698
1251
4875
16995
28890
11616
25488
18219
26196
18600
3573
4818
5070
3519
5256
20988
23292
7788
1908
9882
558
15807
21432
29832
7218
24387
17004
6747
17517
10284
5229
13215
11535
10104
210
29484
10776
14754
17703
6972
22413
21276
11790
27483
13854
17049
18474
26202
13893
20382
6084
14451
25248
27516
3339
21522
10959
9402
17328
28476
19686
11613
747
20280
10773
20016
19764
21549
23826
7467
28524
16239
17802
10314
2781
20712
16419
10311
16914
312
19749
23001
3822
4053
9573
26217
25578
20535
5619
1962
8067
25308
13575
27873
15588
24348
17889
24408
15897
771
20931
14421
6069
8733
13794
8850
29445
213
8217
5418
19584
27966
28419
12462
21078
27048
8679
16656
17583
14301
18618
14709
9609
2193
12582
14253
26541
19527
27717
1494
20298
18648
15918
26367
16440
18768
24273
4941
8037
21546
10359
27621
8571
27834
10083
29649
24885
18765
5361
1524
22122
23979
16233
20787
15228
28815
5040
825
7398
21813
2319
27699
10461
7293
13122
15957
26061
26454
20901
4101
7056
20316
1722
15627
18153
864
15276
2094
8685
20637
3618
807
3672
19854
21594
7956
7725
15690
8781
15126
7503
11103
1881
7020
7452
4059
22980
3516
19569
2937
7617
26628
23253
28395
12255
462
18315
16590
2556
27000
26283
6177
27807
19014
15087
19401
26970
11868
24147
5754
16050
1650
5913
17931
8673
13365
11049
20709
5937
618
23646
2610
27246
16899
20064
28560
17364
8379
4206
8976
24438
489
15153
11301
19503
19296
705
5532
1167
13908
11286
17217
15561
6255
24207
13290
8676
5256
3999
14616
24930
27645
6282
11235
3600
26346
28851
10020
23784
3057
18999
18222
22602
23208
29523
1164
12507
19284
6696
2730
3195
7038
9003
7812
13293
3210
21102
11025
27522
14157
25641
22455
11802
20982
22746
4458
17328
21597
14481
11112
24654
22536
18390
6312
4800
17916
7476
17307
26256
3228
9093
29451
10266
18099
7263
12615
10365
17421
23643
7890
1578
8340
19401
2436
29322
12147
6897
16653
22800
10434
16821
17454
22026
5214
12822
26826
12186
20301
3192
8442
23529
12285
26952
3798
19440
23271
5469
29808
10695
29112
26754
1329
7455
16155
3768
25833
17358
29721
1542
10158
29211
18366
16668
21237
12636
29490
18063
24822
8847
10311
22320
2379
11655
19272
25233
1095
12546
19758
19959
12297
18873
16713
13626
15384
21924
17394
11217
28338
6171
12762
27552
5382
20184
3276
26619
2820
2769
3741
16698
672
3108
9018
3051
14763
28293
17340
4917
29895
7101
24876
12192
15030
648
25818
19470
11628
2271
687
29025
27498
2505
26577
2883
11745
29856
18558
14565
21681
11355
20319
22353
14466
29340
14463
29229
16689
20859
23202
16584
17016
7137
28776
21102
7785
13650
10572
8469
4977
318
7494
2478
2823
23130
5361
14571
12042
12975
18192
3723
24333
8514
15132
8799
7854
29595
27084
13599
9513
20289
183
26529
16482
18015
17634
24267
20721
28206
21792
25701
17580
18345
17235
20406
531
11652
24033
12573
24627
12225
5352
8016
9795
20484
16815
6705
9138
2958
20304
18651
12303
20487
4236
28785
27558
10926
12108
18282
28191
22956
3039
15771
11301
20274
6177
11832
1926
19266
24405
15609
1494
18813
23628
345
9300
29499
7053
18438
2457
27357
26145
3816
6903
19437
2601
4461
366
3765
11799
28557
26724
14838
14328
8025
5112
9564
8916
26094
28830
22377
762
19380
11193
24390
19728
20493
23889
26781
27987
15405
13194
13188
19221
20097
2625
10881
24561
2991
14646
6360
20604
11370
21201
23991
8454
15369
3555
17370
522
21441
9747
1284
29880
9996
14730
8664
19545
27675
5445
6588
13080
7695
19776
21360
27795
11460
2241
22356
14451
5943
17772
24114
6372
28029
18105
14826
2457
21660
21252
2979
2157
20055
23319
2037
54
8049
10701
19599
5724
5202
26190
7863
12900
15966
29223
10695
16482
20520
22107
19992
15519
9879
14106
21891
26967
2211
25773
29424
12927
17025
2403
4140
7083
14778
6180
7137
22827
5937
15792
17607
11142
11982
25470
13098
17007
13749
12849
3489
23325
4956
23481
8847
3891
26643
19794
858
28854
15570
282
837
2595
21741
4980
28734
6519
11160
5871
29346
6153
21666
6012
17295
22704
1482
19449
9711
4290
2298
2259
27615
26310
14796
25518
204
11442
15315
20118
29352
885
20403
192
22536
1200
5172
21273
7722
5388
16200
26124
11541
26922
2136
17895
19629
22677
7344
18396
16023
28701
9711
2694
25011
24510
28215
14271
5952
13530
4392
5304
3471
13851
24552
26007
15051
29724
6336
11829
24168
22539
7956
24768
19461
29148
12663
9090
10881
9063
16545
15960
7764
26256
18657
21834
20766
16872
6105
15774
19458
10497
21081
22929
24348
15633
7992
28458
4416
14331
10287
28584
6870
7299
12408
26331
25506
25071
24480
25443
23193
11025
11406
20013
7281
63
11847
28050
5991
17955
2880
25449
17508
23961
18378
915
28653
26370
29373
22125
29757
9660
9765
6627
6018
22176
22017
1524
6303
16497
26967
29496
27522
8373
8568
23859
27492
20415
10965
3483
27426
13848
28932
3993
26865
6366
4908
25518
21795
4281
6699
21552
2997
16467
17238
28071
8643
9255
29595
14946
25752
15621
3501
12330
23994
12069
25245
10545
21540
6213
14028
8025
9117
2019
12018
5982
8385
16926
20559
19236
10263
27258
29847
2316
2781
17085
390
11424
26340
19041
15429
11148
4662
18930
12534
17715
20055
7779
28260
11595
3048
1344
8676
1221
3363
20694
26262
807
26676
16821
20043
25995
3135
19890
28314
5919
6975
17760
17343
22371
25857
21828
3519
522
29814
5109
7293
19869
1947
24609
20523
24051
25953
29199
25275
29319
19896
21537
126
5628
27414
20169
1626
549
29118
18996
25524
6093
25812
1926
17523
21669
23754
21042
11247
23571
15210
7596
13440
17157
2205
23019
264
28161
22221
14595
27480
1173
6132
16662
6801
22602
6831
27483
23154
25005
5535
18678
1101
1347
9660
18624
12075
3417
28722
23322
26988
2988
19977
29484
9201
22182
11562
9468
20343
3783
24063
6879
24012
19254
23541
19869
11856
19431
17355
24066
14436
22890
1803
15537
13296
11463
23217
25371
14880
10998
7749
924
13986
27726
19467
23190
19911
1029
2658
29310
23868
15777
6192
6936
5031
29733
26805
16890
19164
3216
12
3603
15165
1815
8196
28461
13281
20472
23832
17217
1470
20637
18144
15456
7422
26667
8646
27333
16752
360
15699
10620
16140
21891
17556
10227
10683
3417
16173
29847
6636
16188
22506
21801
18003
705
20262
20340
10233
3150
7560
11703
12843
14760
27159
20265
11427
24864
6654
28179
14280
22356
27855
19476
14247
4467
18762
13986
7884
4935
13836
14520
21123
25398
6321
28185
15159
15639
18525
25392
7845
15141
7095
20691
18957
23313
10956
384
7233
17613
17619
21513
9969
4530
48
13272
8997
18810
27261
5940
23745
153
20460
3927
25551
15840
21168
29769
20535
28749
25161
28383
13893
2259
19074
2850
14628
30
22293
21861
6699
28968
2430
5724
22557
2478
18999
20610
10344
5316
26550
23148
5469
6069
27075
20076
10965
18243
19845
1500
16992
4065
18939
19941
25380
27069
11850
10008
16158
23199
20925
22857
22167
23355
28584
14724
14892
6639
24393
14292
11955
20943
7440
6480
27012
4515
15612
27033
11814
5460
28536
17865
28581
6531
7806
23961
3603
19656
3969
19761
12855
24894
12618
24081
7305
258
27861
11253
6897
22254
25548
7908
2256
2988
14388
18324
26562
3
15360
8376
24519
2952
15297
23100
9483
23106
6117
13086
1818
10086
2847
3732
24036
4524
16869
1341
4782
3786
12597
11682
15099
27201
19590
17355
189
23037
5679
15807
12096
21039
13242
25671
23991
28539
7827
22533
10701
13944
5619
12522
24030
27525
5310
7122
2049
11235
8463
25887
15021
10116
26625
120
7317
16218
6531
26565
28311
12213
12372
10407
22308
25614
25134
5358
13212
2961
27891
23913
16905
22566
25491
29991
20091
801
7113
11196
1092
4632
7086
5172
3807
22767
5292
11124
8985
11826
26745
26352
13095
28176
25815
5403
12846
20949
10761
26058
23910
27708
19974
29871
20277
15465
29862
29424
5325
26031
29679
6417
666
6765
645
4473
18588
5940
4653
27576
6822
20457
12984
19917
18633
8802
14376
20535
29751
25140
16596
12720
11904
6570
12591
2181
11091
1512
1608
16416
16599
1287
11892
6321
27108
12537
10794
15696
7533
4506
2328
3411
14019
15315
23328
21708
13173
26763
12243
12924
10959
28839
25644
22863
24465
8238
25047
24615
28806
15711
87
15405
6054
11979
21729
22218
13575
21579
26970
10164
15141
29301
13578
29160
3672
25962
20868
16845
11781
22170
18825
22740
10065
14472
15606
4533
11766
10653
29148
29628
15420
29235
15033
21474
273
25818
2748
2904
17400
29718
2124
21597
18075
4758
20760
21747
19779
684
27648
1560
11910
5532
24303
21978
20004
9909
15567
20826
9618
3771
9510
14094
22062
24543
24624
22335
9420
27372
14295
26820
27090
5478
18417
15168
10236
28233
25971
15
17976
12678
20634
29886
18210
14937
10920
27270
13902
26487
18096
23520
258
27606
7614
22323
11205
21294
3714
20625
18666
7068
6501
15756
12546
13977
19980
11838
12210
5010
11856
19242
17688
2490
8187
5898
6483
19107
3168
20385
15597
10320
2961
4911
26982
29631
27234
8187
20925
20007
17871
9591
27075
24372
14403
9621
8349
4386
10515
9618
9396
11427
17916
16140
2973
26103
22038
9456
15213
14262
29841
19866
24582
2802
24777
21564
2433
22014
18807
12414
1077
6678
22005
28152
20109
6411
26829
28458
29853
7344
27132
28305
18774
15051
14445
21747
11154
6483
20262
15423
20745
9159
5289
4383
11964
69
25947
3453
11139
14754
15870
12216
10491
26931
29424
600
3342
26253
18114
22251
22653
15249
20556
483
19356
5001
22233
510
540
1551
4992
10341
10710
10281
14724
11730
29406
29727
15186
29601
3540
20112
11817
14031
6099
297
3687
28500
26550
21801
20751
8262
26106
366
8745
15462
24423
20034
5031
24966
21585
10023
24363
2298
9360
28146
14028
8769
16929
18270
8370
20469
27438
9246
23556
3540
9543
27243
2040
25152
8103
22791
3414
4209
12213
12159
8730
6639
2196
13761
20661
23781
23784
4080
26079
3144
2226
29166
969
19158
17436
9342
28683
14877
7644
22242
18417
17187
8541
9513
12339
16644
21360
15753
9912
3576
16971
18642
10215
19167
2403
876
2004
15243
4956
17142
7443
26241
16308
8415
4455
22800
6813
3138
7677
14457
25380
15150
1644
22980
24663
3042
9624
16026
7851
19536
8658
24822
27234
18873
3045
29637
8805
24108
3936
2817
11250
11382
18114
16614
19797
22569
9414
15666
25710
6150
123
10146
10356
20823
3126
24078
12921
12753
29160
20775
21345
7818
15597
18582
26691
7701
7275
24552
1809
11214
16425
13059
22596
4542
18729
1449
27111
17199
17115
22821
12405
6294
2970
22764
16173
6096
16842
29097
7905
5058
19872
18309
12876
24525
6891
28623
2226
3222
23175
23091
14436
9600
25206
7032
14142
13935
27537
312
20193
3708
23133
2598
10002
15159
25362
26178
10314
1260
14331
7275
6318
4203
25584
8250
17784
21531
6873
9069
24756
19104
2160
9192
28707
27369
5283
1905
360
2820
21273
20553
6531
3465
23154
5589
18624
7572
20823
17994
27891
5154
25272
23265
28413
20856
1518
16200
12390
27447
25269
7146
16554
16485
5394
4317
2910
10677
25278
3273
2556
16554
12882
28143
20019
25092
3732
27699
2667
24558
15696
19614
18768
24
12879
17184
9936
3453
22440
22326
903
6765
18528
17457
23250
12981
10830
26163
23658
6108
18492
26214
22662
20430
24357
1737
15525
17148
18495
7248
762
4191
26862
19530
23271
28797
25770
3207
2253
18210
14592
3156
24975
22176
9669
7284
5157
20499
22503
28818
15663
51
14088
27384
20481
27504
29121
25062
14652
17616
2310
4470
10863
18228
24000
4134
6084
19773
26400
8337
27039
10992
549
11073
22224
29274
18357
27384
8829
10860
15258
24492
29967
29346
21876
20448
15906
21000
15513
19614
27672
6879
24084
27594
14166
18087
1728
20250
26916
17184
17643
13011
17232
18192
24084
9459
6522
1497
6843
15351
1413
22101
9843
1380
10503
1722
21831
15468
11778
26400
5082
28506
22335
29169
26100
25557
17256
16887
15807
3228
4071
22506
16239
21306
10698
29382
765
6276
879
26664
21627
2295
7821
1473
22731
7380
22251
14562
22848
4029
18
27933
2535
11412
27102
17694
6969
3414
4581
22779
25698
8652
4341
993
19014
15042
375
8835
10374
20313
5499
2004
11664
2376
3477
4395
9759
25728
8016
21663
18813
27090
19596
10404
8502
5754
28098
15474
28224
2679
27309
23922
390
1650
24918
19404
5748
14349
28242
16125
4662
22797
18129
16326
25176
10662
9780
23991
25446
17796
15654
3315
14886
24309
13719
23391
63
876
27921
28290
