1000
1149
2658
2331
2745
2379
1005
1158
1476
1947
1263
1086
81
2070
177
2289
2778
1620
1278
516
2208
633
1104
1701
1287
2346
1590
2586
369
201
405
2787
2406
66
174
207
501
1179
1368
33
126
687
1119
1263
2757
2352
1611
594
972
945
1110
1239
1578
273
2940
2868
2619
2586
510
2988
843
915
2775
252
981
1008
1515
2538
2187
939
2571
372
2685
1746
1635
2442
1101
1302
1092
129
2250
261
2424
828
534
2364
1752
1209
1953
2262
1197
2796
180
2028
1104
2217
36
678
1758
282
1617
2385
1710
1302
1134
1401
1803
291
2706
951
1476
1956
2268
903
840
858
1323
2595
2067
1332
1857
1320
2187
93
351
291
2313
1443
2025
2127
2781
1701
2568
1491
1059
1758
2895
918
2049
657
1872
1584
2613
2196
2487
1509
57
810
1104
2124
2145
1020
447
2388
2169
1854
735
2538
1353
2763
1665
1137
1464
2292
684
2523
1050
579
1500
102
2292
372
2742
2961
2568
2229
1473
681
1095
2577
2808
1296
1653
1311
684
825
1221
1422
363
2574
1185
87
711
705
2379
2454
1284
429
33
2784
1587
2328
1212
1329
2289
1839
1614
1818
2520
2712
2454
384
2064
1107
2751
2751
2988
972
2229
1410
549
1470
1497
2316
2175
1932
1770
1515
417
2862
2358
2007
246
1626
1392
591
1521
1065
2412
1044
1833
1866
2484
897
1029
2238
1704
1020
1266
933
2430
1815
2403
1983
2190
2634
915
960
2208
1332
1878
1566
1395
2124
1248
846
774
2772
1911
186
1872
1800
108
1356
2697
1137
1650
1404
213
2919
393
2643
2790
2799
2682
1980
489
597
2943
2697
2988
2877
2319
2439
2004
570
285
2778
1398
252
1020
270
2052
1128
1626
2808
321
1335
2268
537
1254
2661
1236
1044
516
1977
27
1008
630
1026
1761
618
903
2139
1116
963
765
2457
1797
2163
2712
2817
2433
2820
2001
2115
684
381
450
2952
1974
2760
672
1266
807
1188
243
1890
252
876
2916
2016
2550
1875
1155
666
897
1920
126
2694
2139
894
570
1572
1770
627
1743
2457
1008
2196
465
2982
12
1137
2307
819
2328
2550
765
2580
426
1737
2652
2979
615
1863
1701
1512
1839
2883
2262
978
777
2832
606
606
1518
2352
63
2526
2604
1584
567
2616
2724
2874
1494
108
2424
2259
744
909
999
399
1944
2670
2262
1701
2238
1104
1587
1500
138
2364
2391
747
2970
909
99
1089
1491
759
2676
2058
375
456
2988
2925
564
471
2187
1308
1380
1242
2763
1380
912
84
81
150
2244
1668
2706
2382
2091
2097
129
117
6
1284
1209
1500
2043
1941
1614
477
453
1605
402
1017
2076
645
381
1512
1887
147
2892
855
1287
1029
1005
531
2700
714
2913
2847
867
1101
2964
876
2385
2229
432
2487
1170
2046
1020
1623
1707
2478
696
783
126
1080
351
69
2283
243
927
570
1275
2988
1101
2031
702
2070
1878
1572
171
1842
504
615
1074
936
1158
300
1038
2178
2982
2748
1656
1734
1587
2838
870
1941
2910
153
240
1893
1779
2571
1881
936
2658
642
1065
1536
270
1236
1437
1830
2907
567
822
1065
1923
1860
1299
2961
2664
1014
1698
2310
852
2568
1251
1818
780
2547
711
615
177
651
1554
2835
2349
2619
1374
2619
1911
867
1449
1821
1434
2271
942
1413
2187
300
1377
1854
1314
75
1164
222
699
471
2043
1479
1074
810
2097
1251
2517
1707
1089
1866
2382
519
2541
1293
1386
2046
1170
876
2373
171
345
1563
471
1722
1473
2841
2853
693
63
1611
2220
162
90
294
975
243
1548
1548
6
693
417
2388
1212
1014
1740
654
63
2910
2586
2436
1137
2931
2055
1608
2712
528
1449
621
2277
2571
2232
1497
2733
381
2850
708
1680
2454
315
1689
147
732
2133
2415
2802
873
1125
2865
1842
1767
2304
2979
2754
2415
2646
2466
2946
2151
90
279
1722
378
1779
1458
759
1629
222
2442
2139
537
1131
2286
2325
264
2757
2130
2196
882
51
1038
705
411
2073
459
2829
1719
984
2775
873
2130
54
651
2508
2889
165
270
2574
390
2712
1713
1983
1899
2055
2367
219
1812
2553
2415
750
2604
1509
1455
18
585
1917
2847
360
2901
678
2289
2031
1788
2943
2595
1680
108
2865
2310
1554
633
1026
1596
588
1137
963
810
2952
516
1281
702
120
849
216
1194
2490
189
1041
2850
90
1719
2142
177
1566
141
2772
246
1305
696
612
2862
1329
2694
1458
1920
834
477
786
786
2049
123
2544
2169
972
816
366
462
1005
2463
1371
1095
2241
513
2328
807
654
2103
2109
1959
2799
2721
2877
2184
2418
2391
2160
252
924
1002
2094
2973
1128
2694
2145
156
513
567
1677
1518
30
48
672
327
1617
0
1134
327
159
243
342
1014
2967
1278
201
441
669
2361
693
1596
366
843
2625
2550
537
1770
762
1050
393
2439
2571
1482
543
243
1809
2160
1299
2946
543
1461
1245
888
2475
1212
2166
2676
1653
891
96
402
543
1518
1245
171
2124
1785
2997
2886
891
1449
2328
462
2931
927
1761
2796
1146
63
798
1689
2580
2046
633
2055
258
855
2790
2970
1749
942
1428
348
2460
2676
1575
1584
2517
1575
1470
408
1080
1854
1929
1011
2784
1746
1863
930
2865
2664
675
2445
1710
1311
2559
24
2166
2349
1050
1971
291
2481
378
807
213
1953
447
2730
1584
1917
1194
2664
1830
1179
1731
2670
2928
597
1656
2793
261
2331
297
1971
1698
2856
51
1923
2205
1104
894
552
585
2328
2415
798
1284
2862
1584
924
1779
834
591
1665
2016
2322
1335
0
975
2991
849
1236
381
1146
1263
