11000
10149
23658
5331
2745
2379
4005
4158
7476
25947
7263
7086
27081
11070
3177
26289
29778
10620
28278
15516
32208
9633
25104
4701
1287
26346
22590
14586
9369
27201
12405
20787
11406
3066
174
21207
12501
4179
25368
27033
30126
6687
1119
31263
17757
11352
31611
21594
21972
945
4110
28239
10578
3273
32940
11868
29619
29586
510
5988
30843
12915
26775
9252
15981
1008
4515
2538
5187
3939
29571
9372
17685
4746
7635
2442
16101
13302
31092
12129
14250
9261
14424
24828
12534
14364
10752
16209
10953
11262
22197
8796
24180
23028
25104
14217
24036
3678
16758
3282
7617
20385
19710
25302
25134
1401
1803
15291
14706
6951
1476
28956
23268
15903
27840
9858
4323
5595
26067
22332
16857
22320
5187
15093
12351
30291
29313
10443
8025
20127
20781
22701
14568
7491
22059
13758
8895
30918
29049
30657
4872
4584
26613
2196
20487
28509
12057
24810
1104
5124
14145
25020
27447
26388
14169
13854
30735
17538
31353
5763
4665
19137
28464
26292
684
17523
7050
9579
22500
3102
14292
27372
14742
14961
29568
2229
10473
15681
1095
11577
20808
22296
10653
22311
15684
24825
10221
13422
9363
8574
19185
21087
27711
21705
14379
2454
13284
21429
12033
2784
31587
26328
4212
13329
8289
7839
22614
25818
23520
23712
11454
18384
20064
22107
14751
2751
20988
24972
23229
4410
549
16470
25497
2316
5175
13932
4770
25515
9417
23862
2358
8007
24246
13626
28392
6591
28521
25065
32412
19044
22833
10866
11484
9897
7029
26238
19704
28020
25266
9933
32430
25815
26403
31983
2190
5634
12915
6960
5208
22332
4878
7566
4395
29124
28248
6846
9774
23772
31911
9186
16872
28800
27108
28356
5697
1137
28650
25404
3213
20919
9393
2643
20790
2799
8682
22980
15489
21597
29943
20697
17988
8877
2319
29439
5004
30570
3285
14778
28398
9252
31020
12270
5052
25128
7626
17808
321
10335
17268
3537
31254
26661
13236
19044
3516
28977
9027
19008
24630
13026
13761
9618
21903
23139
13116
963
27765
23457
22797
23163
32712
20817
2433
11820
20001
17115
3684
27381
27450
20952
4974
32760
21672
25266
18807
25188
21243
1890
18252
12876
14916
32016
29550
10875
22155
9666
18897
16920
126
8694
14139
6894
3570
16572
25770
30627
7743
29457
25008
2196
24465
29982
9012
13137
29307
27819
5328
17550
3765
23580
30426
25737
29652
26979
3615
25863
10701
22512
16839
17883
5262
30978
24777
8832
21606
24606
13518
29352
21063
5526
5604
19584
9567
14616
32724
5874
16494
12108
23424
20259
9744
27909
12999
6399
28944
23670
32262
13701
20238
16104
31587
25500
21138
23364
8391
9747
14970
21909
6099
10089
1491
18759
29676
11058
375
3456
23988
23925
15564
21471
11187
25308
16380
31242
5763
19380
21912
12084
81
9150
2244
31668
8706
23382
29091
17097
129
18117
6006
13284
28209
7500
32043
31941
25614
6477
9453
16605
30402
25017
5076
15645
24381
28512
13887
30147
14892
9855
16287
22029
19005
18531
20700
27714
8913
23847
18867
16101
8964
24876
29385
11229
6432
2487
10170
32046
16020
19623
22707
20478
18696
27783
3126
10080
30351
24069
14283
12243
927
30570
1275
26988
16101
29031
21702
32070
19878
7572
15171
28842
6504
18615
7074
12936
28158
24300
19038
11178
17982
8748
31656
10734
10587
8838
27870
7941
32910
9153
27240
7893
13779
2571
1881
3936
5658
30642
10065
25536
12270
25236
28437
25830
17907
9567
12822
13065
7923
31860
31299
32961
14664
4014
10698
32310
12852
5568
7251
19818
21780
8547
27711
9615
18177
3651
13554
23835
8349
23619
16374
20619
22911
18867
13449
7821
28434
26271
27942
10413
32187
300
10377
13854
4314
21075
13164
24222
699
27471
11043
22479
10074
12810
32097
28251
23517
19707
19089
31866
17382
9519
26541
7293
28386
14046
22170
30876
14373
24171
15345
13563
24471
25722
1473
2841
20853
21693
27063
28611
23220
12162
18090
294
24975
24243
28548
22548
18006
21693
21417
2388
31212
22014
16740
654
3063
5910
5586
17436
4137
20931
5055
28608
20712
6528
31449
15621
2277
32571
11232
25497
11733
3381
32850
3708
1680
2454
315
19689
24147
21732
29133
29415
17802
12873
4125
20865
25842
16767
5304
29979
11754
17415
32646
32466
23946
5151
15090
279
4722
378
25779
16458
3759
25629
27222
5442
2139
27537
25131
26286
23325
21264
29757
8130
8196
882
3051
1038
24705
15411
5073
3459
32829
4719
9984
23775
9873
32130
24054
21651
32508
23889
12165
3270
23574
6390
8712
25713
7983
7899
26055
5367
3219
22812
20553
11415
30750
23604
19509
22455
6018
24585
25917
5847
3360
2901
3678
20289
2031
1788
8943
8595
25680
21108
11865
23310
1554
27633
16026
16596
9588
16137
21963
12810
5952
9516
31281
3702
120
24849
216
13194
23490
189
19041
26850
3090
22719
14142
12177
31566
30141
20772
24246
25305
6696
21612
26862
1329
11694
10458
10920
27834
6477
30786
786
23049
3123
11544
23169
27972
18816
3366
18462
19005
29463
19371
22095
26241
513
8328
24807
30654
29103
23109
22959
2799
11721
23877
11184
23418
8391
29160
18252
21924
1002
26094
11973
4128
11694
2145
6156
30513
12567
31677
16518
9030
18048
12672
9327
25617
21000
1134
30327
24159
24243
27342
1014
2967
25278
12201
441
669
8361
18693
22596
9366
18843
8625
20550
30537
10770
762
28050
30393
32439
11571
13482
24543
24243
22809
17160
19299
23946
21543
10461
22245
15888
11475
25212
8166
23676
25653
15891
6096
18402
12543
22518
4245
21171
17124
1785
5997
17886
3891
10449
17328
15462
23931
15927
13761
20796
7146
63
18798
28689
17580
8046
18633
29055
258
855
26790
32970
16749
6942
25428
3348
29460
29676
31575
13584
5517
4575
31470
9408
22080
22854
31929
13011
5784
19746
7863
12930
26865
26664
15675
11445
1710
1311
14559
9024
2166
8349
16050
25971
15291
8481
3378
18807
12213
1953
6447
17730
13584
4917
1194
2664
1830
7179
22731
14670
26928
30597
1656
20793
24261
17331
6297
25971
25698
20856
9051
1923
29205
25104
27894
18552
585
5328
11415
12798
7284
17862
4584
27924
22779
12834
30591
31665
20016
20322
13335
21000
24975
14991
15849
16236
6381
22146
16263
32079
10002
25317
1002
13263
24477
2955
5871
25062
8283
17286
11916
22623
2148
23556
17550
31986
10446
22197
30651
30462
9519
18045
25518
8553
7092
8370
24789
13473
30516
15111
19611
14577
14484
20613
27840
5961
23568
7770
31023
5910
25056
16995
28533
27207
7551
13083
249
25053
9336
30900
22518
25914
23001
22092
1467
30096
30462
312
17625
2037
15423
4236
16614
29907
31908
18510
2868
29532
26280
7947
2442
25395
24942
30978
26658
6549
18117
26907
31605
27456
31863
28179
20370
21867
24327
28893
26019
21792
29205
10644
30885
11631
21939
14499
15594
20847
7065
18465
17379
7404
468
26880
32799
32469
24858
513
13074
17031
27420
18735
18543
26283
20970
12969
15150
12300
8862
15225
1092
12126
25872
31977
23757
21867
20532
13407
9714
1653
5928
1149
9057
6399
28029
15912
5868
26943
16425
25998
18033
17901
11736
3576
11187
32706
23604
393
12006
6522
15621
20154
18648
15549
19131
16461
4416
13719
29871
21186
15375
2799
29391
31488
16254
24423
21459
29178
25422
11940
22179
10455
29844
915
21090
15087
7677
11694
15480
19686
25272
5157
6840
10923
20706
30
1440
32178
13749
5367
27420
29124
8169
23814
1671
31479
22293
23130
27660
14715
2070
16839
25173
31914
24810
13263
14001
32487
32013
3540
26229
24285
8697
72
9264
3462
7158
10707
9696
20907
23130
4119
24090
31299
1989
25761
3837
24282
22947
31497
13053
25017
22392
5226
30990
21258
25545
19047
20745
24558
29643
21033
22902
12399
28161
32166
15861
2319
16929
25557
23226
7062
3732
21372
12417
12777
21189
16254
4059
11136
21807
17115
10212
11199
29397
8202
32457
21945
1305
27261
20559
5007
22350
10461
17406
17511
16686
267
19830
615
32880
17112
14733
10671
5487
1209
23448
26676
17463
1566
4815
13329
25737
22083
31584
22134
4341
5100
18135
5646
32361
5697
10653
28767
16158
28059
13278
32844
2382
108
7518
9321
24276
22251
19992
29763
23460
10440
30498
14982
19062
9369
28311
11799
31452
951
936
2793
6051
26127
15495
12468
31824
207
8235
14985
28266
21513
21885
4707
28677
29403
14028
19956
25713
1020
23775
23229
18516
21273
12267
4581
4698
14634
23436
3150
15588
24372
12999
21639
24558
28497
1110
23382
28704
9345
12423
31026
4917
1311
9789
594
4770
23817
27606
4539
31893
18384
27771
17412
13713
7038
29049
18414
21675
19485
28620
4263
17916
15678
25902
9474
11175
1068
32856
13935
10416
19338
19017
15333
20649
28809
22983
32475
19626
24648
4017
18522
10032
31788
9990
30801
12882
6039
23271
1557
32580
25950
12876
17496
8628
12837
26970
26859
13905
885
7794
24321
20223
26811
13710
14928
22620
10752
14403
9249
2400
25476
1827
19488
31320
11817
17289
11205
24912
14619
19818
24492
7569
6753
16047
23253
19590
10017
17112
495
17958
24906
31875
12237
25773
19641
1221
22452
30393
22683
5757
32793
15159
7584
19281
13482
26457
10629
31743
18369
32304
18561
16917
13929
25314
32964
4182
18960
17040
21294
19458
9054
20256
25389
21294
20085
12030
22515
9537
9426
12198
15294
16275
1416
29934
2559
14898
23391
20244
13641
15816
19548
6258
32736
477
5631
32700
4659
24591
23796
9
18105
32853
27321
10494
21147
21462
29583
17718
31002
6009
3975
20352
22284
5391
17289
31899
27345
7680
19143
15042
30555
5691
21300
30291
13224
987
4047
24939
32637
1902
24948
17742
1755
26325
2295
29958
14790
31878
14676
19848
4887
25707
14256
1227
31098
31545
7185
32499
13284
26328
14541
10839
6078
9900
15186
26358
10887
26289
18300
10524
28191
10248
2325
29946
10632
4620
960
32478
10554
22695
26382
22497
15402
7638
23724
20559
6186
30909
20058
26526
31296
1602
11421
11430
11502
26607
4788
29445
26952
23088
6972
22146
7395
16353
26148
25083
28029
27111
24561
5583
16806
17943
28080
6264
32637
25860
26823
12879
23772
13884
6405
29124
15486
17826
14610
26988
18489
19398
23433
19500
16545
4461
15702
30996
27870
8850
23079
22899
10017
14640
28482
879
6639
23562
7146
13332
16425
969
26214
14253
14853
32619
17433
4395
24504
32043
5439
17049
25497
2931
10605
9042
7392
26307
7038
9321
9216
4173
32220
19233
25869
1761
27171
32508
32379
1317
12843
22860
9342
13113
4113
31254
19788
28602
2649
11292
1701
8091
2400
27201
11022
13005
10299
25470
13371
24396
8847
22587
28569
8070
15876
21441
16887
10047
28005
16266
18420
14904
6129
27765
28017
17298
75
14808
19959
9780
156
21660
17871
9612
15861
2949
22620
26163
2478
2991
24615
18381
32634
20184
507
15510
15681
17394
25560
10689
663
10980
32649
13848
12801
27669
31146
12876
16533
18105
22659
16689
13824
14586
26304
29685
24594
22980
29904
1128
27
21519
19509
32661
15762
20019
15171
31443
11469
14787
16188
12132
32826
15840
36
12627
17565
5241
32562
1098
30402
29277
24843
11226
17919
25203
7914
9513
22239
11874
17697
22266
7452
11265
28983
30270
5340
18213
2769
16809
0
18960
3000
32826
8856
3036
19512
26421
8277
19074
1575
5682
15351
474
16908
270
25680
31878
16842
14919
17811
8595
11244
25263
19860
7227
29589
25200
32496
32358
9012
32499
25374
19068
6381
1230
22104
25893
1707
30384
19023
10338
10122
1374
10815
27030
8703
3495
32967
32601
25470
17778
8196
3714
17097
2115
18000
13686
1371
17496
13044
10383
24051
5421
3507
4491
13707
25614
30384
15417
30054
16410
25755
7176
24840
10626
8262
7599
14121
8229
7200
13650
63
22455
17364
17160
24570
9420
4902
25941
975
17949
10383
32082
30426
13890
3573
18189
13560
960
7662
10614
24426
7476
17790
16266
18102
26055
30924
6282
8340
5124
19932
8406
1635
11352
25566
261
20775
30471
26205
28806
22476
10644
27888
26958
31590
5520
12147
12153
13536
26868
22767
4962
1344
14616
28284
19446
7671
264
25728
16011
5391
12660
24417
14082
24015
24042
14346
18846
28569
14607
21708
18045
25251
23652
19059
30897
29172
5262
10050
9708
32130
6876
21726
474
21492
24069
19923
29163
24333
19707
19230
3780
32370
17706
17865
30441
8748
6267
23343
4317
20874
12051
29418
13125
2703
22533
11022
5934
27795
28131
22698
26928
2007
18483
27402
23499
16608
21381
26718
14997
8091
12948
18780
14517
4710
10701
11958
13458
24024
2301
24831
11898
21408
28305
32079
24111
17838
17157
4101
12636
12288
26802
13620
21351
12285
8022
11850
28893
29406
12624
10890
11553
25575
3726
26070
4341
21483
5028
17802
12507
14385
16689
24405
2793
19053
30540
960
3891
14700
5064
23583
26988
5922
4203
15342
18207
19284
1248
21156
22746
13875
32046
1299
13506
9831
27369
17847
5370
6453
9705
17880
20838
26397
16341
30687
19506
13884
31647
23397
28584
10767
21039
29628
16689
32298
11970
8952
18582
20277
30108
8328
1152
3213
9627
21714
20100
11052
13617
25470
17505
23325
10350
5343
23778
750
10086
10284
14634
15792
7737
17274
26559
2832
13902
17307
2133
32931
315
27771
20208
30426
3102
28416
7695
19785
17130
27795
4896
30747
27321
22401
28128
4674
1803
18906
12480
11889
3246
27114
27681
18042
11388
28299
20874
25290
19662
23007
25221
19977
17781
19485
17403
27939
14901
32154
21780
6087
1005
26676
10893
28329
23136
6021
7059
24939
31986
19539
10884
9288
13653
5568
27330
32097
7923
15207
31443
27585
12270
23667
14562
4107
17208
6024
32046
32112
5178
27885
5199
13242
21561
16092
8571
18753
29172
15630
10692
2214
2169
21579
11502
22878
1203
5835
21975
16182
28098
20418
10767
7368
18141
32385
11478
2352
5409
17580
8520
17646
12465
13719
4944
8085
3870
13515
26838
7098
3201
11589
9312
5370
7224
27870
2304
15483
705
24279
31665
28803
18753
9432
10230
10953
15873
28764
13305
28341
13344
21825
20043
32868
9600
24987
7953
20526
5502
8847
1680
8703
27492
10992
21129
1716
5865
23433
17199
13626
21768
22920
16488
14577
6408
774
25530
22284
29538
12891
17625
9882
8772
4668
9750
18375
29655
24759
12957
9213
7665
14640
24972
2157
32688
13101
10932
12609
10590
2187
26238
32358
25110
16782
13935
5574
17556
13524
27858
14094
26415
19539
31032
2190
31263
14841
27621
1974
6600
14634
11187
21321
29274
3159
30537
3021
23316
15525
15630
906
17712
15924
7320
16878
32706
21258
22455
24318
8838
24369
5412
2253
10911
10503
11499
16230
25344
13176
18207
6000
27813
3450
27324
31143
13668
24861
1164
3984
7386
23853
11949
32154
6777
19269
16035
13542
14583
12546
11916
23421
10971
24387
32733
21882
1890
11232
12171
27234
24411
30378
234
26280
7884
27558
24423
21552
26475
32646
32595
7917
23499
11544
7074
4332
4869
30165
24930
19455
16767
3849
16932
27738
28236
16665
23679
30126
27900
2850
24360
26367
7284
31650
19647
15168
26211
18126
3723
26742
17772
10374
1662
15327
28974
15792
19662
843
12957
18648
27354
3780
22497
11289
31518
24789
27954
22197
21915
29910
32103
20331
30333
6387
18984
24036
21558
19251
9165
32337
20049
26937
16767
21711
9267
12741
11559
2985
20640
31572
21633
14997
2352
11133
342
7929
9978
2352
30126
31896
6321
3288
26283
3654
9675
19323
27693
5289
12630
3858
11682
32682
4851
2505
28449
21174
15246
7011
24159
9945
12639
19851
24942
14994
5040
32340
22923
15018
1692
27105
13914
15069
30393
14256
18726
14127
7635
20475
26472
20268
31389
12213
27006
3240
14718
22455
31473
29967
3522
22632
13968
16164
9483
5910
5214
14523
12306
28137
29544
21054
29298
17514
3126
750
5826
21852
14877
13464
16383
15405
7788
14772
27618
1794
25068
9339
31305
23541
13362
8886
20232
27330
32106
3771
7296
4320
25353
26658
6513
21897
14712
9867
13467
17838
10617
26352
13746
32550
6816
30129
14958
14604
18957
9576
23454
11028
25971
21759
8625
13389
30645
28857
14775
3807
32631
29127
8127
32040
22785
21696
27993
4500
31566
8460
22338
16239
8868
3087
15792
15684
7272
30750
4344
26232
14382
1854
11316
14412
23616
19941
27801
28317
22857
9579
32127
29544
12762
14310
28584
2550
10065
23577
7050
15687
6093
3444
31926
14964
6531
14718
4704
20862
19524
16107
14094
909
17961
25410
15321
15633
19407
17178
18009
16320
813
24192
12864
13578
12558
8448
16128
22623
6081
30234
12366
12177
678
11295
1197
7212
69
5901
28074
19596
29064
16224
27561
14028
15690
9882
3717
9153
1116
21726
25476
1932
12918
5340
22566
25479
20847
5694
22158
984
2928
1527
13161
3606
19878
21414
17874
19947
1374
20004
6543
30438
10284
8160
18522
25974
18042
22242
9186
26217
10968
1662
2205
30945
7002
24771
30480
1905
4521
19638
2892
7449
21165
23109
18111
15099
11526
10044
2049
12900
4104
15648
10338
21447
23811
28863
21477
15909
25161
30663
9126
3129
32325
11331
8130
13386
10158
5610
15291
14679
25251
18183
29184
20472
15351
14298
2574
26877
31398
11679
6777
9558
27327
24171
31005
18138
27090
19485
8106
19251
17148
24288
29439
16476
2622
4569
3918
12780
10182
19209
1518
9489
11451
30702
4017
26802
19056
13647
20679
17454
25326
1512
27015
26712
32739
32076
18906
26832
18561
27012
13083
9768
18303
16578
26244
27981
21150
30162
14817
5388
23427
16335
21933
1878
14040
6
2736
96
13656
30471
24609
13038
31983
25680
6750
5781
24756
25659
32613
10320
19671
19752
27144
12030
3333
27444
7011
31539
31662
21831
10983
22089
12222
6972
31026
26262
6978
762
417
20634
5292
25026
675
11331
17706
14481
17112
9462
7140
16725
26838
870
3480
20982
12900
13869
15426
26970
19464
14088
22857
30447
10236
2079
11475
8262
28344
18453
16080
28761
13146
21372
20787
20877
32706
12549
2358
16818
22011
9501
7602
22908
17427
18138
10890
30327
32007
375
31353
18471
21519
21210
22974
31755
23292
1449
7017
25692
26958
30156
28509
7104
18528
16296
27981
25290
2901
4398
9111
24912
13899
16713
21876
5382
1851
6825
9765
7914
7200
8121
441
28719
29331
30471
27477
26679
5976
8550
19371
32934
5706
14880
7041
31293
5232
9078
23583
8133
13476
32694
7104
1431
23463
28980
6813
32370
9861
23637
14340
17061
31758
21837
19839
28089
19308
21372
28827
25284
29922
15198
32277
9687
30081
13374
7980
2313
22452
5619
17505
9987
12372
24609
18474
2835
27645
32346
9264
4509
22983
23604
28626
21741
19500
15465
23886
5808
10893
19713
5151
14874
1914
4428
24561
6051
17802
6597
15420
14310
12216
6981
31353
24588
5646
16830
1482
294
16176
10746
11859
6159
8406
14541
1956
1962
4065
25842
7773
14958
19614
19980
29832
28584
31464
28449
1635
16266
9102
24111
4632
21321
31095
2988
19965
3741
19818
21447
11091
10050
6249
30006
16209
21714
11550
18165
23676
15615
18063
5505
30573
11733
25485
1464
7317
23949
3969
16008
14271
13074
14178
18906
1395
12273
28950
21360
23070
22824
16866
1164
32874
30171
31170
16083
18885
9720
8304
16620
32391
423
22125
4023
12159
21669
5487
26532
19674
9456
16599
948
22530
30777
26910
30981
10050
29916
26400
120
19740
17322
8340
19614
14493
6513
2697
7437
23289
18057
24057
22683
25536
20238
762
11751
8907
6249
5286
28584
22761
21885
3588
19350
19662
30498
24387
3768
27414
17787
3888
14154
9165
19287
7824
23661
25800
10521
5154
23145
2634
29211
19884
28170
23505
20646
6924
32415
951
19266
2055
30771
15207
5643
17121
1869
10197
8508
5637
11667
354
16581
25821
9519
2868
645
7236
2724
18222
12390
32928
27912
15657
26868
30138
6165
14517
11118
12636
22524
30384
14691
20295
12591
27390
4416
21516
4587
19983
1209
16254
27393
24849
16131
10968
1773
23832
18207
11556
16110
4653
11484
18078
27369
5352
15216
7590
26925
26337
27282
16452
30777
8973
3747
17427
10419
15222
5943
15006
2205
14211
5316
29598
6060
28503
14622
7833
19335
32829
26445
9501
11541
4929
27579
12966
17340
16851
27612
18321
10188
21894
1773
15024
30867
12579
32451
8286
27801
12450
30348
4062
26661
9720
7716
6777
5223
22338
21669
31614
29226
15114
8115
7767
20046
9750
27789
11442
26601
22401
29763
10848
11295
5595
25872
16218
18174
25323
31560
12975
4773
2964
17037
5493
12684
24753
12270
17907
14091
939
23577
17373
16056
5748
32196
10158
15498
26985
21600
16155
23442
25419
27003
1737
31014
26931
25011
16188
19254
23571
3219
31086
26535
27312
3579
13275
26121
22905
5238
7215
23847
28815
31644
13959
8619
30843
24117
24117
24828
19773
14331
15273
12192
15390
24066
17265
9324
16080
453
28578
13707
10731
720
7245
5043
4299
27576
31167
27207
32817
12438
25110
2688
11082
6069
11310
8925
4242
9483
7812
24015
23814
23085
10263
6207
21207
27528
15531
4287
2040
18165
17997
12771
18888
32298
17814
30243
26874
23037
31506
747
2475
30672
3438
20616
3741
14748
29541
7983
24231
4353
6054
15048
1494
16320
28311
22704
10848
17898
1047
12888
3063
19044
32715
29007
25398
24588
26253
26331
14625
31815
27078
24159
29490
30516
11775
7287
12264
8316
22329
10554
19728
28383
32658
28278
11703
27969
17982
29610
12867
26088
16554
22986
19188
16272
18996
11589
7860
19305
4920
29541
25176
6054
20700
21666
10629
32475
3012
29949
14850
25341
7503
8634
20724
7161
3912
6486
9186
28953
3096
22053
22041
26706
19098
8229
9978
12150
26874
24894
5511
5850
28494
30687
11907
16194
26412
22536
22728
29424
26541
11634
21765
1047
27324
9489
8208
5292
23031
24453
1245
26127
20562
30342
19836
6660
12630
3870
18810
6504
2823
24321
19413
31317
29067
31320
21567
22479
27912
18351
25959
21453
4041
14724
29556
31365
31269
11823
10716
21303
3276
19017
21486
23838
16362
15378
4557
3048
26307
23367
9552
29130
21747
28965
1503
24870
1341
30126
14349
3309
22536
14364
31821
633
29088
2433
6057
1413
14256
16773
29772
24588
2790
18261
15429
26208
7695
19986
29256
1002
17409
12867
4188
13212
15888
5691
5082
24288
9876
26487
27597
6468
7851
474
7101
10995
9966
13158
12411
24222
29931
9183
15813
32724
1500
5298
32988
9198
32340
29247
10200
23805
9114
14391
4020
25002
27138
16158
16290
11070
9648
17946
17538
24555
25476
24642
2553
2442
11856
22020
723
8790
5259
23592
15570
6762
28890
15558
23016
2286
18861
216
26091
27975
21663
4167
19980
22860
20328
10326
930
29976
28272
25527
28587
27807
24225
31140
30249
3081
20160
30972
18927
25422
21564
1497
6240
24510
24114
29256
26796
9975
3528
26946
4953
25194
31113
31989
22110
18441
16371
30096
22473
18702
22623
18063
13509
13848
23259
17814
23988
17478
15789
9915
16956
11409
18471
23196
9978
9585
26508
3774
19560
30036
4776
31569
29286
2892
4614
18396
28389
28044
15495
24921
13746
12174
9984
1311
81
7299
19125
24069
24777
8970
984
8733
27438
19455
5985
4416
3096
32493
15246
29715
3588
20025
28284
32874
22917
6957
25329
25362
2001
14880
17283
22803
1110
1323
24114
1191
8625
10239
25260
7458
26268
303
16194
20706
26814
29235
25122
3969
2787
7368
684
6375
27393
3024
13305
24366
17037
12690
16731
19038
27570
8070
8841
2739
9396
7011
3930
18021
17253
3249
25479
10521
10608
15729
31227
11478
11967
30405
15447
14754
4773
16131
28185
32169
26214
8490
30591
10251
28239
14322
3348
29865
22395
19245
32604
5847
26259
3537
23868
17568
13842
23403
2145
24450
13191
7428
2928
32214
4833
18378
21024
9606
8565
16209
15831
1779
31755
13425
12033
26994
1803
15381
30918
31254
1626
30522
4101
1941
1059
27969
19509
14901
25431
21654
13407
12678
29082
16338
11892
915
8772
32916
17580
17337
23181
411
26175
28992
20892
5208
30045
22698
27645
27963
20952
3327
25485
25056
5271
603
27081
24780
22560
26568
20493
2970
6246
16575
26364
18138
24549
2136
25110
9129
19473
22347
16596
12648
25398
4491
24912
22443
27189
26613
24462
22197
29943
24003
14253
9270
24606
15393
8106
21225
8961
28599
24195
15210
19233
24615
7404
17838
26751
6573
26967
20280
2976
17619
6987
28374
22110
31899
24873
23355
32571
23391
19611
3570
14397
864
12840
13059
23313
28002
1284
32277
30660
32535
21543
23949
24150
3003
8787
24957
9576
9810
12240
19611
27429
19227
22041
23598
25182
13917
21009
31809
11364
7620
2379
25761
15543
22275
5823
5856
24336
14163
12189
21996
13701
732
12945
11907
3738
21732
3867
20370
31542
23163
6981
27
9390
29025
23625
8628
16998
18693
7440
28362
26313
16875
21126
15912
13209
1005
21771
4545
15168
8016
26541
2925
8751
13542
14835
12489
2274
25758
32859
7872
15921
6843
7899
32367
9924
5583
15051
26922
24276
29547
22284
24645
13425
17466
14616
690
18471
10443
5235
7698
18459
31776
10623
27210
19374
32514
13755
21648
25272
13617
3576
15249
27516
18531
14616
11496
24114
3726
5418
22446
273
1758
21150
20754
19227
2766
21444
11754
20265
735
19452
5724
6567
4134
32937
25941
3648
13692
21645
2979
1365
25221
18228
2937
10755
6903
14433
8925
17685
26907
5430
17958
28668
636
12771
21951
10458
8271
705
30723
9009
27216
3447
15576
31350
10440
8520
9054
31191
30165
12033
6612
29445
4320
9552
7200
18279
31041
23181
2964
24951
28611
20922
20619
3303
7749
9570
13761
16023
17331
11484
32088
18603
21990
14664
24009
32430
30240
66
4677
27408
19155
11292
30909
30531
27900
12165
15810
25941
2346
18774
17892
5016
13755
5511
8319
21504
22137
22083
11583
13527
567
10671
32130
22557
25338
30198
29046
29634
30264
723
31098
23475
19071
29007
21009
13971
8172
10875
6915
10521
29652
24807
22593
10407
4377
30912
5967
570
19995
17553
21153
27621
28224
20286
24234
27618
17484
20280
24255
21804
28062
22353
19335
14133
18363
14400
28107
26535
25278
9078
11112
28986
885
705
6393
12318
31620
12360
19947
25671
3969
8100
27348
32196
2442
18585
870
19926
12921
25125
15786
15039
21537
9180
3231
6900
23580
31338
7491
22914
14472
25662
18900
22413
26367
25293
1734
32043
11712
28737
31773
15681
3837
26121
21933
6282
18762
22806
264
5742
21987
23109
27837
10524
32289
31068
24480
29925
3462
6030
19842
17934
31692
5742
7350
25059
5094
16140
31161
23862
11877
29934
13599
15714
30111
2535
29052
22932
32397
29319
28674
21384
26484
23511
5967
25773
28638
30447
29754
32100
3477
16596
17037
2169
29397
24387
1287
1491
7527
32448
32409
26460
3438
13008
9174
549
22599
12285
23481
21996
15660
26211
17439
9144
23781
23406
8973
19419
27909
5727
25575
31389
22326
9612
7614
25779
8055
15957
1326
22638
22461
735
16098
25899
13743
32331
507
3345
11616
31044
32397
27276
31314
16836
3420
22095
7242
12393
15570
9210
25176
8145
7599
21558
24816
22269
14337
32871
12285
15663
22512
1746
23454
12666
1704
11256
11997
9267
21657
23613
14367
21054
24945
12681
11949
28365
8832
26247
14814
24402
2457
14049
6606
17112
2607
31422
6384
16947
5349
18669
6666
1917
27471
4179
14586
29175
15435
639
12498
4092
31311
26868
32202
23256
6549
11151
25680
22440
4401
14550
20898
6858
28599
27504
23973
31209
32982
4413
22212
5334
30138
2934
7251
31665
7113
21837
1899
29604
22479
14397
7752
27846
8265
6957
18102
21873
25164
10782
11313
3621
32391
6267
10482
27990
774
8511
255
7812
19980
22467
13146
24174
32460
20400
22839
6573
16293
24738
10236
12828
6138
17988
7674
21459
32001
32835
10332
24168
17673
28701
27789
17064
9027
12327
12057
16857
27894
19368
24669
14874
15894
4818
6048
15354
32274
2946
28983
22623
27684
6219
2454
7878
24210
17184
29340
23211
17019
13728
21435
1695
16488
16227
18759
25515
2610
4872
9372
30507
31299
1041
12381
14193
12915
25488
29547
12189
28434
25530
8871
30174
5808
11325
5055
4074
28509
1395
1341
19587
15123
22779
21282
31611
13062
14097
31182
15672
26028
7554
20235
24327
15654
6675
12576
28569
32163
9123
14817
1653
8709
23688
31827
21573
9069
3882
25647
11634
12333
26991
5277
27459
16770
26559
126
3888
14715
5367
26616
14799
12921
13854
13182
2631
20529
25758
5259
26748
8937
20076
28401
17646
17820
1284
6222
945
5169
5925
19635
17502
32916
24915
19017
23742
25530
26202
27630
7245
31569
28305
29100
18546
9159
9282
21180
29688
9096
26439
23436
18033
20571
25893
2682
12447
27177
15960
20448
6402
21885
7083
30963
28860
31998
24036
26658
24531
17238
28347
5832
22863
23652
1935
15468
32811
18273
3648
3555
27372
4143
1047
19461
31770
26940
22143
18273
28173
12159
5721
1578
8103
12804
32541
11019
18861
30633
4677
10392
21930
24
23280
11793
30732
32271
27261
4599
17547
4965
8154
18975
16164
9201
5436
14934
10197
1638
207
5373
20853
12984
14007
3012
25791
20604
14031
11652
18237
25767
29100
7167
32847
19380
26019
30582
18654
27336
2181
10257
6360
10338
3288
22524
26595
15780
11517
10851
17418
18780
16224
12330
31767
4287
15342
31614
24891
29376
17322
17184
22143
13422
24354
21990
6858
24429
26628
32568
18765
28812
16881
32181
13206
27225
21708
13857
10008
7281
24708
1482
26061
7932
13812
24828
12219
29157
30498
11166
32589
14820
28353
28788
2298
26763
24834
16215
18192
18465
15783
11013
21333
6723
10197
1539
948
5961
15396
18012
13242
14163
19497
6303
22095
7365
5190
8373
10578
2688
26595
10167
17511
21948
13011
19809
22767
4848
3024
15015
30369
25866
26031
25758
6645
10284
1353
14649
16245
16749
32664
29487
4968
26217
9846
27066
582
15036
9495
11163
17727
10146
28386
2238
6153
8400
29103
28920
20304
6186
10938
24729
6108
11025
17487
19809
21309
18840
1458
4554
9645
8178
8097
14616
1395
17943
15738
1980
32982
32289
13143
24765
9435
8529
1059
15588
23985
30162
18567
11289
10404
29505
10074
23568
7530
27561
10377
2895
13401
11838
7449
23049
20016
22602
11721
21414
7545
27459
30450
7527
26748
17649
32292
3183
234
7407
25830
24222
4572
11397
9567
22032
7902
19644
12603
22488
14205
22980
25383
1665
8874
6888
31770
28893
29490
10491
24363
11091
4950
28869
25677
5754
13518
32025
15993
13752
6435
8823
12030
11007
20220
21600
7095
2178
15300
19698
31722
29505
9681
31161
5226
25611
5049
3996
21504
8595
14487
19923
19689
26493
15792
12366
32247
29310
18447
15243
17121
24882
24066
29151
9945
18345
17751
17043
27579
51
3741
26304
3615
20478
24465
8841
13092
3573
19896
8652
12168
1383
2634
5913
1935
18426
25335
1182
21795
10785
23481
5916
2667
21606
2067
12615
6951
26877
29658
1530
984
7455
1890
11655
1992
26358
27555
22140
29931
14451
30792
16155
22890
426
29127
24825
25911
21462
66
14706
6303
23547
27678
8973
12153
3801
28644
26160
30678
32358
1749
5721
6813
3639
17376
15861
4053
18987
5001
8040
438
2796
24198
23331
10278
27381
22212
3189
15843
22278
24951
29205
19884
19629
12234
6093
23433
7878
6312
28167
7236
8061
888
21105
18756
25323
11025
22812
11310
16026
30852
11751
18822
29106
9138
3159
23487
31350
6348
13389
27687
5358
9594
14571
24987
21828
20664
15420
3762
26976
10590
18054
9093
18534
13215
27852
10857
24240
24720
29226
7269
29628
7977
147
32793
24171
3306
23280
29577
16713
10725
24264
22071
20319
5835
21114
16203
558
10593
19965
1590
28239
5019
10686
13773
18237
12594
31689
9477
11370
27915
16746
7998
9948
23952
7791
1119
27258
5130
4752
18027
15855
29019
14154
10233
8910
2271
26436
16524
12864
13404
18117
8103
25479
2859
28932
17772
15453
1677
27252
879
29592
18054
8877
13596
9006
23727
21771
10323
28857
26526
2406
18768
22545
16563
29001
5511
25890
29496
22038
5754
16956
7155
20913
9435
17070
23901
27210
32523
25581
28518
7458
29229
20628
16335
9828
29637
14118
5655
14016
17031
32181
16422
9858
28782
7041
5859
1296
32931
9411
30390
12741
26367
4545
7710
9861
21615
31614
11127
28194
31251
6645
2652
1536
27273
26043
18420
30966
14220
24078
19038
31251
30315
2463
15165
26100
9504
21027
1452
16494
4494
31842
29235
30864
10443
3948
14781
6114
9618
25908
8364
14925
6609
18072
16461
7938
18171
1884
5907
32391
25962
32001
4701
30333
1464
19866
23433
18027
14949
31941
1521
19446
4839
4812
24366
15282
8760
13203
28452
25434
6111
3816
7359
19776
21888
23823
27714
7062
32763
7677
6453
32781
6681
18210
30114
15201
5079
27606
7284
27084
26547
8805
13530
5445
20676
11952
20727
3492
25155
23238
28929
5322
27054
10344
25098
15945
8223
26871
30063
7986
8604
10572
14823
15285
28785
11940
4545
7920
6546
11829
2004
7149
27693
22593
12594
15369
8601
7380
25917
759
30618
21846
6081
24672
32193
5238
14673
14472
32109
18792
22461
14769
29367
4284
4113
32208
23280
8658
7128
29826
27543
16188
11034
29292
12837
23628
18717
21441
31008
11637
29256
2682
483
9393
27357
6732
14631
16086
21207
20796
1881
17724
2568
5304
29064
6681
4512
19347
22395
18696
23229
16938
8940
8319
13233
21780
31950
31950
17277
4014
10587
13533
6699
18129
29982
8112
31917
18672
31254
27180
6468
7191
11904
16092
12495
15027
29829
17007
1374
26280
2703
31659
17277
18702
6981
4566
14538
12987
10572
31815
24057
21162
19404
4812
13347
16386
19980
19320
2058
18237
13503
15585
25428
25407
5733
4926
14490
9621
28989
22920
2901
5751
21582
27234
24453
2619
31800
5991
15606
9375
4806
13719
4593
31266
18534
17940
21708
5514
4260
23769
23751
17763
13410
23238
17229
26199
2220
5775
2820
31209
28698
12780
3960
24336
7014
2469
26955
5817
8460
16617
22248
20322
30336
26841
18588
15870
11781
14355
28443
23097
12180
26250
14919
25590
16488
6204
25845
18708
11979
28668
23976
14733
15504
1992
6069
29574
4464
24
9447
12924
23697
31695
7305
28092
25536
32949
10962
11373
14304
13461
8529
26484
6714
23448
26130
23202
3708
18978
15969
22743
21702
6945
4479
4206
8937
10548
780
13401
17631
17286
384
8328
15981
7689
3420
8520
14694
21441
19893
29001
1902
28422
22485
15672
25926
22674
5877
3690
8652
28902
26436
30354
2847
4971
8616
18840
15519
16452
6300
7206
738
13740
22593
16722
28485
69
32298
10179
28566
19191
6180
30471
21672
2724
13143
21654
25398
26076
25347
8106
21978
25839
12516
31881
30810
21132
24780
20385
4584
31080
1650
12381
11820
24243
3159
14361
24312
2457
24540
19881
28704
4779
24408
24432
14559
11607
13089
14013
11742
12492
22119
7776
12387
1635
6660
17253
29823
31440
11694
8463
3576
13344
20844
22452
4587
24003
3813
2958
516
2409
29895
29223
7188
28359
20655
21747
14022
7800
9816
25764
20292
31935
543
32679
7626
14259
23988
4449
19755
2685
19971
23331
16029
7815
12783
27675
5877
23652
4689
6393
26061
1584
9672
7308
3999
30330
3111
18021
5130
12930
10788
32481
18921
18387
6216
606
6702
30207
12111
26457
32892
32082
23844
15921
13956
10683
10596
19833
1335
15285
282
1452
23925
9957
8760
27924
7287
11874
20004
19473
31860
30792
18954
17781
23235
25173
18387
29937
29436
30501
30450
29328
29583
21294
12249
17595
31977
29904
4428
312
19245
11769
8820
17229
21726
17583
19209
3069
29457
6213
29598
28317
11061
15555
20154
1296
14784
5544
5289
11220
10101
2739
14604
13740
31089
909
31338
30066
30813
9822
4434
24117
21591
13257
8346
10317
4896
1611
20442
1353
7827
17043
3726
18888
6654
30936
27243
28494
10536
32532
13770
20637
9330
28374
8436
14475
3339
13830
11544
1155
23652
23034
32328
12246
10347
14730
29619
15243
16341
24120
23652
24168
15219
1434
10059
21873
32373
11358
24423
9909
17946
5193
4605
1332
7623
13041
15810
10962
26871
1410
19173
24579
24444
25557
3825
1794
7287
7503
17037
23631
5679
14748
21855
20898
16182
5970
9771
15555
17328
8250
25467
2277
20499
4128
3609
2178
17169
19419
20196
18096
20829
6372
9675
19332
31929
20559
28182
13275
2118
19275
10962
7797
1023
32817
28695
17208
5790
12522
32763
30174
20772
32286
6507
15327
3414
10119
17505
27639
3594
4701
12735
31482
18129
29469
24870
17061
24084
20052
4392
26202
6327
15354
8055
7353
15171
10806
24561
28017
23328
31380
25194
18156
30669
5757
483
1083
15876
25044
28725
26529
29745
15516
32067
14877
19041
23937
5994
10125
18045
10386
10383
24372
32796
18438
5781
14967
29244
4398
17043
26628
2781
16293
18840
450
22050
26379
8589
11985
18423
11370
12570
22227
945
11637
4104
19986
9630
17154
4170
27675
27540
14553
26103
27336
32994
5943
16359
3294
10341
7458
3981
13122
23751
22821
20628
19860
16203
3276
31845
8682
14646
11415
30909
22647
30108
9069
9636
13794
26223
13806
15525
27819
2415
15684
29211
2409
21627
12573
12762
31971
20031
16743
19149
17841
13620
6780
4701
3879
10056
10602
19620
31758
29073
17529
21408
26181
26601
5100
6975
26880
25962
29556
21702
28377
12240
17913
4845
870
4542
24663
6897
31632
15462
26046
16473
29082
32826
28230
7020
16938
5832
26640
22755
1905
18225
18219
2142
11826
23319
16173
12765
16281
12729
1467
18714
24969
19380
23559
32895
30981
22278
6792
29613
4740
32841
13086
825
6723
8316
14901
30720
21204
8541
20475
23109
26766
5694
32307
12651
3069
15480
25416
26406
2265
939
12120
27234
27375
9738
1188
25356
32016
7980
21969
3759
7821
9111
11640
21603
24483
26541
19323
12687
9138
6798
9852
9960
19548
9159
29667
22617
31695
29139
16023
960
30078
28143
2253
31512
11937
3441
23868
10956
11421
19896
21771
26301
29007
7467
14904
20493
1008
1227
180
17202
15081
17091
27162
1629
26250
23832
24246
32004
19971
7269
32964
24108
9468
9273
22620
21408
12714
13488
6420
31194
384
28191
24495
3450
9714
6399
23943
17778
14682
31179
1980
29763
15270
3198
31392
15579
27030
29694
14583
21060
3963
21603
19224
20487
30879
8844
8895
10593
29388
22371
8787
3831
24618
7338
7281
1332
20793
5280
19110
2475
3459
21090
6294
18732
31347
11742
8367
32433
8436
22950
20493
19455
18609
6717
6945
16488
22617
22896
1140
19008
19326
16983
22839
10944
24324
4176
12279
19173
9456
5445
21651
12915
594
2001
5703
31941
20802
14070
31374
29238
11076
25926
22752
29688
6699
3753
20232
29319
705
21372
15327
20031
5358
12222
30978
3738
16398
17313
29967
25854
22758
25674
5769
30408
27678
18531
29349
15480
32601
1782
18774
17736
27708
8526
14424
1407
19335
1656
30726
20043
30087
20109
7074
9501
32331
12108
20295
22785
29421
17262
15639
26238
9939
28467
23646
4617
13998
27054
27153
20655
28836
12927
12447
30600
28512
26871
32007
14847
2586
3792
1890
32673
30957
16023
16230
4347
28131
3525
27132
31611
20787
16830
31905
30726
12297
29607
9399
351
23661
3552
28062
26553
23538
7512
24153
19050
8439
30219
7953
11025
1011
16902
17754
31968
32925
984
3315
2112
4509
4506
723
32355
21336
32628
30081
633
3294
13539
8040
26955
17091
10158
27567
14685
17670
18720
735
168
15939
8691
18249
24006
25593
3006
22977
32574
11046
348
1686
22614
4854
2412
21969
26190
9096
26106
879
19446
6645
15975
13404
30795
192
7971
12480
24918
747
13218
25086
23745
28965
10338
14751
28614
20400
4728
28188
31446
12135
3930
21060
24045
13398
10029
24294
29553
3138
32229
15999
9783
22263
29403
14634
22455
11430
27117
14373
19236
14391
6462
9981
10356
16800
24732
13026
4200
3519
15270
9702
22710
19200
30765
13755
32601
14850
5049
29154
17988
11337
12153
1830
600
15615
16464
23055
1101
17637
4428
20337
32028
17946
4374
9384
8802
29109
29466
20058
6684
11736
29763
29394
30939
27528
17205
30540
16434
29313
26694
1425
7650
12903
10311
8250
28518
831
5361
3678
18471
16845
24015
17499
1794
2448
942
10596
31557
30408
30657
12297
9147
1476
15747
7086
3060
32952
11682
19494
29265
12432
27975
10971
25335
5286
19221
27912
13176
31638
31590
31647
15486
29661
23202
17280
32109
24144
1932
4722
28611
6645
17019
11814
8121
32766
25956
11181
6777
4638
30678
3042
24126
25653
21072
16461
4998
14349
18429
18174
12990
17019
23877
28476
20739
14079
19812
19848
12282
21744
24573
7893
2448
15648
19707
10569
22473
19719
28809
29250
24357
543
6348
22539
252
27420
6000
5250
8772
31488
30480
21762
22563
21357
24294
10302
9495
11106
30153
21777
6906
28782
3726
9354
11430
30489
26982
7959
17208
22791
4209
15621
23334
10560
5160
23586
12036
18216
2895
20808
16704
375
16626
13326
28791
7920
23628
5286
26082
27837
1119
32991
30675
11901
16401
16164
9390
10383
24123
654
7230
28335
16275
4620
12951
28491
28209
24987
13707
5160
12798
4470
12591
29424
17796
15438
11403
15480
27780
4485
10320
28899
11532
15051
7800
27936
31215
24246
12375
22341
24900
19608
24732
15231
24228
4683
10722
26493
29670
24432
5709
16524
2958
18303
20007
20754
7797
31410
3234
2580
2895
20610
5535
14430
2664
13338
9366
7935
11640
28797
30276
3543
22461
29064
25830
20748
747
3555
14241
4476
2043
27009
28056
5001
19368
15063
32811
27165
13473
3045
29745
16371
30714
2283
30801
7434
22677
14223
15369
1317
17076
19704
11916
6540
15768
11805
27288
23574
15360
15585
2106
17403
9594
30162
29460
28962
12228
29271
30186
25701
32316
26931
16128
4086
3270
20985
11520
3
9264
948
8379
26343
20652
20295
32883
10476
32100
27171
8106
21516
16812
10212
12975
26409
7377
9435
29427
26661
5706
26613
19362
12081
27603
9549
23223
4929
30534
1746
4935
6801
9750
13314
144
30402
7665
7083
14934
13824
8310
23043
2340
25122
7311
15318
25587
14688
31809
22017
15405
11574
22686
1770
23655
24345
18375
13878
29277
15909
22680
1212
29766
32430
14526
29910
3888
22191
11049
25881
3015
19359
15924
12414
11484
23235
1788
11127
11982
597
144
27387
12171
29889
3213
9882
21234
21588
30819
24567
11556
20499
25779
8322
26988
14361
12291
4932
10611
23340
30813
20682
9702
13737
96
28242
11031
1884
6369
30069
9540
13572
31512
28767
10461
1728
5652
5751
30372
3471
30321
8928
31026
30156
24309
32070
11520
3600
4005
22131
26940
1818
9813
10698
22614
16968
5940
7701
25908
19368
4770
9504
32940
3282
5274
17457
12066
17982
30264
9441
28509
27585
25425
591
31800
16734
32664
17376
27390
3669
6507
28389
12543
23376
6087
2157
14400
12030
9858
14367
31398
21684
23871
5394
24969
29145
22851
11091
21183
20115
27588
16692
21759
20016
17286
27615
10806
16950
11991
12255
27675
25554
7644
7218
22986
13731
16434
4389
32817
348
18756
5271
22035
16683
10665
21060
12831
7572
32151
8070
1746
26742
24765
30561
20814
9051
25176
5676
57
11223
17931
1788
3777
25575
9006
819
13365
32496
5208
13182
32847
31020
25512
21882
14706
3177
9942
1593
17808
16149
9663
26610
9891
8484
24171
4761
24591
23403
10440
31704
8682
28371
492
12459
28005
16557
13278
8370
16053
25545
28608
22956
30621
21120
11838
19383
31356
28836
28032
16164
11988
11754
16830
28935
20238
15057
699
18888
5460
18195
17592
21198
13566
18087
657
15627
1644
20991
31053
24753
20592
26664
14712
18216
14784
606
11655
20196
29445
6690
10416
15489
18444
27246
18480
12738
9303
26235
31626
21819
11430
16221
10017
32055
1308
17730
14682
10008
12780
12738
8817
372
13458
23529
25644
2298
31194
4302
22497
27639
18048
32913
17184
3492
1218
2664
16230
10521
28902
21915
6399
7332
5136
16416
13443
13500
8205
28128
30564
20985
14922
6381
28413
28380
3969
21060
30678
9219
32418
20175
3858
17466
27147
28098
28014
28365
4818
18300
12942
7776
7215
19341
22167
19407
9816
2610
6963
18021
30738
4527
13062
12660
17967
8475
15096
28992
3591
12777
5211
10065
32952
16125
1587
27099
18279
29601
29520
23097
21960
9465
30876
29175
28806
27099
22641
12678
29709
29604
30699
1506
8190
17817
21222
26157
351
3321
29205
3942
16098
1416
21066
23106
24597
22653
24264
9876
26313
20784
32973
15273
4305
4905
18504
114
32004
8145
12792
28716
11808
17550
4278
19998
9423
25500
20211
9774
28821
16416
20775
18975
17832
8841
9084
9429
5550
348
19305
31863
28188
26334
14136
32496
31242
32643
6666
4302
14844
26514
7074
26652
18120
11352
20706
27546
3855
7917
11376
6732
24333
32151
25710
16221
15048
1794
32706
20601
9198
26067
26520
11442
19404
7659
10938
24702
14358
24660
29004
3258
18177
3081
3969
10353
21489
24675
4899
25344
32595
16278
32079
23928
22485
24789
7152
11592
639
13914
32193
9837
6984
25713
28335
26388
7428
13332
18090
28842
4992
21150
6159
30225
31287
10128
7581
19779
8859
19536
19179
8454
9870
18258
6441
32358
17103
20649
10950
17742
1563
17199
1635
8547
16968
4029
1935
31455
17361
27081
1353
22353
22290
7512
26637
27633
24696
8274
14412
558
27810
7650
9012
4683
25908
22509
11097
17070
10158
29103
8868
11724
20358
17562
27327
11382
21591
3321
9837
5952
4458
18249
2361
26748
32817
3054
21384
24516
11328
9852
25074
6141
17502
8142
17880
17469
4710
3033
8595
14868
6192
17463
648
606
9081
27978
11988
4728
5355
28884
17736
9813
14133
20100
10620
21006
30210
6060
12522
8541
15912
11652
21738
7473
26853
6618
31998
31563
16707
7593
20487
22899
32112
21138
23505
8196
23172
9549
12924
28527
5433
30663
12396
26622
24819
23016
14631
22029
29076
1209
4626
11991
12864
26364
26520
13773
32982
25518
12336
23745
7167
32823
13644
6279
28017
11205
21531
25245
20757
1458
27828
246
6177
7227
26871
5052
30243
15558
27081
378
16767
5766
19425
29631
32130
12945
10404
6171
12519
29796
29916
19686
3678
17619
21
5751
28824
21555
30999
23637
30069
32883
30942
3246
7110
24813
8298
11412
14427
9435
11790
31194
15201
31215
1884
14334
18216
19344
27561
30735
16143
24477
24477
26877
16152
24498
32628
19035
13053
30627
9672
10122
30513
7614
13368
11679
6483
28722
30147
20910
12216
8937
26163
1473
14208
28047
22863
32424
14391
17424
4215
4590
8904
28692
31467
25056
20193
31098
11091
246
2781
27822
17427
7350
9492
4851
26088
23034
576
23235
18000
19848
32175
11163
21321
20439
13266
11187
26922
27660
28611
31137
6306
11571
888
4776
10686
21081
2874
21777
28383
12711
23655
12810
20064
7206
24720
13152
30240
25296
3387
15240
19200
9618
462
7521
4116
13728
18708
31038
15444
14322
3231
21753
25893
4119
585
3579
25200
10515
32415
27642
23226
30126
14508
17346
4332
6228
4554
1572
5580
15000
23871
24780
24618
24333
32304
2790
12117
25068
828
27564
6390
4062
23373
6342
8181
31014
16977
7440
8529
23448
9138
31755
20577
23646
23160
24909
3933
27714
540
9513
9714
31467
8352
8391
22800
14712
11181
8973
6780
12012
10593
13173
23130
8022
26571
5367
6036
10548
12807
14565
8055
21945
20379
28632
19650
10539
27597
23583
12309
2193
96
22026
660
15504
4473
30516
30216
15654
13548
3999
1722
24141
24228
31908
32166
17799
4278
5202
2403
17085
26826
10458
13089
21261
13146
32739
31800
14802
23322
18165
24051
30474
14247
24714
12981
18720
29286
17253
1377
9834
21252
10155
8034
12480
9066
7200
4335
13344
19458
6741
4485
20340
24255
17574
8601
11460
24369
14457
318
14691
32625
24369
19224
13872
23139
6261
32595
19428
23514
8028
3318
11769
25239
11352
31305
1305
25608
2643
21705
19125
16440
26193
6465
14751
17823
15069
26211
9195
3582
585
23886
3207
24957
17166
24138
15096
23427
30789
8580
13944
5817
11901
32769
31056
30309
31074
6420
22920
717
28125
16101
17157
21318
22566
31911
6144
11691
32178
22395
22332
32766
13281
25539
31779
4506
23733
13875
27933
21522
29514
15933
27339
15471
15702
32454
19836
13779
12930
16812
21552
8055
32913
12768
3432
29538
11679
16632
8229
17913
6027
4617
24735
26364
30159
23514
30870
20892
11448
32862
16473
7962
15795
10812
30489
31500
17322
17325
19335
30252
1140
7887
12366
1053
20655
15798
30591
6390
6486
12879
31362
12513
17496
23097
12933
21711
13614
10806
16662
32118
17724
135
14136
519
18003
11625
6075
9384
3006
25410
13692
4146
300
26058
12258
28011
15912
16905
1404
22398
3840
32766
8967
28395
29919
21903
24162
17589
6765
7824
16707
24489
15015
30843
32064
7077
16524
5142
23517
26589
30552
4209
30735
4908
30270
17049
32922
20238
8013
8382
9639
11853
15204
25662
14304
19179
14565
5469
3771
28386
20349
27534
26931
9423
32436
25998
16500
15960
31140
7017
9549
2748
18282
14343
14715
15552
5448
14637
2793
13461
30075
19488
32373
19335
12150
13677
5514
774
19146
9285
3216
6498
3822
30150
15921
3258
30204
6477
26274
2400
20550
9882
5148
5832
31281
26919
28443
3729
8556
5292
17193
12687
31836
16566
32022
10986
30243
4539
18816
23448
13824
22035
4002
24702
26241
26979
2016
23445
456
28293
25845
28062
12231
5049
894
10512
31971
3393
14241
14583
8685
5490
27273
14577
29112
351
25566
414
4890
18438
23862
25773
14529
1920
24531
7770
28899
26550
31215
3411
28899
31116
31473
8130
10224
6423
25698
16251
16875
13995
4890
32616
19488
6219
14196
15600
6573
13818
23070
18519
32256
20988
11292
13788
22908
9882
21558
18807
3432
26832
22218
6387
32004
27747
14517
16284
8229
7215
32535
25104
21210
11484
31776
14754
17703
12972
4413
24276
26790
27483
16854
26049
15474
2202
13893
5382
12084
2451
31248
15516
3339
27522
28959
9402
29328
10476
25686
11613
24747
32280
10773
20016
10764
9549
8826
28467
22524
13239
26802
16314
14781
17712
16419
4311
19914
30312
16749
32001
6822
22053
21573
17217
16578
17535
26619
19962
2067
19308
31575
873
18588
9348
20889
3408
18897
3771
5931
8421
24069
32733
31794
5850
17445
15213
17217
11418
19584
966
10419
462
30078
6048
17679
13656
23583
11301
618
32709
30609
32193
582
23253
8541
28527
717
1494
32298
6648
9918
23367
13440
15768
3273
4941
5037
27546
16359
24621
2571
834
25083
32649
6885
9765
20361
4524
28122
20979
4233
32787
27228
4815
23040
9825
7398
30813
11319
6699
4461
28293
4122
24957
11061
14454
29901
16101
16056
20316
7722
18627
21153
6864
18276
2094
23685
5637
6618
18807
672
10854
18594
1956
22725
15690
11781
30126
13503
23103
10881
25020
25452
22059
16980
3516
10569
20937
19617
26628
8253
1395
12255
3462
15315
4590
5556
6000
17283
12177
24807
25014
30087
10401
26970
26868
147
5754
31050
13650
2913
8931
5673
28365
5049
29709
5937
15618
17646
32610
9246
25899
8064
28560
29364
23379
7206
8976
3438
24489
21153
2301
16503
25296
12705
17532
19167
19908
23286
17217
561
255
207
13290
2676
5256
9999
8616
27930
27645
15282
11235
27600
23346
13851
31020
20784
21057
6999
24222
19602
2208
26523
10164
27507
13284
27696
20730
195
25038
12003
7812
25293
12210
21102
2025
24522
5157
10641
19455
32802
32982
4746
1458
23328
18597
32481
11112
6654
13536
9390
312
22800
2916
10476
17307
23256
12228
12093
23451
4266
24099
31263
3615
10365
26421
5643
1890
31578
23340
28401
5436
23322
147
6897
13653
25800
13434
31821
32454
1026
8214
6822
23826
18186
17301
15192
8442
29529
27285
5952
798
25440
11271
11469
2808
4695
17112
11754
10329
7455
7155
15768
4833
14358
29721
25542
7158
17211
24366
13668
18237
6636
20490
9063
24822
11847
31311
7320
8379
32655
13272
16233
25095
24546
1758
1959
3297
18873
13713
13626
384
27924
29394
5217
16338
171
30762
30552
17382
29184
18276
2619
2820
5769
18741
1698
24672
24108
9018
51
23763
22293
23340
22917
20895
25101
24876
24192
18030
12648
4818
25470
14628
8271
30687
5025
15498
2505
2577
32883
5745
20856
9558
8565
681
2355
17319
25353
26466
26340
32463
17229
22689
29859
14202
10584
29016
13137
1776
21102
25785
13650
13572
14469
28977
18318
19494
11478
20823
29130
11361
26571
24042
27975
9192
24723
30333
26514
24132
23799
19854
23595
15084
16599
27513
29289
27183
23529
16482
3015
11634
9267
23721
25206
30792
19701
17580
24345
5235
5406
27531
23652
6033
18573
18627
15225
17352
23016
15795
8484
13815
9705
6138
2958
26304
651
6303
20487
31236
22785
30558
16926
6108
21282
16191
10956
15039
771
2301
20274
6177
29832
10926
19266
15405
3609
1494
6813
26628
24345
15300
14499
1053
21438
17457
27357
29145
30816
21903
1437
20601
19461
18366
765
14799
1557
11724
29838
2328
14025
17112
15564
17916
2094
1830
7377
12762
10380
14193
6390
1728
29493
20889
2781
24987
12405
4194
28188
10221
26097
29625
4881
12561
14991
5646
27360
23604
17370
24201
32991
5454
15369
15555
23370
24522
24441
30747
4284
8880
18996
17730
17664
22545
12675
20445
21588
25080
31695
16776
9360
24795
20460
14241
4356
2451
26943
5772
114
18372
4029
105
23826
26457
15660
21252
17979
14157
26055
29319
23037
12054
14049
7701
1599
26724
2202
23190
25863
900
6966
2223
25695
1482
23520
4107
10992
24519
9879
11106
9891
20967
11211
7773
14424
927
29025
32403
22140
22083
2778
12180
1137
16827
26937
9792
17607
29142
32982
10470
4098
14007
19749
3849
15489
17325
7956
26481
8847
24891
11643
25794
12858
22854
570
27282
30837
29595
741
19980
25734
3519
32160
26871
20346
153
3666
12012
29295
10704
22482
7449
24711
16290
11298
14259
615
26310
14796
16518
18204
26442
9315
5118
23352
9885
32403
21192
13536
7200
8172
6273
10722
14388
7200
5124
14541
17922
17136
17895
28629
13677
25344
27396
4023
10701
15711
11694
4011
30510
28215
29271
23952
4530
1392
14304
21471
7851
9552
2007
15051
17724
15336
32829
6168
22539
4956
27768
7461
29148
12663
3090
16881
12063
4545
27960
22764
20256
6657
834
17766
1872
30105
15774
13458
31497
30081
1929
6348
6633
10992
28458
31416
26331
28287
4584
15870
7299
6408
23331
10506
19071
480
1443
5193
5025
29406
2013
25281
3063
2847
10050
11991
32955
32880
25449
5508
29961
27378
18915
10653
5370
14373
16125
5757
9660
27765
21627
24018
1176
19017
1524
27303
19497
2967
32496
24522
32373
8568
23859
9492
11415
7965
21483
18426
7848
13932
30993
11865
15366
16908
22518
27795
31281
12699
552
14997
7467
29238
13071
8643
15255
14595
2946
1752
24621
9501
330
23994
18069
31245
7545
3540
6213
29028
29025
21117
17019
27018
32982
32385
10926
29559
1236
16263
9258
8847
5316
23781
5085
18390
32424
20340
7041
9429
29148
31662
18930
3534
29715
11055
1779
4260
14595
15048
7344
17676
10221
24363
11694
17262
30807
29676
13821
32043
19995
30135
7890
25314
20919
12975
17760
20343
7371
31857
3828
3519
30522
29814
14109
1293
7869
22947
12609
29523
12051
19953
14199
22275
11319
25896
6537
9126
29628
27414
8169
16626
24549
23118
15996
19524
3093
7812
13926
17523
6669
17754
21042
11247
14571
9210
19596
22440
32157
32205
26019
18264
19161
7221
14595
30480
7173
21132
13662
3801
22602
21831
27483
14154
19005
17535
678
22101
25347
21660
6624
6075
6417
1722
17322
20988
17988
10977
17484
24201
10182
17562
9468
29343
24783
24063
879
6012
19254
14541
16869
8856
10431
11355
30066
29436
28890
4803
18537
28296
26463
32217
1371
32880
7998
25749
27924
25986
3726
19467
17190
13911
4029
26658
17310
2868
24777
18192
15936
11031
32733
32805
19890
10164
18216
24012
6603
21165
28815
32196
16461
22281
5472
17832
29217
13470
17637
24144
6456
28422
17667
23646
9333
28752
24360
699
31620
16140
18891
14556
1227
25683
21417
28173
2847
6636
19188
16506
27801
15003
15705
11262
11340
28233
3150
7560
8703
27843
5760
15159
23265
23427
12864
6654
19179
11280
7356
24855
1476
26247
13467
9762
25986
1884
4935
28836
8520
24123
19398
3321
13185
9159
21639
24525
4392
31845
6141
13095
26691
18957
2313
16956
9384
22233
23613
2619
513
30969
1530
9048
31272
14997
18810
24261
23940
23745
27153
32460
21927
13551
9840
9168
29769
5535
7749
1161
4383
13893
14259
31074
32850
23628
15030
16293
12861
12699
25968
20430
17724
1557
29478
15999
23610
22344
14316
14550
20148
8469
21069
9075
29076
4965
18243
25845
10500
25992
1065
21939
13941
22380
27069
20850
13008
16158
11199
32925
28857
4167
20355
13584
5724
23892
3639
3393
20292
17955
17943
7440
480
6012
16515
3612
18033
8814
29460
28536
8865
4581
24531
22806
26961
18603
10656
6969
1761
21855
6894
30618
81
1305
18258
12861
32253
21897
16254
19548
13908
8256
26988
14388
21324
17562
18003
6360
26376
21519
8952
9297
26100
483
32106
27117
19086
16818
1086
20847
12732
15036
25524
19869
16341
10782
6786
15597
32682
30099
9201
13590
5355
3189
2037
26679
27807
27096
39
28242
22671
8991
4539
22827
16533
10701
16944
2619
27522
18030
30525
14310
7122
23049
8235
23463
7887
15021
13116
14625
12120
22317
28218
24531
32565
4311
18213
27372
31407
25308
22614
28134
8358
1212
17961
24891
11913
1905
1566
13491
26991
32091
27801
1113
29196
10092
31632
4086
32172
18807
25767
11292
8124
20985
2826
14745
32352
28095
16176
4815
20403
12846
32949
28761
14058
17910
27708
25974
26871
29277
6465
20862
2424
8325
29031
5679
18417
27666
9765
24645
13473
9588
2940
28653
30576
12822
17457
3984
7917
633
8802
2376
20535
8751
31140
1596
720
32904
27570
27591
29181
8091
22512
31608
16416
25599
4287
8892
27321
21108
537
7794
30696
10533
10506
2328
30411
2019
6315
5328
9708
22173
14763
30243
30924
19959
31839
31644
19863
465
26238
16047
15615
22806
21711
6087
15405
54
14979
9729
28218
22575
24579
32970
7164
9141
2301
4578
11160
15672
16962
20868
4845
5781
25170
9825
25740
31065
8472
12606
31533
8766
28653
14148
5628
24420
20235
21033
24474
9273
4818
26748
5904
29400
26718
20124
12597
3075
31758
23760
18747
22779
18684
30648
28560
17910
14532
21303
15978
23004
909
21567
5826
3618
9771
18510
2094
4062
6543
624
13335
18420
27372
26295
14820
21090
20478
27417
24168
19236
25233
16971
9015
17976
21678
11634
2886
3210
32937
25920
270
7902
14487
6096
11520
24258
24606
13614
28323
5205
21294
15714
23625
15666
16068
12501
3756
3546
13977
1980
29838
6210
26010
5856
31242
14688
17490
8187
17898
24483
1107
18168
32385
15597
31320
17961
13911
29982
5631
9234
2187
26925
32007
32871
9591
15075
12372
20403
18621
26349
22386
22515
6618
15396
2427
11916
4140
26973
20103
22038
18456
21213
14262
17841
10866
12582
2802
24777
9564
8433
1014
18807
9414
7077
18678
19005
22152
5109
6411
14829
31458
2853
4344
12132
25305
6774
24051
29445
747
11154
18483
26262
6423
32745
18159
17289
19383
20964
9069
28947
3453
17139
14754
12870
24216
7491
5931
20424
12600
12342
2253
18114
22251
13653
30249
14556
27483
28356
11001
28233
6510
3540
28551
19992
10341
13710
4281
29724
8730
20406
32727
12186
11601
21540
32112
2817
29031
12099
30297
15687
31500
32550
801
20751
20262
5106
9366
14745
462
27423
17034
14031
30966
12585
1023
15363
26298
12360
19146
2028
32769
25929
21270
11370
14469
27438
21246
17556
6540
18543
243
5040
25152
8103
25791
12414
13209
9213
27159
20730
3639
11196
1761
8661
23781
2784
31080
17079
15144
17226
26166
21969
10158
14436
342
31683
8877
28644
16242
15417
14187
23541
27513
6339
31644
27360
18753
18912
3576
19971
6642
7215
31167
8403
15876
29004
18243
13956
20142
7443
5241
13308
29415
22455
1800
3813
21138
10677
32457
4380
150
13644
1980
27663
27042
624
22026
19851
19536
32658
6822
234
6873
12045
8637
29805
15108
936
17817
2250
8382
30114
22614
4797
19569
24414
15666
7710
9150
15123
19146
16356
2823
21126
18078
3921
21753
14160
23775
15345
13818
30597
15582
20691
16701
31275
24552
31809
32214
16425
1059
7596
13542
30729
19449
111
29199
2115
7821
12405
24294
26970
28764
1173
15096
13842
5097
10905
2058
28872
309
15876
525
15891
10623
17226
21222
2175
23091
20436
18600
31206
28032
32142
28935
21537
6312
32193
30708
14133
11598
22002
15159
7362
23178
4314
28260
2331
22275
30318
31203
22584
20250
5784
12531
30873
30069
756
7104
20160
21192
25707
18369
23283
31905
21360
11820
12273
20553
9531
465
32154
5589
15624
13572
2823
26994
15891
5154
16272
20265
10413
5856
7518
16200
18390
12447
13269
19146
19554
7485
14394
19317
32910
4677
25278
21273
23556
4554
15882
7143
5019
22092
12732
27699
2667
15558
21696
25614
27768
12024
12879
5184
24936
27453
28440
10326
6903
15765
3528
26457
23250
24981
19830
23163
29658
12108
18492
20214
16662
8430
27357
28737
30525
14148
30495
7248
3762
19191
32862
31530
5271
19797
10770
30207
14253
6210
14592
21156
21975
25176
21669
19284
17157
8499
16503
13818
27663
9051
8088
18384
17481
9504
14121
22062
23652
11616
29310
1470
4863
3228
0
10134
30084
10773
14400
11337
24039
28992
6549
20073
28224
2274
6357
12384
17829
22860
258
12492
5967
8346
30876
23448
24906
12000
12513
22614
30672
15879
24084
9594
26166
24087
19728
23250
8916
8184
8643
7011
11232
15192
27084
6459
24522
7497
18843
9351
4413
19101
21843
10380
1503
19722
831
468
5778
20400
23082
10506
10335
14169
20100
10557
5256
13887
807
21228
22071
16506
28239
306
31698
29382
6765
30276
3879
32664
6627
8295
25821
28473
25731
1380
22251
26562
1848
28029
21018
24933
5535
5412
6102
32694
15969
18414
13581
16779
13698
2652
7341
15993
10014
6042
12375
23835
10374
23313
23499
17004
5664
23376
12477
31395
24759
1728
32016
663
3813
27090
25596
16404
32502
5754
16098
15474
31224
29679
6309
11922
6390
13650
27918
16404
26748
14349
7242
4125
4662
4797
21129
10326
28176
7662
15780
26991
16446
14796
27654
27315
8886
27309
10719
8391
63
876
30921
31290
4611
4230
17268
11001
24936
12186
27408
18687
26538
8706
29868
5256
20559
17997
22641
15735
32715
5421
16782
16161
27273
18495
10476
3159
12804
28251
18606
19923
29127
16527
25269
741
27813
9540
18798
26808
28782
20262
12495
22320
28968
16419
1635
16530
8472
24276
6321
8187
3753
30162
31404
31026
15657
8880
1185
28461
11187
26850
15384
14373
17433
14712
22170
19305
24252
7968
13113
20034
28233
32664
16413
31257
16083
18048
21843
24555
16380
28167
6798
20133
25329
5202
18159
15042
21138
26400
10503
32325
20250
32943
20754
4686
14655
9924
31047
5907
24951
11160
0
20184
17880
16413
25497
963
8517
14343
32574
24897
16566
6372
12030
15951
11574
30189
30993
32712
23589
15552
6093
17898
15495
26850
29640
4209
3774
27687
17172
28725
5847
17172
22965
30783
7641
22521
31746
16158
3864
5376
8055
27486
11748
20085
17493
30378
24330
22542
30090
14922
5094
3183
6876
27645
30033
3516
31854
7866
31203
23085
10647
11106
7257
615
8889
14901
30192
14691
31059
8112
20067
13173
2598
31815
7314
27147
29193
31647
16689
339
20625
28839
10578
27501
23484
14670
31017
29397
22536
3276
26538
7239
14382
795
14910
30327
22752
12102
12018
20814
20214
32085
8043
29868
4956
15357
24015
8205
14004
7704
15600
8685
10599
26178
10242
8142
14904
8259
11595
4440
18591
5133
18738
32973
5928
648
30300
28683
12753
16374
23553
7023
22515
5652
3894
1527
21009
27909
9732
9072
9672
32388
17757
20271
32625
28002
2469
14529
10317
14064
26028
28911
19197
11766
2940
32184
19470
7299
1923
32223
23673
25476
13305
13191
31128
17199
14718
26193
19164
31509
2265
28836
30897
27081
23166
4578
29139
25635
19110
6456
6702
12138
9423
32955
30960
12366
32139
17430
19665
1062
23712
17394
26538
4017
30585
31722
21216
19362
24918
7380
17871
1239
10275
22824
28320
7497
27405
24459
132
20571
4974
13890
32709
14397
13848
30669
819
12987
22155
27540
14052
12867
11937
14646
16884
16578
20427
12156
2940
19401
26595
27867
20640
3870
24750
23019
11367
26211
21534
18555
13782
26508
32448
20547
14964
13296
25272
22839
26283
14427
24438
14391
27297
3375
3096
18237
27009
23523
30396
29952
9924
23991
31875
4620
1917
23625
1695
20340
16836
23232
5895
4674
23796
5343
25221
12816
25695
17493
2658
26037
5979
27096
7428
276
4527
10524
18513
5592
8103
22965
9600
18027
21012
8478
29706
22929
6159
31401
10269
30054
28689
23223
1728
19488
28566
26952
6360
28320
18501
9018
21357
24480
10170
2841
31812
21753
20424
24384
27348
28527
14349
3948
20613
2364
19482
17319
32349
25644
22776
16677
22698
18468
6900
24426
12012
9522
25434
18372
4842
17994
1449
26199
9474
18675
3099
8289
7431
23523
6729
8835
19050
21078
19839
6663
30498
6324
31038
3906
6024
27873
20583
28722
13341
27483
27204
32409
4005
26697
17781
8850
11691
19230
9105
28221
11964
12204
10566
19395
9783
17295
2286
28836
12432
22125
9555
16986
2505
14652
20892
8529
9525
8475
11307
29922
2958
12570
29331
14022
6267
14112
29928
25014
7401
13089
20235
19365
32352
4860
12816
9135
22155
22158
4971
8643
18339
21585
25632
20847
3237
13524
3432
12762
29058
21798
16740
6072
1368
13071
20094
7635
1239
24078
6705
15696
4170
26940
9117
3522
5856
28989
12657
28014
18147
24687
10713
3489
20328
3345
31392
23565
23928
8880
10383
19986
30678
27123
114
32046
14250
27267
13737
15489
18345
20442
31188
29571
21441
7305
93
27297
3297
19809
29367
28500
18552
7083
6045
12936
17484
11493
3501
15468
20376
20940
9510
18054
22119
9627
24159
3369
3894
11952
18858
22239
32397
24102
25869
27894
5466
18
29247
15819
19827
32673
11319
12435
13812
24423
25371
31296
2916
2928
20823
23292
30924
30333
15405
20043
6960
13620
23412
10854
25572
16329
7152
32025
14487
21
26919
19953
39
30225
9828
26925
29898
28206
13416
17766
19629
12846
23118
22545
22830
10941
19896
20757
8277
9357
14856
15237
22977
12327
150
15549
2712
7302
14577
17199
14379
15552
11211
21474
19833
21039
22455
23787
16245
2874
8553
2874
22776
31674
32478
12606
9615
19374
7419
17892
28731
22278
7188
25764
1605
7338
8313
11373
21696
29946
28572
3075
19557
6783
31605
6390
1881
21063
4236
18126
30993
12789
28059
20769
11463
27537
7431
28137
20967
14853
13029
23754
11187
20217
16518
19848
1611
31887
31221
23307
28836
849
438
22449
14691
32046
2895
16572
27165
7131
8754
32214
19923
3813
19983
5442
5406
1470
579
429
23379
20667
24183
1566
14940
7701
28470
16554
6591
26691
13917
9483
1599
14358
31932
16290
20460
8883
32862
21681
16017
8616
20895
9996
19488
14934
15438
31950
23460
16020
32382
13842
10743
30621
22464
25683
5325
17937
16293
18972
18684
30213
2511
20283
18627
1443
10629
13143
10326
10491
1824
399
26166
29775
10395
12654
11709
25836
18660
9225
15912
18042
23067
711
15666
19590
26394
28047
4527
9690
21075
30267
6903
23586
24609
32586
32085
2238
12729
16467
19788
14553
16869
12954
11328
1320
32664
30093
1212
25380
6318
24180
17481
3444
24891
7203
23034
18288
2250
1617
2034
30381
5940
15993
20967
30549
15579
27108
6846
28308
10575
690
9861
1500
13644
28245
2823
20364
32394
11091
12744
12768
2274
30225
23268
27165
11484
13302
19509
13734
21975
21543
18171
27918
4536
13194
32523
20115
7302
6369
15423
24936
7059
32340
492
27759
1641
10371
22179
8091
21465
8982
27918
23739
13263
18186
24960
24750
5547
11472
12540
27522
15
30714
22440
4554
10908
21966
31725
25269
2391
14151
17205
16509
20547
17697
18324
29247
28071
7506
4338
16536
16488
32256
14331
3807
17445
6291
28557
22992
17763
8100
24570
24837
5814
14013
29391
23778
10035
2172
16047
12426
23379
252
2991
10929
25008
21318
7176
20079
28824
18570
10671
19368
17829
25002
23175
9330
31293
25791
6378
23115
891
30948
14952
13761
19017
18399
11595
29052
20571
1701
15537
10953
1953
18528
28938
1017
13902
3114
28152
16782
21684
5823
10206
13569
4881
7440
22899
3177
231
3333
348
8178
1284
15300
28995
27357
7755
7590
23412
28326
9291
13005
