12000
16149
20658
2331
14745
23379
7005
16158
1476
25947
28263
19086
30081
26070
24177
5289
17778
1620
10278
27516
11208
3633
10104
19701
1287
29346
28590
32586
3369
18201
21405
29787
35406
6066
33174
15207
30501
4179
31368
33033
30126
24687
16119
25263
14757
5352
31611
33594
6972
6945
25110
19239
10578
273
2940
11868
29619
32586
9510
32988
15843
30915
26775
15252
981
25008
31515
32538
29187
27939
29571
24372
17685
10746
13635
32442
16101
10302
31092
24129
17250
21261
8424
27828
21534
11364
4752
16209
7953
14262
13197
23796
9180
5028
4104
11217
30036
678
7758
24282
28617
2385
13710
10302
13134
28401
7803
30291
2706
3951
19476
19956
26268
27903
12840
12858
4323
17595
29067
13332
31857
7320
2187
6093
12351
6291
17313
7443
8025
26127
32781
1701
29568
10491
13059
7758
2895
21918
2049
6657
25872
22584
26613
17196
14487
4509
30057
18810
22104
23124
32145
19020
30447
35388
26169
7854
6735
8538
16353
14763
34665
13137
16464
29292
24684
29523
1050
27579
16500
3102
35292
6372
26742
26961
23568
5229
31473
18681
25095
17577
5808
22296
1653
1311
21684
27825
10221
28422
363
26574
7185
87
3711
24705
29379
29454
19284
30429
21033
35784
34587
20328
7212
25329
11289
31839
31614
7818
14520
20712
26454
21384
8064
28107
23751
29751
20988
33972
23229
22410
24549
31470
22497
29316
20175
16932
22770
4515
12417
8862
5358
11007
30246
13626
1392
6591
10521
34065
14412
25044
19833
4866
11484
27897
34029
35238
22704
19020
34266
9933
5430
22815
5403
28983
17190
26634
9915
3960
32208
22332
13878
1566
34395
8124
16248
846
15774
26772
34911
30186
16872
19800
108
28356
11697
34137
28650
34404
18213
26919
9393
23643
14790
14799
17682
31980
6489
27597
35943
2697
14988
14877
5319
14439
23004
21570
15285
2778
13398
15252
34020
30270
35052
34128
22626
11808
33321
16335
11268
15537
7254
20661
4236
22044
516
22977
18027
7008
15630
19026
10761
30618
33903
17139
10116
21963
3765
26457
25797
17163
5712
23817
11433
5820
23001
35115
18684
21381
15450
29952
1974
23760
15672
7266
9807
16188
30243
28890
24252
9876
11916
35016
5550
10875
16155
15666
33897
19920
6126
23694
2139
12894
12570
13572
19770
627
13743
2457
22008
29196
33465
23982
18012
13137
32307
27819
29328
26550
21765
17580
426
34737
17652
5979
9615
34863
22701
7512
19839
29883
32262
21978
6777
8832
606
27606
10518
14352
30063
32526
8604
28584
21567
26616
5724
17874
19494
108
8424
5259
18744
9909
3999
399
16944
14670
35262
4701
23238
19104
34587
19500
6138
5364
29391
6747
32970
3909
21099
28089
1491
30759
20676
23058
21375
27456
5988
5925
27564
15471
11187
10308
25380
16242
11763
7380
30912
12084
12081
18150
32244
10668
2706
2382
17091
32097
9129
15117
6
31284
7209
1500
26043
28941
25614
12477
21453
31605
18402
13017
11076
30645
24381
1512
10887
147
8892
6855
13287
22029
25005
9531
32700
27714
11913
14847
24867
22101
29964
24876
17385
2229
27432
8487
31170
17046
22020
16623
13707
5478
30696
24783
126
19080
27351
12069
20283
243
18927
33570
22275
8988
7101
20031
702
20070
34878
25572
6171
28842
15504
24615
31074
6936
34158
27300
25038
20178
8982
2748
25656
4734
28587
26838
24870
19941
2910
9153
21240
22893
7779
8571
31881
15936
29658
33642
1065
28536
24270
7236
22437
4830
32907
18567
12822
31065
10923
1860
16299
20961
5664
7014
25698
35310
33852
14568
19251
1818
24780
5547
24711
33615
15177
21651
13554
8835
20349
14619
1374
8619
22911
24867
13449
19821
7434
26271
15942
19413
29187
33300
4377
34854
4314
30075
34164
3222
9699
18471
5043
34479
25074
30810
32097
4251
17517
10707
13089
1866
26382
15519
11541
13293
4386
26046
34170
12876
17373
15171
33345
10563
12471
1722
10473
17841
32853
9693
21063
7611
29220
27162
6090
18294
21975
3243
22548
4548
15006
693
6417
5388
16212
19014
19740
21654
9063
17910
35586
26436
34137
32931
2055
10608
35712
12528
28449
33621
23277
14571
5232
16497
5733
12381
35850
27708
16680
23454
33315
31689
24147
3732
2133
5415
23802
21873
28125
32865
4842
28767
23304
2979
26754
26415
14646
26466
2946
8151
24090
27279
22722
30378
7779
28458
6759
7629
21222
23442
32139
18537
19131
20286
23325
21264
26757
11130
8196
18882
9051
13038
12705
33411
17073
3459
23829
31719
30984
26775
3873
20130
18054
27651
14508
26889
21165
21270
35574
6390
8712
31713
25983
28899
17055
14367
15219
7812
26553
23415
27750
35604
1509
4455
33018
18585
7917
20847
15360
2901
12678
20289
23031
31788
11943
2595
22680
33108
23865
23310
4554
33633
19026
31596
27588
1137
9963
6810
8952
516
31281
702
120
33849
6216
34194
17490
15189
19041
32850
18090
31719
17142
6177
28566
30141
8772
15246
28305
33696
3612
32862
31329
23694
28458
22920
24834
3477
30786
33786
5049
27123
35544
5169
24972
6816
3366
6462
22005
23463
4371
4095
20241
21513
11328
12807
15654
20103
29109
7959
17799
32721
5877
14184
20418
35391
2160
9252
3924
34002
8094
8973
25128
8694
14145
15156
15513
18567
22677
1518
6030
27048
6672
27327
13617
18000
4134
30327
3159
33243
3342
22014
29967
10278
201
15441
9669
2361
24693
13596
366
33843
23625
26550
6537
1770
6762
22050
21393
29439
23571
28482
21543
30243
19809
35160
13299
23946
30543
16461
22245
33888
2475
16212
8166
2676
31653
18891
6096
21402
33543
7518
19245
21171
35124
25785
23997
5886
12891
10449
35328
462
2931
21927
31761
23796
22146
9063
12798
16689
26580
35046
15633
29055
15258
24855
32790
11970
7749
3942
34428
6348
11460
17676
28575
10584
8517
16575
16470
21408
28080
16854
22929
31011
2784
19746
19863
24930
29865
32664
6675
20445
31710
22311
14559
12024
11166
11349
25050
19971
15291
23481
27378
27807
6213
19953
3447
14730
1584
19917
1194
29664
1830
25179
25731
5670
8928
9597
31656
2793
6261
2331
24297
1971
25698
2856
15051
1923
14205
4104
21894
30552
27585
14328
23415
33798
34284
26862
13584
924
10779
15834
30591
13665
5016
20322
19335
15000
30975
14991
18849
1236
18381
7146
4263
8079
10002
19317
10002
25263
24477
32955
20871
16062
11283
8286
14916
10623
35148
29556
11550
10986
10446
7197
24651
15462
27519
9045
31518
23553
25092
14370
24789
7473
21516
30111
16611
32577
14484
26613
21840
2961
23568
7770
19023
35910
16056
34995
10533
15207
28551
22083
27249
4053
30336
15900
19518
22914
26001
16092
10467
15096
30462
312
23625
17037
30423
4236
13614
8907
31908
510
11868
20532
8280
31947
20442
25395
30942
30978
5658
24549
18117
32907
28605
12456
13863
13179
35370
3867
30327
10893
20019
24792
11205
7644
6885
5631
12939
20499
15594
8847
22065
27465
29379
31404
24468
14880
20799
20469
9858
27513
10074
29031
24420
3735
6543
2283
17970
6969
6150
12300
17862
27225
1092
30126
34872
7977
35757
12867
29532
16407
21714
16653
8928
16149
12057
33399
31029
33912
17868
5943
25425
28998
33
14901
32736
6576
17187
14706
14604
24393
27006
33522
15621
29154
27648
15549
1131
28461
28416
31719
8871
15186
12375
17799
32391
25488
16254
27423
24459
35178
34422
14940
28179
34455
29844
24915
6090
12087
4677
20694
480
31686
19272
17157
24840
10923
32706
27030
4440
26178
22749
14367
6420
35124
32169
2814
25671
13479
31293
14130
12660
29715
29070
4839
28173
22914
30810
34263
35001
35487
20013
540
32229
3285
17697
21072
15264
15462
13158
19707
6696
35907
35130
13119
90
31299
16989
25761
9837
12282
4947
22497
7053
34017
28392
35226
21990
24258
34545
22047
23745
18558
23643
21033
22902
6399
7161
2166
21861
20319
22929
28557
20226
22062
6732
21372
18417
24777
12189
28254
1059
17136
15807
8115
16212
8199
8397
2202
32457
6945
25305
21261
26559
14007
7350
13461
20406
14511
16686
6267
34830
3615
35880
20112
26733
7671
5487
10209
32448
17676
2463
34566
34815
19329
7737
16083
28584
16134
19341
26100
24135
8646
11361
14697
22653
19767
28158
7059
34278
8844
14382
33108
13518
15321
18276
4251
22992
23763
14460
19440
6498
17982
19062
6369
1311
26799
22452
30951
6936
5793
21051
32127
15495
33468
10824
3207
17235
2985
10266
15513
12885
25707
13677
26403
5028
31956
31713
28020
20775
11229
12516
27273
30267
31581
34698
32634
23436
21150
27588
30372
27999
12639
27558
7497
10110
2382
10704
27345
6423
22026
7917
19311
12789
21594
10770
17817
18606
7539
10893
3384
18771
23412
31713
13038
20049
30414
9675
7485
16620
1263
2916
9678
13902
30474
17175
25068
32856
28935
16416
4338
16017
24333
23649
28809
10983
35475
10626
30648
7017
21522
34032
25788
9990
30801
3882
30039
26271
13557
2580
7950
15876
5496
17628
30837
35970
35859
19905
33885
28794
321
2223
8811
25710
26928
1620
1752
26403
12249
32400
34476
34827
31488
25320
8817
26289
29205
3912
17619
7818
6492
25569
24753
13047
8253
19590
13017
8112
3495
11958
906
4875
15237
10773
31641
7221
13452
33393
34683
26757
29793
33159
25584
25281
22482
35457
16629
16743
3369
35304
24561
10917
25929
13314
23964
34182
33960
2040
6294
1458
15054
8256
7389
30294
20085
3030
1515
33537
426
198
24294
31275
34416
14934
20559
20898
14391
2244
1641
18816
1548
27258
29736
27477
5631
17700
25659
3591
20796
33009
6105
35853
6321
13494
30147
27462
17583
32718
25002
18009
33975
14352
13284
32391
29289
34899
18345
7680
1143
21042
27555
2691
12300
21291
31224
18987
4047
21939
23637
25902
18948
29742
25755
26325
8295
20958
17790
25878
17676
7848
7887
16707
23256
22227
13098
16545
22185
32499
25284
23328
17541
16839
27078
30900
3186
23358
13887
8289
9300
1524
34191
28248
32325
23946
19632
4620
9960
2478
31554
28695
11382
4497
9402
34638
26724
23559
15186
12909
20058
5526
1296
1602
23421
29430
32502
26607
16788
11445
35952
26088
12972
34146
19395
10353
23148
4083
16029
33111
6561
11583
25806
17943
16080
264
17637
7860
23823
33879
20772
7884
3405
23124
9486
26826
17610
5988
18489
34398
17433
19500
25545
31461
18702
9996
6870
5850
14079
22899
4017
20640
34482
30879
3639
14562
31146
22332
22425
18969
20214
8253
26853
23619
32433
1395
15504
14043
8439
35049
13497
26931
19605
3042
22392
2307
13038
30321
9216
28173
17220
13233
13869
16761
9171
17508
32379
4317
3843
19860
24342
25113
28113
16254
13788
25602
17649
29292
4701
26091
29400
18201
17022
13005
22299
4470
16371
396
35847
25587
28569
17070
3876
6441
34887
13047
25005
31266
18420
29904
15129
6765
19017
8298
24075
32808
34959
6780
27156
3660
32871
21612
21861
14949
34620
8163
20478
14991
9615
21381
5634
2184
3507
9510
9681
2394
22560
34689
33663
4980
29649
13848
12801
12669
22146
876
10533
21105
7659
1689
25824
5586
23304
11685
21594
22980
20904
7128
3027
30519
28509
8661
33762
32019
18171
7443
35469
5787
7188
33132
11826
840
12036
24627
14565
35241
26562
25098
21402
35277
27843
11226
5919
16203
22914
27513
4239
8874
35697
7266
4452
29265
16983
3270
26340
213
11769
25809
6000
18960
24000
17826
20856
36
7512
35421
35277
34074
25575
20682
33351
18474
31908
3270
34680
19878
31842
2919
29811
32595
11244
34263
25860
28227
2589
16200
29496
14358
6012
35499
34374
31068
18381
19230
31104
25893
19707
30384
25023
10338
16122
22374
28815
12030
26703
27495
32967
23601
31470
26778
20196
6714
26097
11115
0
28686
28371
29496
7044
34383
30051
5421
30507
13491
25707
25614
3384
9417
21054
28410
19755
1176
15840
13626
14262
7599
5121
11229
31200
1650
3063
16455
8364
29160
27570
9420
22902
19941
3975
29949
19383
35082
426
13890
12573
27189
4560
15960
1662
25614
9426
22476
26790
25266
102
5055
33924
6282
17340
29124
7932
20406
10635
17352
13566
3261
26775
471
23205
31806
31476
7644
30888
32958
22590
8520
24147
27153
25536
26868
16767
34962
13344
8616
25284
13446
13671
24264
19728
31011
17391
27660
15417
29082
9015
30042
32346
846
31569
20607
33708
27045
28251
29652
25059
15897
2172
14262
7050
27708
5130
24876
27726
18474
33492
18069
31923
11163
6333
16707
7230
24780
8370
23706
17865
18441
17748
15267
20343
13317
35874
18051
5418
28125
11703
31533
8022
14934
9795
16131
7698
14928
5007
483
33402
2499
19608
30381
14718
26997
11091
21948
15780
20517
10710
34701
2958
28458
15024
23301
6831
14898
6408
13305
8079
18111
8838
17157
34101
18636
33288
5802
34620
3351
6285
32022
5850
25893
26406
21624
16890
2553
7575
33726
23070
19341
33483
26028
11802
12507
14385
19689
27405
20793
34053
540
3960
6891
17700
2064
26583
14988
8922
25203
18342
15207
22284
25248
6156
13746
10875
23046
16299
19506
21831
3369
2847
20370
30453
15705
32880
8838
35397
25341
30687
34506
25884
34647
5397
7584
1767
33039
23628
10689
23298
5970
26952
9582
32277
33108
23328
7152
21213
3627
27714
8100
8052
31617
28470
2505
11325
25350
11343
11778
15750
7086
10284
5634
6792
16737
14274
8559
14832
1902
20307
2133
8931
12315
12771
5208
9426
102
13416
31695
4785
5130
3795
13896
747
33321
16401
13128
22674
28803
24906
3480
35889
246
9114
6681
18042
23388
16299
32874
25290
1662
35007
34221
13977
11781
4485
23403
12939
17901
20154
18780
24087
25005
32676
25893
22329
14136
3021
10059
6939
28986
13539
7884
30288
22653
14568
12330
11097
31923
9207
1443
33585
9270
35667
11562
22107
5208
24
35046
23112
20178
18885
11199
10242
15561
1092
32571
30753
5172
6630
1692
35214
20169
9579
29502
7878
25203
5835
18975
22182
16098
20418
19767
25368
21141
32385
11478
26352
32409
11580
14520
17646
30465
25719
28944
11085
27870
25515
5838
34098
33201
8589
33312
17370
19224
27870
26304
9483
33705
9279
31665
13803
30753
15432
4230
16953
12873
16764
7305
10341
28344
21825
29043
23868
12600
21987
34953
5526
11502
5847
4680
8703
15492
1992
27129
34716
29865
17433
8199
28626
27768
4920
7488
23577
21408
12774
4530
34284
29538
12891
8625
21882
35772
1668
9750
12375
23655
9759
18957
213
16665
23640
9972
32157
26688
1101
31932
21609
19590
5187
14238
11358
10110
22782
34935
32574
35556
4524
30858
29094
17415
4539
16032
17190
7263
26841
30621
31974
600
14634
32187
18321
2274
6159
15537
30021
8316
12525
15630
27906
17712
30924
4320
28878
17706
3258
25455
18318
8838
21369
11412
26253
25911
28503
8499
34230
19344
4176
30207
21000
18813
27450
3324
22143
34668
18861
16164
6984
31386
32853
35949
14154
27777
4269
7035
10542
8583
33546
29916
17421
19971
6387
8733
9882
34890
17232
9171
18234
21411
3378
3234
5280
31884
6558
27423
30552
26475
8646
2595
22917
5499
2544
1074
34332
7869
9165
9930
16455
7767
3849
34932
27738
10236
7665
2679
9126
24900
11850
27360
11367
16284
31650
16647
12168
2211
9126
6723
29742
17772
10374
16662
24327
13974
18792
22662
21843
27957
33648
3354
780
1497
2289
28518
12789
9954
31197
21915
35910
8103
14331
12333
24387
9984
30036
558
13251
3165
8337
8049
20937
19767
24711
9267
33741
8559
32985
20640
1572
30633
23997
2352
32133
27342
31929
9978
2352
27126
31896
3321
288
11283
15654
24675
22323
9693
26289
630
12858
35682
8682
34851
20505
34449
9174
18246
7011
6159
3945
9639
1851
27942
11994
35040
20340
7923
9018
22692
105
4914
27069
393
17256
6726
26127
4635
17475
17472
5268
31389
18213
15006
30240
2718
13455
4473
20967
21522
10632
25968
31164
12483
17910
8214
11523
3306
16137
20544
27054
17298
26514
18126
18750
8826
24852
8877
13464
7383
27405
19788
2772
9618
34794
34068
12339
13305
2541
34362
35886
14232
24330
32106
27771
7296
4320
4353
11658
21513
24897
2712
3867
16467
20838
22617
26352
10746
32550
3816
18129
23958
23604
21957
33576
23454
20028
10971
759
23625
10389
645
1857
35775
33807
29631
8127
2127
35040
19785
24696
24993
22500
28566
5460
7338
16239
32868
18087
12792
684
1272
750
25344
23232
35382
13854
8316
11412
14616
31941
21801
16317
34857
21579
14127
29544
30762
17310
28584
14550
7065
17577
1050
687
24093
9444
16926
20964
27531
29718
22704
29862
31524
13107
17094
30909
26961
25410
6321
6633
22407
29178
24009
22320
15813
3192
15864
10578
21558
8448
25128
28623
27081
27234
30366
15177
678
11295
1197
28212
6069
23901
22074
1596
2064
4224
33561
29028
30690
3882
717
18153
34116
24726
4476
13932
27918
20340
25566
13479
29847
14694
7158
21984
5928
1527
1161
6606
13878
3414
35874
19947
28374
23004
21543
30438
28284
20160
24522
22974
24042
25242
6186
23217
13968
10662
2205
6945
31002
27771
21480
25905
7521
28638
11892
13449
30165
14109
21111
9099
17526
22044
29049
9900
10104
15648
4338
3447
35811
28863
27477
24909
19161
33663
12126
33129
8325
14331
5130
4386
7158
26610
30291
14679
19251
6183
29184
14472
21351
14298
23574
2877
1398
17679
12777
12558
33327
18171
16005
33138
12090
7485
23106
31251
5148
288
29439
13476
14622
34569
18918
21780
25182
13209
1518
9489
20451
30702
25017
5802
10056
13647
8679
11454
31326
22512
24015
29712
5739
5076
27906
17832
12561
15012
13083
18768
15303
7578
32244
30981
6150
15162
17817
32388
29427
19335
6933
13878
14040
33006
20736
24096
10656
30471
609
7038
16983
25680
750
23781
30756
28659
5613
7320
7671
19752
27144
24030
27333
24444
19011
34539
4662
831
31983
34089
21222
3972
13026
35262
978
33762
24417
11634
29292
25026
18675
11331
14706
20481
35112
9462
13140
4725
17838
21870
24480
8982
9900
16869
33426
29970
16464
2088
31857
12447
1236
17079
17475
14262
16344
18453
13080
4761
31146
6372
29787
14877
17706
9549
35358
16818
19011
12501
22602
1908
35427
12138
10890
9327
29007
9375
4353
9471
12519
210
22974
13755
17292
4449
28017
34692
23958
6156
4509
19104
12528
34296
33981
31290
8901
34398
12111
27912
10899
34713
30876
11382
10851
6825
21765
4914
16200
26121
15441
28719
26331
3471
6477
8679
8976
35550
7371
32934
5706
11880
16041
19293
11232
15078
14583
20133
13476
26694
13104
25431
26463
7980
813
2370
15861
23637
8340
32061
13758
24837
25839
4089
28308
33372
13827
1284
32922
21198
35277
3687
33081
16374
22980
8313
31452
2619
29505
9987
30372
6609
474
20835
15645
2346
24264
31509
25983
32604
28626
3741
22500
18465
8886
14808
16893
22713
17151
14874
7914
16428
18561
6051
32802
6597
15420
29310
9216
9981
4353
3588
17646
4830
25482
33294
7176
13746
29859
33159
11406
23541
1956
34962
7065
10842
13773
23958
34614
31980
2832
7584
13464
22449
13635
10266
30102
30111
4632
3321
4095
8988
7965
21741
13818
33447
20091
22050
12249
15006
19209
24714
2550
21165
23676
9615
33063
2505
33573
32733
34485
1464
4317
11949
24969
19008
23271
19074
14178
27906
22395
18273
1950
30360
5070
16824
28866
25164
2874
6171
4170
22083
30885
6720
8304
19620
17391
6423
22125
16023
3159
21669
17487
8532
34674
6456
28599
21948
25530
6777
14910
12981
25050
17916
8400
30120
34740
2322
20340
1614
8493
24513
23697
4437
32289
33057
24057
13683
4536
11238
30762
8751
32907
12249
17286
31584
19761
9885
18588
10350
16662
33498
24387
6768
15414
32787
888
14154
165
22287
16824
8661
10800
4521
14154
8145
2634
2211
22884
7170
14505
17646
15924
11415
30951
34266
8055
15771
9207
26643
26121
25869
25197
14508
32637
5667
12354
34581
19821
12519
20868
645
22236
32724
6222
390
5928
9912
3657
29868
18138
18165
11517
35118
30636
7524
33384
2691
23295
6591
30390
13416
33516
19587
28983
31209
25254
6393
30849
10131
19968
16773
11832
6207
14556
19110
7653
20484
30078
12369
14352
12216
31590
26925
11337
27282
34452
9777
29973
21747
17427
25419
222
14943
9006
29205
11211
35316
35598
6060
10503
20622
22833
22335
26829
2445
6501
35541
22929
579
12966
2340
13851
9612
30321
25188
894
28773
24
30867
15579
17451
20286
15801
33450
30348
10062
8661
30720
10716
15777
5223
31338
3669
28614
23226
6114
35115
22767
29046
750
789
32442
14601
10401
26763
4848
11295
20595
4872
7218
174
22323
28560
15975
19773
23964
26037
29493
18684
753
9270
23907
32091
12939
17577
20373
19056
17748
8196
13158
18498
8985
9600
34155
20442
1419
3003
31737
22014
8931
4011
22188
31254
32571
3219
16086
20535
30312
9579
4275
32121
19905
29238
28215
32847
10815
13644
16959
29619
21843
30117
12117
30828
4773
11331
15273
6192
15390
12066
29265
24324
16080
15453
19578
13707
19731
720
34245
14043
10299
3576
10167
30207
32817
3438
28110
8688
17082
9069
2310
2925
4242
15483
34812
9015
26814
14085
16263
6207
27207
9528
30531
7287
26040
15165
20997
9771
15888
20298
23814
27243
23874
35037
22506
21747
2475
15672
30438
20616
24741
32748
23541
28983
12231
22353
3054
3048
1494
19320
10311
28704
28848
5898
1047
18888
21063
22044
29715
2007
7398
18588
29253
32331
17625
16815
18078
21159
32490
12516
5775
22287
9264
29316
16329
22554
16728
19383
26658
19278
2703
969
11982
32610
6867
14088
16554
28986
1188
10272
30996
8589
28860
25305
4920
11541
7176
24054
32700
3666
1629
2475
27012
11949
32850
7341
34503
14634
26724
25161
33912
30486
27186
10953
27096
34053
25041
8706
28098
26229
18978
24150
35874
12894
14511
5850
25494
21687
29907
22194
26412
31536
25728
17424
8541
23634
24765
7047
3324
15489
32208
2292
11031
24453
13245
2127
23562
3342
10836
15660
30630
30870
3810
30504
8823
18321
1413
34317
5067
31320
21567
31479
27912
12351
13959
453
1041
2724
8556
4365
19269
5823
7716
30303
30276
22017
33486
17838
25362
9378
34557
21048
5307
2367
15552
14130
21747
16965
13503
27870
13341
126
23349
6309
13536
2364
7821
15633
5088
17433
21057
25413
23256
28773
20772
18588
14790
18261
429
5208
28695
34986
26256
34002
2409
6867
13188
25212
24888
26691
17082
3288
27876
5487
9597
6468
7851
18474
22101
13995
966
7158
3411
24222
35931
24183
6813
14724
7500
8298
20988
198
8340
11247
34200
11805
18114
11391
1020
7002
3138
19158
10290
32070
24648
20946
2538
33555
4476
24642
11553
5442
32856
16020
30723
32790
5259
2592
12570
12762
10890
33558
14016
20286
9861
12216
32091
27975
24663
34167
34980
28860
17328
10326
24930
5976
31272
28527
4587
807
18225
16140
6249
15081
32160
972
12927
1422
3564
25497
15240
15510
24114
29256
35796
33975
6528
32946
25953
31194
31113
25989
25110
12441
1371
15096
19473
33702
7623
24063
34509
25848
5259
5814
5988
2478
6789
18915
4956
11409
9471
20196
27978
33585
14508
27774
31560
21036
25776
22569
17286
20892
13614
6396
34389
16044
21495
18921
13746
30174
6984
13311
21081
13299
19125
27069
15777
26970
9984
20733
3438
19455
5985
31416
18096
20493
24246
14715
6588
14025
1284
23874
34917
15957
31329
34362
32001
17880
17283
10803
13110
25323
24114
34191
2625
7239
25260
19458
35268
303
4194
2706
20814
11235
34122
3969
32787
22368
18684
3375
393
21024
28305
366
2037
24690
34731
34038
6570
17070
8841
20739
6396
34011
18930
9021
5253
9249
28479
4521
10608
33729
7227
32478
8967
6405
447
5754
28773
19131
10185
29169
5214
2490
30591
7251
28239
29322
6348
35865
10395
16245
20604
17847
14259
3537
26868
20568
13842
20403
26145
24450
19191
34428
20928
29214
4833
21378
24
33606
5565
10209
27831
10779
13755
22425
18033
5994
16803
24381
6918
28254
4626
27522
10101
19941
31059
969
4509
8901
22431
30654
34407
6678
29082
19338
35892
33915
5772
35916
32580
11337
11181
24411
23175
25992
11892
5208
33045
28698
30645
3963
20952
327
31485
31056
20271
27603
33081
24780
1560
20568
20493
35970
27246
13575
20364
27138
12549
26136
28110
9129
1473
4347
34596
24648
31398
10491
30912
28443
3189
26613
33462
25197
26943
30003
20253
12270
21606
18393
2106
24225
2961
22599
24195
30210
1233
9615
22404
14838
35751
15573
23967
2280
20976
23619
27987
16374
34110
22899
9873
2355
14571
8391
28611
6570
2397
12864
18840
25059
32313
22002
13284
35277
9660
2535
30543
11949
12150
18003
26787
12957
33576
15810
15240
19611
3429
7227
1041
2598
31182
10917
6009
10809
20364
34620
17379
22761
12543
1275
11823
8856
24336
26163
9189
33996
28701
3732
9945
5907
21738
732
18867
20370
16542
35163
3981
21027
6390
5025
23625
2628
16998
30693
13440
1362
29313
31875
24126
6912
34209
1005
15771
22545
27168
26016
20541
20925
29751
31542
26835
15489
32274
10758
35859
13872
9921
3843
34899
17367
9924
23583
21051
26922
18276
35547
28284
12645
31425
17466
20616
30690
18471
1443
17235
10698
27459
1776
31623
21210
34374
23514
1755
30648
34272
1617
9576
9249
6516
9531
26616
17496
33114
12726
8418
16446
12273
1758
30150
8754
19227
14766
3444
2754
17265
21735
13452
8724
24567
10134
29937
22941
33648
31692
18645
32979
34365
28221
6228
5937
1755
33903
23433
35925
11685
32907
17430
23958
34668
12636
33771
18951
28458
2271
21705
9723
24009
216
18447
12576
10350
13440
35520
9054
10191
18165
6033
9612
11445
13320
15552
13200
12279
4041
14181
23964
951
31611
11922
35619
9303
10749
18570
1761
13023
5331
11484
2088
6603
30990
14664
18009
8430
15240
27066
19677
33408
34155
29292
9909
12531
9900
24165
24810
13941
2346
12774
14892
35016
25755
14511
8319
504
34137
10083
14583
4527
21567
16671
11130
16557
31338
30198
26046
11634
21264
9723
10098
20475
4071
20007
33009
13971
8172
22875
27915
10521
35652
6807
10593
25407
22377
18912
26967
21570
28995
5553
27153
15621
22224
2286
33234
18618
32484
23280
30255
18804
34062
4353
4335
2133
24363
2400
16107
32535
25278
9078
8112
25986
15885
18705
15393
3318
1620
6360
25947
31671
12969
17100
12348
35196
20442
9585
18870
16926
33921
13125
786
33039
18537
6180
231
6900
8580
16338
4491
34914
26472
13662
24900
7413
32367
4293
10734
35043
11712
1737
31773
24681
18837
8121
24933
3282
18762
7806
21264
17742
21987
23109
15837
4524
29289
16068
12480
2925
33462
18030
1842
23934
31692
26742
31350
28059
32094
7140
28161
8862
8877
23934
34599
27714
33111
23535
32052
16932
32397
17319
34674
18384
5484
14511
23967
34773
31638
447
2754
29100
18477
4596
17037
14169
32397
12387
7287
28491
19527
35448
2409
29460
24438
1008
21174
21549
25599
18285
2481
21996
660
2211
5439
6144
17781
29406
5973
13419
30909
8727
7575
13389
13326
24612
28614
10779
2055
957
4326
22638
1461
6735
16098
25899
7743
2331
12507
33345
20616
16044
20397
21276
19314
25836
27420
1095
19242
33393
15570
15210
7176
23145
28599
21558
12816
22269
32337
14871
24285
663
1512
25746
8454
18666
16704
17256
20997
30267
15657
5613
11367
54
27945
30681
26949
19365
32832
11247
17814
12402
26457
26049
606
20112
11607
13422
6384
7947
29349
30669
9666
31917
21471
19179
14586
2175
435
639
33498
16092
7311
8868
17202
35256
3549
8151
19680
1440
19401
2550
14898
9858
28599
15504
29973
4209
29982
1413
13212
23334
33138
23934
19251
19665
7113
33837
22899
8604
34479
20397
25752
6846
29265
6957
6102
33873
16164
25782
35313
621
29391
15267
10482
21990
30774
5511
27255
25812
7980
4467
13146
6174
29460
32400
25839
573
31293
12738
10236
30828
33138
35988
1674
27459
8001
8835
25332
24168
35673
25701
24789
29064
6027
327
15057
1857
6894
7368
27669
14874
12894
4818
21048
6354
2274
11946
7983
34623
24684
18219
29454
22878
18210
32184
14340
26211
5019
4728
15435
4695
31488
4227
33759
1515
5610
13872
3372
12507
22299
31041
27381
35193
915
13488
5547
3189
25434
13530
2871
15174
32808
32325
2055
16074
28509
16395
7341
34587
21123
22779
3282
16611
28062
2097
19182
33672
17028
22554
11235
3327
18654
3675
3576
19569
17163
9123
23817
7653
23709
26688
22827
21573
24069
24882
1647
17634
6333
8991
17277
27459
31770
20559
9126
24888
23715
29367
23616
5799
15921
34854
10182
35631
2529
13758
20259
20748
23937
8076
28401
11646
35820
16284
33222
24945
5169
35925
7635
11502
8916
24915
4017
5742
10530
14202
30630
34245
7569
19305
5100
24546
18159
15282
24180
20688
30096
8439
5436
18033
17571
34893
29682
18447
15177
27960
8448
21402
27885
16083
33963
1860
4998
3036
8658
15531
17238
4347
14832
25863
23652
19935
15468
5811
273
3648
27555
30372
13143
34047
13461
31770
32940
7143
15273
13173
159
23721
34578
29103
3804
32541
32019
9861
633
4677
25392
18930
9024
5280
8793
33732
26271
24261
4599
26547
28965
32154
21975
7164
30201
35436
2934
28197
7638
18207
5373
8853
6984
5007
3012
10791
2604
35031
20652
3237
4767
11100
22167
14847
16380
32019
12582
6654
21336
17181
34257
15360
13338
21288
22524
8595
21780
26517
1851
29418
9780
7224
3330
16767
13287
6342
28614
15891
5376
14322
20184
10143
25422
6354
24990
6858
3429
2628
14568
24765
19812
13881
5181
34206
225
27708
7857
22008
19281
9708
16482
29061
16932
19812
9828
30219
26157
3498
11166
32589
17820
31353
7788
8298
2763
33834
16215
6192
465
30783
32013
21333
9723
1197
19539
9948
29961
27396
33012
13242
2163
13497
6303
19095
34365
17190
14373
25578
20688
26595
22167
2511
21948
31011
10809
25767
28848
27024
33015
30369
22866
29031
16758
33645
31284
1353
8649
25245
28749
5664
2487
31968
20217
9846
15066
18582
27036
30495
8163
11727
22146
31386
14238
9153
26400
26103
34920
20304
18186
31938
15729
6108
26025
32487
4809
21309
33840
13458
10554
27645
20178
14097
23616
4395
23943
3738
22980
14982
35289
31143
27765
21435
26529
7059
30588
17985
33162
30567
2289
16404
26505
19074
23568
16530
15561
28377
2895
13401
5838
13449
5049
26016
28602
29721
30414
16545
33459
18450
31527
32748
14649
23292
18183
6234
31407
13830
24222
28572
8397
27567
10032
34902
10644
33603
16488
26205
25980
19383
4665
32874
33888
10770
22893
26490
4491
18363
8091
1950
1869
4677
35754
16518
29025
18993
22752
24435
32823
12030
17007
5220
3600
28095
5178
15300
25698
22722
5505
15681
7161
11226
13611
5049
21996
504
32595
26487
19923
4689
29493
21792
9366
29247
2310
3447
12243
26121
27882
9066
2151
9945
15345
5751
2043
21579
21051
27741
8304
27615
8478
15465
2841
22092
21573
25896
23652
18168
16383
8634
23913
10935
30426
34335
4182
33795
1785
17481
23916
29667
27606
26067
3615
6951
32877
5658
28530
18984
34455
1890
11655
7992
17358
15555
31140
2931
5451
18792
22155
22890
27426
11127
33825
22911
9462
3066
20706
12303
20547
9678
5973
12153
801
10644
20160
33678
17358
13749
17721
15813
15639
29376
24861
34053
9987
20001
2040
15438
2796
24198
2331
31278
381
1212
18189
9843
4278
3951
23205
25884
13629
30234
3093
14433
4878
24312
13167
22236
2061
30888
3105
18756
25323
29025
16812
35310
13026
18852
14751
15822
8106
18138
12159
8487
19350
30348
19389
24687
35358
6594
14571
12987
828
17664
27420
6762
5976
4590
30054
9093
534
34215
27852
25857
27240
9720
26226
4269
29628
4977
21147
2793
24171
33306
11280
8577
28713
31725
33264
28071
2319
11835
6114
4203
30558
34593
10965
1590
4239
5019
10686
4773
3237
3594
31689
30477
14370
21915
34746
7998
27948
20952
10791
16119
18258
23130
25752
12027
18855
23019
5154
22233
35910
11271
26436
31524
9864
1404
33117
14103
7479
8859
19932
11772
12453
16677
6252
27879
2592
6054
35877
31596
27006
11727
12771
10323
34857
2526
23406
18768
25545
28563
5001
26511
4890
32496
22038
14754
34956
19155
29913
6435
29070
14901
18210
5523
31581
25518
34458
35229
32628
34335
30828
23637
11118
8655
35016
11031
11181
22422
30858
1782
16041
35859
28296
20931
33411
15390
741
32367
34545
31710
3861
27615
10614
23127
34194
7251
12645
32652
7536
9273
32043
3420
33966
8220
12078
34038
19251
24315
20463
15165
26100
504
15027
19452
22494
13494
34842
23235
9864
34443
18948
14781
27114
30618
1908
26364
2925
15609
24072
10461
25938
21171
13884
23907
29391
25962
23001
13701
15333
7464
28866
5433
9027
8949
25941
31521
22446
25839
19812
33366
24282
2760
13203
16452
34434
15111
6816
1359
31776
30888
11823
21714
16062
26763
10677
9453
17781
33681
24210
33114
6201
17079
3606
16284
27084
29547
11805
13530
20445
32676
11952
8727
492
25155
26238
34929
5322
33054
1344
1098
27945
14223
23871
9063
4986
35604
19572
23823
33285
7785
20940
4545
25920
24546
20829
17004
19149
33693
31593
3594
30369
8601
13380
31917
33759
3618
30846
3081
672
32193
5238
29673
11472
29109
3792
16461
29769
23367
4284
28113
32208
26280
32658
22128
14826
18543
4188
35034
17292
837
2628
12717
9441
16008
8637
8256
20682
3483
12393
21357
732
17631
16086
12207
11796
19881
29724
5568
8304
35064
33681
4512
25347
31395
27696
5229
13938
32940
5319
31233
33780
7950
7950
8277
25014
16587
16533
9699
21129
29982
32112
22917
12672
13254
180
24468
34191
29904
31092
6495
30027
29829
11007
19374
26280
2703
25659
5277
702
30981
1566
35538
3987
10572
7815
30057
27162
25404
4812
13347
19386
1980
1320
32058
15237
1503
21585
13428
31407
17733
19926
26490
12621
31989
10920
2901
35751
582
9234
453
32619
10800
35991
606
21375
7806
31719
13593
34266
534
26940
18708
2514
28260
14769
17751
29763
1410
32238
26229
20199
17220
17775
32820
13209
28698
780
12960
30336
10014
14469
26955
20817
14460
28617
7248
23322
24336
20841
21588
24870
11781
5355
28443
5097
21180
11250
35919
22590
7488
27204
7845
24708
8979
4668
2976
2733
6504
16992
33069
17574
31464
24024
3447
9924
17697
10695
34305
7092
31536
20949
31962
8373
26304
25461
14529
11484
714
14448
35130
8202
6708
6978
33969
16743
12702
945
19479
19206
17937
16548
780
13401
5631
5286
24384
23328
15981
22689
30420
11520
8694
27441
19893
35001
16902
34422
10485
18672
13926
10674
26877
21690
17652
25902
2436
30354
26847
22971
14616
9840
3519
16452
24300
10206
21738
13740
34593
1722
1485
30069
14298
10179
22566
34191
9180
3471
33672
20724
22143
12654
31398
14076
34347
14106
3978
1839
9516
31881
24810
24132
6780
29385
4584
31080
4650
27381
8820
3243
30159
11361
33312
8457
21540
19881
7704
31779
24408
6432
17559
11607
19089
14013
26742
18492
28119
31776
21387
1635
27660
11253
26823
34440
5694
32463
30576
10344
23844
4452
13587
18003
15813
11958
27516
2409
32895
35223
34188
22359
5655
15747
35022
25800
30816
25764
8292
22935
21543
29679
25626
14259
5988
16449
13755
11685
13971
8331
22029
1815
12783
675
20877
29652
13689
12393
32061
10584
12672
31308
33999
18330
12111
33021
8130
6930
22788
17481
30921
9387
12216
21606
24702
18207
3111
2457
29892
17082
11844
15921
19956
25683
16596
4833
19335
30285
18282
16452
5925
30957
11760
3924
13287
23874
2004
22473
31860
24792
3954
26781
35235
16173
12387
23937
35436
15501
27450
29328
32583
3294
9249
17595
28977
26904
22428
12312
22245
5769
29820
29229
726
5583
34209
15069
29457
213
2598
25317
26061
6555
17154
25296
23784
29544
14289
23220
10101
5739
17604
7740
10089
27909
25338
3066
18813
12822
16434
6117
18591
10257
35346
19317
16896
34611
35442
10353
34827
2043
726
24888
9654
18936
15243
34494
13536
29532
22770
23637
330
4374
32436
11475
33339
22830
14544
16155
35652
32034
23328
18246
7347
23730
2619
24243
22341
3120
35652
21168
6219
1434
10059
15873
20373
26358
15423
33909
20946
2193
22605
22332
7623
19041
33810
4962
5871
13410
22173
6579
9444
10557
24825
16794
34287
28503
5037
20631
32679
5748
6855
2898
7182
17970
18771
27555
8328
35250
25467
29277
2499
13128
15609
11178
32169
13419
17196
3096
26829
3372
9675
1332
13929
35559
19182
13275
29118
25275
34962
25797
31023
5817
28695
2208
23790
12522
29763
33174
11772
20286
27507
15327
33414
7119
26505
30639
21594
7701
33735
13482
12129
8469
15870
26061
9084
35052
4392
2202
24327
3354
29055
19353
9171
22806
21561
34017
35328
16380
31194
12156
669
23757
27483
34083
30876
19044
28725
17529
26745
27516
32067
2877
1041
11937
29994
10125
12045
34386
13383
372
2796
6438
20781
11967
29244
7398
11043
29628
23781
7293
6840
24450
31050
35379
23589
26985
18423
17370
9570
10227
9945
5637
13104
10986
18630
8154
22170
30675
6540
35553
32103
9336
5994
17943
22359
294
25341
34458
30981
13122
5751
1821
2628
1860
1203
27276
28845
20682
8646
2415
30909
19647
9108
9069
30636
28794
17223
16806
24525
24819
17415
21684
35211
23409
3627
21573
24762
28971
20031
19743
7149
26841
22620
9780
28701
24879
1056
22602
10620
10758
26073
5529
30408
35181
14601
26100
27975
32880
7962
17556
21702
25377
3240
20913
13845
6870
7542
3663
897
28632
24462
8046
19473
11082
17826
13230
1020
19938
35832
11640
31755
25905
18225
27219
26142
32826
17319
19173
30765
25281
729
16467
15714
3969
1380
29559
11895
9981
34278
12792
2613
22740
20841
22086
33825
3723
35316
35901
24720
204
11541
20475
26109
29766
11694
17307
27651
30069
480
22416
20406
2265
3939
120
6234
6375
30738
19188
16356
29016
31980
18969
15759
16821
6111
14640
21603
6483
14541
10323
6687
27138
30798
33852
21960
7548
15159
14667
1617
16695
2139
22023
18960
6078
22143
26253
13512
17937
9441
29868
10956
5421
13896
27771
23301
20007
7467
8904
26493
22008
19227
33180
14202
15081
32091
162
22629
11250
14832
24246
29004
16971
10269
11964
24108
33468
3273
1620
15408
12714
31488
27420
19194
9384
19191
6495
30450
27714
15399
20943
14778
35682
19179
28980
14763
15270
30198
1392
27579
9030
26694
20583
27060
963
33603
16224
35487
879
17844
14895
13593
14388
7371
32787
24831
27618
4338
19281
19332
20793
5280
34110
20475
24459
27090
294
3732
22347
2742
32367
32433
29436
16950
23493
31455
15609
3717
30945
16488
22617
10896
31140
1008
19326
28983
25839
10944
33324
10176
30279
19173
15456
29445
3651
3915
21594
5001
8703
7941
8802
5070
4374
2238
23076
28926
34752
2688
33699
30753
20232
20319
6705
15372
21327
26031
8358
12222
978
6738
22398
32313
26967
1854
25758
31674
5769
12408
678
15531
20349
9480
20601
25782
12774
8736
18708
11526
11424
16407
7335
31656
726
14043
12087
23109
4074
21501
35331
6108
29295
22785
2421
20262
24639
29238
15939
31467
5646
16617
10998
27054
27153
32655
16836
3927
6447
600
16512
17871
17007
23847
14586
18792
1890
26673
6957
7023
13230
7347
13131
6525
30132
16611
26787
19830
10905
6726
15297
17607
24399
27351
8661
15552
25062
26553
20538
31512
27153
1050
14439
9219
25953
29025
28011
28902
20754
34968
35925
33984
6315
14112
4509
1506
30723
32355
21336
5628
3081
633
24294
28539
29040
32955
8091
19158
24567
29685
14670
15720
30735
30168
24939
20691
24249
18006
13593
9006
16977
14574
8046
24348
28686
13614
25854
23412
9969
11190
30096
14106
12879
19446
6645
6975
16404
15795
27192
4971
9480
6918
21747
4218
1086
11745
25965
25338
29751
4614
35400
10728
19188
7446
135
12930
21060
27045
1398
31029
3294
32553
9138
17229
15999
15783
25263
32403
32634
16455
2430
6117
23373
25236
11391
24462
981
1356
13800
30732
7026
13200
6519
27270
21702
7710
4200
6765
34755
5601
2850
2049
2154
11988
20337
18153
28830
9600
15615
25464
26055
19101
32637
13428
8337
8028
2946
10374
9384
17802
5109
17466
32058
12684
8736
17763
20394
12939
24528
20205
18540
28434
23313
20694
4425
7650
3903
34311
17250
19518
24831
8361
3678
21471
22845
12015
29499
25794
23448
3942
7596
28557
21408
3657
6297
30147
22476
27747
7086
12060
11952
26682
4494
35265
12432
9975
7971
16335
8286
25221
912
34176
34638
4590
19647
21486
17661
14202
11280
5109
18144
19932
34722
4611
24645
5019
35814
11121
32766
7956
23181
9777
34638
27678
9042
12126
1653
18072
28461
10998
8349
30429
9174
6990
35019
29877
28476
17739
8079
4812
22848
27282
24744
21573
31893
14448
27648
31707
25569
25473
4719
13809
35250
3357
6543
9348
16539
9252
27420
9000
20250
35772
4488
30480
6762
4563
24357
294
22302
33495
5106
9153
24777
30906
31782
21726
9354
23430
18489
35982
13959
23208
13791
13209
27621
20334
22560
8160
29586
15036
18216
14895
14808
22704
9375
22626
28326
34791
22920
14628
32286
29082
24837
22119
23991
21675
8901
34401
10164
27390
34383
24123
15654
13230
1335
7275
34620
24951
16491
28209
3987
34707
8160
18798
22470
18591
5424
14796
18438
29403
30480
15780
22485
19320
1899
11532
6051
10800
9936
16215
3246
9375
4341
18900
22608
6732
27231
21228
31683
7722
14493
35670
6432
23709
19524
29958
6303
26007
8754
25797
19410
3234
5580
5895
23610
8535
17430
29664
19338
27366
10935
23640
1797
15276
6543
25461
23064
34830
11748
18747
6555
26241
19476
14043
15009
4056
8001
22368
30063
17811
12165
13473
21045
17745
19371
9714
26283
801
4434
10677
29223
15369
34317
32076
31704
5916
21540
18768
5805
33288
2574
12360
24585
23106
26403
3594
27162
35460
25962
21228
17271
3186
34701
2316
20931
19128
13086
12270
20985
17520
24003
15264
33948
23379
11343
29652
29295
32883
13476
35100
30171
17106
12516
19812
4212
3975
23409
31377
3435
14427
17661
20706
17613
16362
24081
3603
549
2223
16929
21534
19746
4935
801
18750
28314
12144
12402
22665
10083
26934
22824
5310
8043
35340
25122
13311
3318
13587
8688
7809
28017
27405
29574
10686
7770
17655
15345
9375
19878
32277
30909
4680
1212
32766
23430
29526
8910
888
16191
20049
28881
3015
25359
924
3414
14484
14235
7788
29127
23982
15597
21144
15387
9171
32889
24213
27882
12234
33588
12819
9567
29556
17499
10779
26322
5988
5361
291
7932
22611
20340
813
26682
9702
1737
30096
25242
17031
1884
18369
6069
18540
4572
22512
28767
1461
10728
20652
14751
9372
33471
24321
2928
16026
156
30309
23070
5520
30600
31005
28131
14940
31818
18813
25698
34614
13968
14940
16701
16908
34368
22770
504
2940
9282
29274
5457
21066
14982
21264
30441
13509
9585
34425
30591
10800
28734
17664
17376
24390
12669
9507
4389
9543
29376
30087
8157
8400
9030
24858
26367
7398
12684
26871
11394
21969
20145
16851
8091
183
2115
3588
13692
12759
2016
8286
24615
31806
25950
5991
21255
3675
16554
25644
13218
10986
19731
22434
19389
29817
12348
9756
2271
25035
1683
13665
12060
21831
31572
20151
23070
34746
23742
765
12561
26814
9051
1176
23676
57
8223
8931
4788
24777
34575
18006
819
19365
5496
20208
13182
17847
31020
16512
6882
32706
30177
18942
19593
26808
4149
6663
26610
27891
8484
3171
19761
18591
5403
7440
19704
14682
16371
24492
3459
16005
7557
4278
35370
13053
25545
13608
31956
21621
30120
2838
19383
25356
22836
4032
16164
26988
11754
7830
19935
20238
12057
3699
3888
17460
12195
23592
33198
28566
12087
657
9627
19644
5991
10053
33753
32592
23664
29712
18216
17784
33606
2655
8196
20445
6690
25416
12489
18444
33246
33480
3738
9303
2235
7626
27819
14430
31221
25017
8055
7308
26730
17682
28008
33780
27738
26817
30372
16458
20529
13644
35298
19194
16302
7497
3639
24048
32913
17184
6492
31218
14664
10230
4521
16902
18915
33399
31332
14136
22416
4443
22500
14205
22128
15564
11985
14922
6381
7413
31380
27969
21060
30678
12219
2418
2175
15858
26466
147
34098
34014
31365
13818
9300
942
31776
28215
34341
28167
7407
21816
32610
30963
21
18738
10527
13062
33660
17967
20475
30096
10992
6591
24777
23211
10065
26952
4125
1587
27099
3279
35601
23520
17097
9960
24465
12876
2175
22806
6099
10641
9678
2709
5604
9699
22506
17190
23817
21222
35157
9351
15321
11205
15942
4098
34416
27066
32106
3597
28653
24264
6876
29313
11784
23973
3273
1305
1905
6504
24114
8004
17145
33792
10716
23808
8550
34278
4998
33423
19500
5211
6774
34821
16416
23775
3975
14832
14841
84
18429
8550
24348
25305
1863
1188
14334
5136
2496
16242
11643
27666
25302
29844
26514
1074
17652
120
35352
23706
33546
18855
28917
5376
18732
9333
29151
22710
25221
9048
22794
8706
17601
12198
35067
20520
14442
13404
25659
16938
30702
2358
9660
20004
33258
177
21081
15969
1353
21489
3675
34899
4344
32595
4278
23079
5928
34485
9789
31152
8592
33639
4914
26193
9837
3984
10713
25335
17388
1428
7332
12090
4842
16992
33150
3159
18225
19287
19128
19581
4779
23859
19536
10179
20454
24870
33258
27441
23358
8103
23649
31950
5742
28563
23199
16635
32547
34968
7029
13935
1455
14361
27081
7353
31353
25290
10512
14637
9633
30696
35274
14412
18558
18810
25650
3012
7683
22908
31509
32097
32070
19158
29103
2868
11724
17358
20562
9327
17382
27591
24321
18837
5952
16458
27249
2361
5748
2817
18054
15384
33516
17328
30852
16074
141
20502
20142
8880
8469
16710
6033
5595
35868
192
8463
12648
18606
30081
21978
35988
22728
11355
19884
29736
27813
11133
32100
34620
15006
15210
15060
12522
32541
9912
29652
33738
31473
14853
6618
4998
31563
13707
10593
32487
13899
20112
9138
32505
14196
32172
33549
924
7527
17433
30663
396
29622
27819
35016
8631
7029
14076
22209
4626
23991
15864
2364
20520
31773
8982
25518
27336
23745
1167
23823
1644
21279
34017
35205
531
31245
32757
1458
3828
15246
33177
4227
8871
26052
3243
18558
33081
18378
4767
2766
7425
20631
5130
27945
16404
15171
18519
8796
2916
19686
33678
5619
6021
32751
4824
6555
27999
2637
9069
32883
18942
6246
1110
27813
32298
5412
11427
30435
23790
16194
33201
31215
1884
2334
24216
19344
18561
6735
28143
21477
27477
26877
28152
33498
23628
34035
4053
15627
672
13122
12513
19614
19368
14679
12483
16722
21147
23910
12216
8937
5163
10473
5208
7047
13863
29424
26391
32424
1215
19590
17904
28692
10467
10056
26193
34098
8091
30246
14781
9822
8427
28350
30492
28851
8088
8034
9576
29235
33000
22848
2175
2163
33321
8439
10266
11187
2922
660
7611
4137
21306
26571
33888
31776
1686
24081
29874
9777
19383
9711
20655
27810
2064
16206
21720
10152
24240
31296
3387
21240
19200
6618
24462
16521
16116
34728
27708
19038
444
35322
24231
21753
25893
22119
18585
27579
10200
13515
2415
30642
23226
24126
23508
26346
4332
9228
1554
28572
5580
6000
14871
24780
12618
3333
5304
29790
3117
34068
12828
3564
33390
1062
26373
24342
23181
10014
16977
34440
23529
20448
30138
10755
8577
17646
2160
12909
27933
3714
6540
33513
9714
22467
23352
23391
25800
29712
17181
29973
27780
30012
34593
25173
32130
26022
14571
20367
36
31548
18807
23565
17055
12945
35379
25632
31650
1539
3597
23583
6309
11193
21096
16026
33660
9504
4473
24516
3216
21654
19548
30999
16722
18141
21228
13908
8166
35799
34278
8202
32403
17085
32826
13458
31089
33261
4146
26739
34800
8802
14322
6165
21051
474
23247
18714
9981
27720
8286
14253
13377
27834
9252
31155
11034
30480
9066
19200
31335
7344
28458
27741
25485
26340
6255
20574
23601
11460
12369
23457
21318
26691
29625
6369
28224
16872
26139
3261
8595
34428
17514
23028
27318
26769
19239
2352
22305
28305
22608
17643
705
16125
10440
26193
6465
17751
11823
30069
29211
24195
18582
15585
14886
12207
21957
8166
30138
12096
11427
3789
11580
28944
26817
2901
20769
10056
6309
7074
3420
28920
24717
4125
10101
35157
30318
16566
16911
6144
11691
11178
31395
31332
26766
10281
7539
13779
19506
2733
25875
30933
6522
2514
24933
33339
6471
9702
8454
13836
16779
12930
7812
6552
17055
17913
6768
12432
35538
23679
19632
11229
35913
15027
7617
27735
26364
15159
5514
9870
17892
32448
5862
25473
34962
30795
22812
6489
4500
32322
20325
22335
9252
28140
28887
27366
10053
35655
3798
9591
24390
24486
21879
25362
3513
29496
17097
30933
9711
22614
4806
28662
20118
11724
18135
20136
6519
6003
26625
12075
3384
12006
34410
13692
4146
27300
5058
15258
28011
9912
25905
16404
34398
12840
5766
2967
7395
23919
33903
18162
11589
3765
10824
31707
15489
30015
15843
23064
1077
7524
35142
5517
20589
33552
19209
24735
25908
24270
5049
17922
35238
32013
35382
33639
8853
6204
1662
17304
31179
35565
35469
6771
4386
11349
3534
20931
6423
20436
7998
7500
27960
7140
13017
12549
5748
33282
2343
32715
21552
8448
14637
20793
4461
15075
19488
14373
22335
21150
31677
17514
21774
31146
24285
27216
6498
27822
12150
12921
12258
21204
21477
5274
29400
35550
18882
35148
32832
22281
32919
19443
30729
11556
5292
35193
27687
25836
13566
14022
10986
9243
31539
33816
5448
19824
25035
13002
12702
2241
26979
26016
23445
12456
31293
16845
13062
15231
17049
9894
1512
13971
30393
32241
26583
35685
32490
18273
26577
11112
33351
1566
21414
28890
438
26862
13773
26529
4920
27531
28770
31899
17550
16215
9411
13899
34116
22473
29130
16224
33423
31698
31251
28875
28995
22890
29616
25488
6219
20196
600
3573
22818
23070
33519
23256
14988
11292
13788
19908
3882
6558
15807
21432
23832
25218
387
23004
12747
29517
4284
11229
25215
35535
4104
18210
23484
34776
8754
29703
18972
10413
33276
5790
33483
31854
29049
12474
8202
7893
32382
12084
14451
13248
33516
3339
3522
34959
27402
17328
28476
31686
29613
18747
32280
34773
2016
19764
33549
11826
13467
16524
22239
11802
22314
20781
8712
16419
34311
16914
24312
31749
29001
3822
10053
27573
8217
13578
26535
35619
31962
20067
31308
25575
3873
27588
24348
5889
12408
21897
18771
26931
2421
6069
2733
25794
26850
11445
6213
26217
29418
31584
21966
22419
462
33078
15048
8679
10656
5583
8301
6618
26709
3609
32193
30582
32253
20541
1527
9717
7494
20298
648
9918
26367
4440
768
18273
16941
8037
9546
10359
3621
32571
33834
4083
29649
12885
12765
5361
19524
22122
11979
10233
26787
9228
4815
23040
30825
7398
33813
2319
27699
34461
13293
19122
3957
14061
2454
20901
22101
13056
32316
25722
9627
30153
30864
3276
8094
8685
8637
27618
30807
21672
1854
21594
31956
7725
9690
26781
15126
7503
29103
7881
7020
7452
28059
10980
21516
31569
32937
7617
8628
29253
34395
18255
24462
30315
22590
32556
3000
32283
24177
33807
19014
27087
19401
14970
35868
30147
5754
16050
1650
35913
23931
8673
7365
17049
20709
29937
12618
17646
2610
21246
10899
2064
4560
35364
32379
28206
32976
438
24489
21153
35301
7503
13296
18705
23532
13167
13908
29286
29217
15561
30255
18207
25290
2676
35256
9999
32616
12930
27645
282
35235
3600
2346
4851
4020
35784
33057
999
222
22602
23208
35523
31164
507
19284
18696
14730
33195
13038
9003
13812
7293
27210
3102
11025
27522
14157
7641
4455
5802
8982
4746
10458
11328
9597
14481
11112
6654
16536
12390
30312
4800
11916
25476
5307
32256
9228
21093
29451
22266
30099
7263
30615
22365
11421
5643
13890
25578
14340
19401
32436
23322
24147
6897
34653
34800
22434
10821
5454
4026
23214
822
8826
186
26301
15192
32442
35529
285
26952
21798
31440
35271
17469
17808
10695
23112
32754
1329
1455
16155
33768
25833
5358
5721
25542
4158
29211
366
10668
33237
24636
11490
6063
24822
2847
22311
22320
2379
23655
13272
25233
19095
12546
7758
1959
24297
30873
34713
25626
33384
15924
23394
23217
22338
30171
12762
27552
23382
14184
3276
20619
2820
14769
27741
28698
18672
15108
15018
21051
2763
28293
11340
22917
5895
19101
24876
30192
15030
24648
19818
13470
5628
8271
687
29025
3498
14505
20577
26883
29745
23856
12558
32565
3681
5355
26319
22353
20466
5340
8463
23229
34689
20859
11202
4584
5016
1137
34776
21102
25785
19650
34572
32469
28977
318
25494
32478
14823
11130
23361
8571
42
975
6192
3723
6333
32514
27132
26799
1854
35595
15084
1599
21513
26289
6183
26529
28482
6015
11634
18267
26721
10206
15792
19701
11580
6345
17235
26406
18531
5652
33
18573
6627
6225
23352
14016
3795
14484
4815
6705
15138
20958
8304
651
12303
14487
28236
4785
21558
4926
24108
12282
16191
4956
33039
27771
11301
14274
18177
29832
19926
19266
12405
27609
25494
813
5628
30345
15300
11499
1053
30438
32457
9357
32145
9816
24903
25437
14601
10461
30366
3765
23799
10557
8724
20838
2328
20025
35112
21564
14916
20094
4830
28377
12762
31380
29193
18390
25728
8493
29889
26781
3987
27405
1194
1188
1221
26097
26625
16881
561
20991
20646
24360
32604
29370
9201
35991
14454
9369
21555
29370
30522
27441
21747
7284
23880
15996
26730
14664
25545
21675
5445
30588
13080
7695
31776
15360
33795
23460
32241
34356
8451
17943
23772
6114
12372
34029
6105
26826
8457
27660
21252
2979
20157
8055
11319
8037
24054
2049
22701
13599
23724
29202
8190
1863
900
3966
17223
34695
28482
14520
34107
1992
33519
21879
8106
9891
20967
14211
1773
29424
6927
23025
32403
28140
31083
8778
180
19137
10827
23937
33792
35607
17142
5982
1470
19098
11007
19749
18849
3489
35325
16956
5481
32847
3891
14643
7794
24858
28854
9570
18282
837
32595
15741
28980
28734
24519
29160
11871
35346
18153
9666
12
35295
16704
1482
19449
27711
22290
2298
32259
21615
20310
2796
19518
24204
17442
27315
14118
11352
885
32403
12192
34536
13200
5172
27273
1722
35388
4200
2124
17541
14922
2136
17895
31629
4677
1344
24396
28023
4701
21711
14694
25011
24510
34215
14271
5952
25530
28392
17304
27471
25851
30552
26007
3051
35724
18336
5829
168
22539
7956
18768
1461
11148
663
33090
16881
3063
22545
9960
7764
8256
24657
33834
32766
22872
12105
3774
13458
4497
21081
4929
30348
15633
31992
34458
16416
14331
4287
16584
870
13299
408
2331
25506
1071
480
7443
5193
23025
17406
14013
31281
6063
11847
28050
29991
23955
32880
7449
29508
17961
12378
24915
34653
8370
23373
16125
23757
27660
33765
24627
6018
34176
28017
31524
303
28497
2967
5496
15522
20373
20568
11859
27492
32415
4965
21483
21426
1848
28932
15993
20865
6366
4908
19518
15795
28281
699
3552
20997
34467
29238
28071
32643
21255
23595
32946
13752
27621
3501
30330
11994
24069
7245
4545
21540
12213
26028
8025
15117
20019
24018
35982
26385
28926
20559
7236
22263
21258
11847
8316
20781
5085
390
17424
26340
25041
15429
5148
16662
18930
534
29715
8055
7779
34260
29595
21048
25344
2676
1221
9363
26694
2262
807
20676
22821
8043
7995
9135
19890
16314
29919
24975
17760
11343
16371
7857
27828
21519
24522
11814
23109
19293
19869
31947
18609
14523
18051
7953
17199
19275
17319
7896
21537
18126
29628
9414
26169
1626
18549
11118
18996
13524
93
1812
25926
17523
9669
17754
3042
35247
29571
27210
19596
13440
23157
2205
29019
6264
10161
10221
26595
27480
19173
12132
10662
12801
22602
831
15483
5154
13005
35535
18678
13101
1347
9660
30624
12075
27417
34722
11322
20988
26988
31977
35484
15201
34182
29562
21468
8343
3783
12063
879
24012
25254
11541
1869
11856
13431
17355
18066
26436
16890
1803
3537
19296
11463
35217
31371
2880
34998
7749
24924
25986
3726
25467
5190
1911
19029
26658
11310
23868
3777
12192
12936
29031
23733
14805
4890
1164
33216
24012
27603
15165
25815
32196
34461
1281
32472
29832
5217
31470
2637
30144
21456
7422
20667
26646
9333
4752
18360
21699
28620
22140
33891
5556
16227
22683
21417
22173
23847
18636
10188
16506
33801
3
12705
32262
2340
10233
27150
7560
5703
30843
2760
27159
2265
23427
18864
12654
28179
2280
34356
21855
25476
32247
28467
6762
19986
13884
28935
7836
32520
3123
25398
30321
4185
3159
27639
6525
13392
19845
15141
19095
14691
18957
11313
16956
6384
31233
29613
35619
33513
27969
22530
24048
25272
14997
30810
9261
29940
23745
18153
26460
27927
7551
21840
33168
11769
14535
4749
25161
34383
19893
8259
13074
2850
20628
30030
10293
15861
24699
10968
14430
17724
34557
2478
6999
14610
34344
17316
8550
23148
35469
69
15075
8076
22965
12243
19845
1500
16992
10065
939
1941
19380
15069
5850
4008
10158
17199
20925
34857
28167
35355
16584
26724
2892
24639
6393
2292
5955
14943
25440
6480
15012
4515
15612
3033
17814
35460
4536
35865
10581
6531
1806
29961
21603
7656
33969
31761
24855
18894
30618
18081
19305
12258
9861
23253
897
16254
25548
7908
32256
14988
14388
12324
20562
30003
15360
2376
30519
20952
3297
5100
27483
5106
117
13086
13818
34086
8847
3732
18036
4524
22869
1341
16782
33786
24597
17682
15099
15201
25590
11355
30189
5037
23679
15807
96
3039
19242
31671
23991
22539
1827
16533
28701
1944
29619
6522
30
3525
11310
19122
8049
35235
20463
25887
33021
10116
8625
12120
25317
34218
24531
20565
4311
12213
372
4407
16308
19614
1134
5358
7212
2961
21891
35913
4905
16566
7491
5991
20091
18801
25113
29196
19092
10632
19086
17172
21807
28767
29292
11124
26985
17826
32745
32352
31095
34176
1815
11403
18846
2949
16761
26058
5910
3708
25974
11871
20277
33465
17862
5424
17325
8031
35679
417
18666
18765
18645
4473
12588
11940
16653
3576
30822
14457
984
25917
12633
2802
2376
32535
5751
19140
22596
12720
23904
12570
24591
8181
11091
7512
13608
28416
16599
13287
29892
321
33108
12537
4794
9696
25533
22506
14328
21411
2019
15315
11328
15708
19173
14763
12243
24924
34959
34839
1644
22863
12465
26238
31047
24615
34806
9711
18087
15405
24054
11979
15729
22218
25575
21579
32970
16164
9141
11301
1578
11160
27672
13962
26868
10845
29781
4170
825
28740
4065
2472
15606
16533
29766
10653
5148
29628
21420
23235
9033
9474
273
25818
32748
26904
11400
29718
8124
21597
6075
10758
32760
33747
25779
24684
9648
19560
29910
11532
12303
33978
14004
27909
15567
8826
3618
21771
3510
26094
10062
12543
624
10335
3420
33372
2295
14820
27090
11478
417
33168
22236
34233
31971
12015
23976
6678
32634
17886
18210
8937
16920
33270
1902
32487
6096
5520
18258
9606
31614
28323
23205
33294
3714
26625
30666
7068
6501
21756
18546
7977
19980
5838
6210
17010
17856
31242
23688
14490
14187
5898
24483
31107
3168
26385
27597
10320
32961
10911
20982
29631
3234
8187
26925
8007
35871
21591
15075
6372
8403
33621
14349
28386
4515
21618
9396
23427
17916
34140
2973
32103
4038
27456
27213
8262
17841
19866
18582
14802
30777
3564
8433
34014
12807
414
7077
12678
22005
22152
20109
30411
20829
34458
23853
25344
21132
34305
12774
3051
32445
15747
35154
483
8262
27423
8745
27159
11289
28383
5964
6069
31947
15453
5139
8754
15870
12216
22491
2931
35424
6600
33342
20253
6114
22251
10653
27249
20556
24483
31356
17001
4233
30510
18540
13551
22992
28341
4710
34281
20724
11730
5406
17727
27186
11601
27540
8112
23817
14031
12099
24297
21687
10500
8550
27801
32751
20262
20106
18366
8745
15462
423
14034
11031
18966
27585
34023
12363
32298
33360
34146
8028
2769
16929
270
14370
8469
9438
3246
23556
21540
27543
9243
32040
1152
2103
28791
21414
22209
12213
30159
2730
12639
8196
13761
32661
35781
11784
10080
32079
9144
8226
5166
12969
25158
5436
27342
34683
14877
31644
22242
417
23187
32541
33513
24339
34644
27360
9753
21912
3576
4971
24642
16215
13167
2403
12876
14004
15243
22956
11142
25443
32241
16308
2415
22455
22800
30813
21138
1677
26457
7380
3150
13644
4980
663
3042
3624
28026
13851
25536
32658
18822
15234
12873
33045
17637
26805
12108
33936
14817
23250
23382
12114
4614
25797
34569
27414
21666
19710
30150
12123
28146
34356
26823
33126
78
30921
753
29160
8775
27345
25818
27597
6582
2691
25701
25275
30552
1809
23214
10425
25059
10596
22542
30729
1449
21111
23199
23115
4821
18405
294
32970
16764
28173
30096
16842
23097
31905
11058
31872
24309
876
24525
30891
4623
14226
21222
35175
17091
8436
9600
7206
19032
32142
1935
21537
18312
26193
9708
23133
8598
10002
21159
25362
2178
16314
7260
26331
13275
18318
22203
1584
20250
11784
33531
24873
27069
18756
25104
8160
27192
34707
15369
11283
31905
18360
32820
15273
8553
6531
3465
17154
17589
24624
7572
20823
5994
15891
11154
19272
35265
34413
20856
19518
10200
18390
9447
1269
1146
34554
10485
29394
34317
26910
4677
31278
9273
2556
10554
18882
10143
14019
1092
27732
3699
8667
12558
9696
25614
24768
30024
24879
23184
15936
9453
34440
34326
18903
765
528
17457
11250
30981
16830
2163
35658
12108
12492
2214
22662
32430
12357
1737
33525
5148
6495
7248
18762
16191
32862
7530
11271
22797
31770
27207
32253
30210
26592
15156
30975
28176
33669
7284
23157
14499
10503
22818
27663
24051
26088
15384
20481
3504
17121
19062
8652
23616
26310
28470
4863
24228
0
16134
12084
31773
8400
8337
27039
34992
24549
23073
28224
23274
30357
15384
2829
4860
3258
30492
29967
29346
9876
14448
33906
27000
33513
7614
15672
24879
84
21594
14166
87
1728
26250
32916
11184
35643
25011
11232
24192
12084
3459
12522
7497
18843
15351
13413
22101
9843
7380
16503
19722
21831
15468
11778
20400
23082
28506
10335
23169
14100
25557
23256
16887
15807
21228
28071
16506
10239
3306
4698
23382
6765
18276
30879
26664
33627
8295
13821
7473
16731
31380
28251
2562
10848
4029
24018
33933
32535
35412
21102
11694
24969
9414
28581
4779
31698
20652
22341
6993
25014
27042
30375
32835
10374
26313
23499
8004
35664
2376
15477
16395
33759
7728
20016
9663
12813
9090
7596
10404
8502
29754
22098
33474
4224
14679
3309
35922
390
25650
6918
25404
17748
2349
22242
28125
28662
10797
129
28326
13176
16662
9780
11991
25446
29796
21654
3315
2886
30309
13719
11391
24063
876
9921
28290
16611
13230
29268
17001
3936
186
6408
21687
2538
29706
14868
32256
5559
14997
25641
18735
32715
35421
31782
22161
30273
18495
25476
33159
12804
4251
9606
1923
5127
19527
31269
21741
33813
24540
3798
2808
25782
11262
24495
28320
4968
4419
25635
10530
20472
15276
30321
17187
15753
27162
4404
10026
9657
29880
7185
22461
35187
17850
24384
5373
2433
20712
28170
1305
9252
31968
4113
35034
7233
29664
28413
13257
34083
18048
24843
18555
34380
19167
798
14133
10329
5202
24159
21042
138
32400
7503
35325
14250
32943
5754
16686
17655
33924
19047
26907
30951
23160
27000
2184
17880
19413
16497
15963
2517
5343
35574
897
25566
372
15030
951
5574
3189
21993
5712
35589
30552
6093
14898
27495
11850
32640
10209
9774
15687
2172
4725
2847
29172
7965
21783
13641
25521
1746
16158
30864
2376
17055
21486
2748
32085
23493
9378
330
10542
15090
35922
5094
21183
15876
33645
33033
12516
7854
7866
28203
11085
13647
32106
4257
21615
17889
17901
12192
20691
34059
8112
23067
16173
29598
25815
13314
18147
35193
13647
28689
15339
14625
34839
1578
30501
32484
35670
7017
5397
7536
276
17538
22239
32382
21795
8910
15327
4752
21102
18
2814
29214
23085
20043
23868
13956
33357
6015
14205
11004
34704
30600
26685
34599
32178
22242
32142
32904
29259
2595
4440
30591
20133
27738
26973
5928
648
6300
10683
21753
7374
14553
16023
31515
35652
3894
10527
33009
9909
24732
9072
9672
20388
35757
8271
17625
22002
5469
14529
16317
8064
20028
10911
28197
11766
2940
35184
13470
10299
10923
35223
17673
25476
16305
13191
25128
20199
23718
23193
31164
13509
32265
4836
33897
33081
14166
16578
20139
19635
31110
456
27702
15138
12423
20955
27960
15366
20139
5430
25665
31062
5712
8394
20538
22017
21585
10722
6216
10362
33918
1380
23871
31239
7275
22824
28320
22497
3405
12459
6132
35571
13974
34890
14709
26397
19848
6669
6819
3987
13155
33540
35052
18867
5937
20646
4884
28578
32427
12156
2940
31401
14595
27867
26640
21870
15750
20019
8367
20211
33534
15555
19782
11508
14448
35547
2964
34296
7272
10839
2283
20427
9438
2391
3297
15375
24096
9237
9009
20523
21396
11952
15924
35991
4875
7620
22917
20625
28695
32340
4836
26232
11895
25674
2796
26343
25221
6816
25695
32493
17658
29037
17979
27096
31428
21276
7527
19524
30513
17592
5103
16965
30600
21027
18012
35478
29706
4929
21159
22401
1269
27054
13689
14223
16728
16488
4566
5952
24360
31320
3501
6018
24357
21480
34170
20841
7812
6753
5424
3384
24348
10527
20349
18948
32613
2364
19482
26319
8349
4644
13776
10677
31698
27468
24900
12426
9012
30522
19434
33372
25842
23994
4449
14199
9474
3675
99
17289
10431
5523
21729
35835
16050
6078
19839
12663
9498
3324
4038
18906
9024
18873
29583
4722
10341
18483
18204
20409
13005
2697
17781
2850
26691
22230
18105
1221
26964
18204
19566
1395
24783
5295
2286
4836
12432
22125
18555
22986
26505
23652
5892
35529
6525
35475
5307
17922
17958
24570
2331
32022
27267
20112
35928
19014
7401
19089
20235
34365
2352
4860
816
27135
10155
4158
31971
23643
27339
15585
10632
17847
3237
16524
18432
9762
17058
24798
28740
72
13368
31071
32094
4635
16239
33078
24705
24696
16170
8940
24117
18522
14856
25989
9657
25014
30147
6687
13713
21489
23328
24345
4392
26565
5928
23880
1383
22986
12678
30123
24114
26046
26250
21267
31737
6489
18345
20442
31188
35571
30441
19305
18093
9297
9297
28809
35367
4500
552
13083
27045
24936
2484
32493
15501
9468
20376
17940
33510
33054
13119
21627
24159
3369
6894
20952
9858
25239
5397
6102
25869
894
26466
9018
11247
819
1827
11673
5319
3435
25812
33423
28371
28296
29916
8928
2823
14292
27924
333
12405
5043
21960
1620
8412
28854
22572
19329
19152
29025
26487
9021
29919
16953
18039
6225
18828
20925
17898
25206
25416
8766
22629
18846
2118
16545
28830
4941
31896
20757
5277
9357
26856
27237
10977
327
21150
33549
20712
4302
26577
11199
14379
21552
29211
33474
28833
12039
19455
11787
1245
8874
20553
23874
28776
22674
5478
21606
27615
1374
7419
32892
10731
34278
25188
22764
34605
10338
20313
20373
15696
11946
31572
30075
34557
24783
28605
27390
1881
12063
4236
3126
21993
24789
28059
14769
11463
33537
1431
4137
35967
8853
1029
11754
8187
26217
34518
7848
1611
19887
28221
17307
31836
24849
12438
31449
14691
5046
23895
16572
18165
28131
20754
5214
16923
12813
19983
29442
11406
22470
33579
12429
32379
35667
24183
4566
26940
22701
13470
28554
6591
5691
10917
3483
31599
23358
34932
10290
29460
23883
26862
12681
16017
11616
17895
33996
25488
2934
27438
1950
26460
25020
14382
22842
25743
3621
28464
16683
26325
5937
10293
33972
12684
21213
2511
8283
9627
1443
19629
4143
25326
10491
16824
6399
23166
35775
4395
12654
2709
31836
15660
30225
21912
30042
17067
12711
33666
10590
29394
25047
16527
3690
24075
30267
24903
26586
3609
35586
29085
23238
3729
19467
34788
20553
25869
21954
20328
31320
35664
24093
28212
16380
18318
15180
11481
444
27891
10203
11034
21288
35250
28617
26034
24381
23940
15993
14967
27549
15579
9108
15846
19308
28575
15690
3861
19500
1644
25245
14823
2364
14394
8091
18744
33768
23274
30225
35268
15165
5484
10302
1509
4734
3975
27543
30171
27918
7536
10194
20523
23115
19302
369
6423
12936
16059
11340
33492
18759
1641
13371
22179
17091
21465
5982
15918
8739
1263
15186
24960
6750
26547
26472
12540
30522
18015
6714
22440
25554
16908
6966
13725
1269
8391
20151
14205
25509
32547
11697
9324
35247
25071
31506
16338
10536
1488
32256
20331
3807
11445
9291
10557
1992
35763
23100
33570
18837
29814
20013
8391
11778
28035
23172
13047
426
8379
27252
26991
4929
4008
318
4176
29079
31824
21570
4671
34368
17829
25002
2175
30330
34293
13791
33378
35115
891
30948
17952
31761
16017
27399
8595
8052
14571
22701
9537
22953
13953
528
28938
19017
1902
33114
13152
34782
18684
17823
34206
1569
7881
1440
31899
6177
15231
30333
6348
17178
25284
24300
13995
6357
16755
22590
14412
31326
9291
25005
19335
24303
26589
12273
8376
29550
10443
21531
28332
30186
3354
26541
31755
11238
27981
28713
18471
7212
24102
25875
25446
14442
15231
3441
20802
31986
27087
270
28368
1437
25275
11706
25740
16920
25035
34116
10470
537
20703
2805
30723
24060
30402
27534
354
23439
20247
18825
31707
9408
9756
21153
23850
24987
24594
8652
20973
16737
8922
14397
18174
35253
26103
8970
17232
16197
7089
27702
16734
27792
31563
12513
16908
27021
4047
17262
14460
25353
1143
10167
34761
10899
31320
22611
942
20970
31266
21915
1710
5244
315
20940
5556
27474
29913
22788
8727
2058
15546
26517
30906
12168
3030
11817
3189
7080
30135
17652
33489
32337
27819
32250
8292
24198
18861
9237
10224
15183
32208
11934
21486
33579
33933
27042
26112
27846
14886
34839
29904
30432
26415
24810
6600
29445
1683
10848
1581
31821
28500
35070
29214
21375
32376
1506
10629
16296
11799
20856
31479
8010
33846
18021
6645
31779
10119
32757
24681
25005
32655
18585
20496
23070
7398
28152
17571
10137
3000
20211
5958
32556
19281
228
18990
15660
1737
29619
31956
14592
15531
28491
22602
14436
11571
30306
11271
21690
27063
35955
11754
24774
18540
33306
12900
26994
25458
30474
1134
28461
14685
8148
26073
35022
8379
9063
15738
11172
3741
12750
25764
20328
6300
13425
34764
17871
7731
10038
4617
35850
9993
17427
24627
29589
14733
1527
20586
4194
33057
21720
33711
12798
30924
23784
12879
3303
33906
28617
15531
1647
5370
5298
21975
12726
18723
21798
31653
26454
31836
270
26304
6885
18756
15987
474
33489
18573
21060
2739
15630
7836
450
28431
3819
25293
5310
8178
23199
34983
23712
25902
5409
29010
12933
18135
12789
34731
13788
4299
31623
15117
31659
3564
33873
11649
4041
31362
30222
26157
34104
10908
35052
35610
4395
2871
24903
10761
11049
13158
9747
34761
4116
15156
28827
18108
34350
6672
17895
12138
12027
13521
28311
7689
18141
26184
20394
22182
22605
15672
12342
20709
26580
11394
21375
30978
15321
11337
5739
26370
25551
16542
26190
29670
31701
20073
11778
31107
26748
29673
7245
3831
8250
35559
11520
26394
26799
31914
13632
13404
12642
27030
35169
3225
2424
20547
35259
18801
31884
4998
9174
22491
22599
420
16161
18300
20493
28995
14463
12297
23727
21708
16131
31977
22323
28707
23427
14181
25680
1062
27585
2322
28092
26757
5547
31575
12360
4806
14376
9300
10863
24606
31791
33462
25026
13011
16818
10578
6006
32337
23931
29733
18045
4062
26769
5427
32772
15252
19608
22452
17370
12249
25830
9465
4062
31380
6096
16422
1242
21528
26778
13161
11193
22572
11679
219
35583
29553
11853
6645
25890
35787
381
8994
3849
28206
15477
1677
7458
141
25185
24831
12390
15018
35352
16455
11454
6504
33933
12696
28032
24714
26916
3225
11286
2595
4503
11925
33207
16356
18570
23097
16143
20007
33147
21051
13269
12624
23784
20730
12765
12972
10617
25158
29046
9969
6669
4500
17529
5658
18252
9561
30372
9168
13845
6714
12822
19404
18639
10029
35760
2268
34182
16962
23331
31332
3069
603
7956
26853
22389
21780
4881
33006
11994
33927
8031
18663
2427
25560
24321
20682
177
19752
30906
14022
26466
7728
33426
10164
18813
34245
13488
16998
16263
1875
13386
19332
2478
21342
10185
24867
8178
16125
22929
20172
14052
30960
3891
17538
21576
29271
3276
21756
13023
34182
834
4545
6969
35319
15765
25782
33564
29253
7836
14883
31131
21222
34215
34665
7623
9456
24591
16857
25581
11520
1032
4692
7539
4923
22230
29115
34194
25506
15927
12273
23688
16764
16821
31713
16083
32586
21498
14703
26898
30390
29586
23085
16671
27801
21750
25350
2313
11397
6207
27897
23976
8295
32589
31515
13221
18819
25686
12471
9381
5616
24747
33069
23436
5568
28785
3519
3210
15339
18222
30108
10785
11808
17193
28512
4665
4002
17862
6978
15399
25128
35931
3375
33423
33576
35946
10644
17451
26691
23118
26832
33363
12921
24960
20799
18489
18801
24318
21699
34140
7596
16866
9981
19404
35115
2496
25125
3117
21414
32103
19575
10542
33093
22950
9024
30669
23955
19668
12123
14646
7842
2955
12009
20763
27915
32808
4308
11772
22182
27066
10968
29778
7932
20952
14238
7047
24504
3363
11223
9918
522
30798
21519
33615
18804
30543
28287
7815
15267
5466
22461
24168
9477
35526
9987
2451
33390
14298
14223
19572
6420
25194
14406
14352
10146
28644
22455
34650
33063
34734
9624
33588
29532
31143
32259
13395
26742
24546
21210
6012
31068
8730
30180
4548
9312
4167
6999
6705
19521
21222
26277
25941
10416
5742
4293
21618
34386
27807
21324
32508
26541
30951
30096
21132
27150
27411
35583
17895
17016
21849
23907
12084
31635
19143
16632
4950
23310
23631
11655
6834
9912
2988
33831
20328
8730
3183
7005
8175
30990
28329
4683
22587
24336
35835
8775
15489
27246
9414
34440
9318
31266
22347
21405
26901
6546
2037
32907
30912
26727
8562
1746
639
12609
636
22023
21339
3819
29028
30570
34809
21360
309
22452
9696
1200
32286
26241
28449
5700
24681
1767
966
12084
24228
28926
18630
26268
25833
13545
18051
35454
16347
18690
12063
16983
4713
34458
20802
33744
29031
20667
20160
29340
7122
29856
30543
3408
20100
24048
9108
8781
26871
11133
20868
16158
5115
4554
6426
32004
18099
25533
31458
34449
8223
7521
16488
13992
7038
1293
11736
69
21960
31896
30465
30138
26811
26064
34602
10911
15168
8769
20748
7098
19902
6672
23256
26073
11229
29682
22077
29328
19215
17538
28833
28494
26115
9324
6486
33153
11673
19281
34278
33633
16233
29802
28830
7044
19866
27432
19011
93
201
3762
7191
21159
11490
30447
11232
22719
25185
33312
17106
9456
15906
10995
1950
6021
20319
9492
4233
33048
28773
2511
31740
10065
33369
24570
17109
18294
16002
1179
18387
17262
5997
25578
3477
17487
20025
14712
5265
10266
13080
22371
19722
28986
34422
22728
35007
19800
32220
4296
16848
26052
7866
12588
117
5235
1158
18282
23529
18219
20517
5916
537
26514
32550
4014
8004
17631
18726
14325
27897
32862
1752
11619
25848
174
34347
25914
19974
31626
30210
825
22734
3132
14469
23907
8370
15630
6189
32955
34905
27765
3930
35442
18279
480
4512
