13000
19149
20658
38331
5745
38379
28005
31158
25476
34947
34263
28086
33081
5070
9177
32289
8778
34620
1278
18516
32208
27633
28104
16701
31287
38346
16590
8586
9369
15201
3405
32787
32406
24066
30174
36207
21501
19179
28368
6033
15126
21687
34119
7263
26757
2352
37611
33594
36972
36945
13110
28239
25578
273
5940
17868
38619
20586
24510
8988
33843
27915
2775
27252
12981
31008
22515
32538
11187
9939
38571
24372
29685
31746
31635
17442
34101
28302
10092
30129
26250
21261
17424
12828
21534
23364
28752
19209
4953
14262
28197
38796
3180
29028
25104
14217
21036
6678
7758
30282
16617
5385
13710
7302
37134
4401
22803
30291
32706
30951
19476
19956
11268
36903
30840
30858
19323
20595
11067
22332
34857
37320
20187
36093
27351
6291
11313
7443
11025
17127
35781
25701
20568
10491
31059
16758
14895
12918
8049
6657
4872
25584
26613
14196
23487
16509
6057
3810
37104
17124
26145
31020
15447
5388
26169
1854
9735
35538
7353
20763
13665
4137
7464
32292
12684
38523
10050
27579
10500
18102
32292
15372
2742
17961
29568
26229
34473
33681
28095
32577
11808
13296
22653
25311
18684
9825
25221
28422
6363
32574
10185
18087
36711
15705
11379
8454
13284
21429
36033
23784
37587
29328
37212
1329
8289
25839
25614
1818
20520
14712
32454
30384
26064
16107
14751
5751
23988
972
32229
28410
33549
1470
7497
29316
17175
16932
37770
28515
36417
32862
11358
35007
21246
7626
34392
27591
31521
19065
29412
13044
31833
22866
2484
18897
37029
17238
22704
22020
16266
15933
11430
10815
17403
16983
38190
32634
33915
36960
20208
31332
28878
31566
25395
11124
37248
18846
36774
29772
37911
27186
1872
28800
9108
4356
8697
7137
19650
31404
27213
35919
6393
38643
5790
23799
14682
4980
15489
9597
2943
35697
38988
29877
26319
23439
2004
24570
3285
38778
13398
252
25020
15270
29052
34128
19626
35808
321
37335
26268
27537
34254
32661
25236
1044
15516
37977
6027
31008
6630
7026
25761
6618
36903
11139
28116
36963
33765
29457
34797
8163
29712
20817
23433
17820
14001
2115
12684
12381
450
38952
37974
32760
30672
22266
33807
7188
21243
37890
36252
27876
5916
23016
32550
1875
34155
21666
36897
28920
12126
32694
35139
894
12570
19572
16770
24627
19743
29457
37008
20196
27465
35982
12012
19137
17307
6819
26328
38550
3765
23580
27426
7737
5652
20979
9615
37863
1701
7512
25839
11883
38262
21978
12777
11832
606
27606
34518
20352
18063
32526
38604
4584
27567
11616
23724
5874
16494
9108
5424
20259
30744
30909
27999
36399
10944
35670
35262
10701
2238
22104
22587
1500
3138
35364
11391
3747
23970
6909
24099
1089
37491
21759
5676
26058
33375
27456
29988
8925
36564
33471
29187
28308
25380
16242
23763
34380
12912
18084
6081
15150
38244
28668
14706
2382
23091
26097
6129
6117
33006
28284
7209
31500
11043
10941
16614
3477
36453
7605
12402
34017
2076
645
21381
25512
16887
6147
20892
27855
22287
25029
4005
21531
14700
18714
23913
35847
3867
28101
2964
36876
17385
8229
27432
26487
19170
5046
28020
16623
10707
38478
9696
12783
126
31080
36351
15069
35283
18243
3927
18570
4275
5988
1101
17031
24702
23070
13878
28572
12171
16842
24504
27615
25074
12936
13158
3300
16038
2178
17982
26748
1656
25734
37587
38838
15870
34941
14910
12153
12240
16893
28779
14571
22881
27936
29658
6642
10065
4536
33270
22236
19437
16830
8907
3567
27822
22065
4923
4860
22299
20961
29664
22014
7698
26310
21852
23568
22251
34818
33780
32547
12711
21615
6177
33651
10554
35835
38349
20619
1374
32619
1911
18867
10449
10821
22434
38271
30942
25413
2187
12300
7377
31854
34314
15075
19164
15222
36699
471
11043
31479
31074
21810
14097
37251
14517
22707
34089
13866
2382
33519
5541
4293
13386
14046
13170
33876
11373
3171
18345
13563
15471
25722
4473
8841
38853
21693
24063
34611
20220
33162
27090
12294
15975
243
10548
28548
21006
3693
3417
23388
37212
7014
25740
9654
21063
38910
2586
32436
1137
20931
5055
16608
5712
9528
25449
3621
29277
8571
38232
10497
2733
24381
20850
18708
22680
29454
6315
4689
33147
9732
26133
29415
14802
12873
37125
35865
10842
37767
29304
11979
17754
32415
26646
23466
2946
11151
27090
30279
19722
24378
1779
22458
9759
22629
222
32442
11139
6537
37131
5286
14325
24264
32757
29130
35196
30882
24051
7038
27705
12411
17073
6459
5829
4719
27984
8775
15873
14130
54
33651
38508
38889
15165
9270
20574
15390
2712
31713
19983
37899
35055
32367
21219
28812
20553
17415
18750
5604
22509
7455
18018
585
13917
23847
3360
2901
30678
17289
17031
28788
11943
14595
28680
27108
23865
8310
1554
24633
1026
19596
21588
34137
12963
3810
23952
33516
19281
3702
120
849
9216
16194
38490
21189
1041
2850
24090
31719
20142
177
19566
30141
14772
9246
16305
36696
15612
17862
22329
14694
37458
4920
9834
9477
6786
33786
2049
24123
35544
2169
24972
3816
18366
24462
25005
17463
25371
10095
8241
6513
8328
27807
36654
23103
35109
13959
20799
11721
29877
2184
26418
26391
5160
36252
33924
10002
29094
35973
34128
23694
38145
18156
27513
15567
1677
13518
33030
27048
21672
327
31617
30000
28134
27327
12159
24243
342
31014
35967
28278
33201
21441
15669
38361
18693
10596
9366
6843
5625
2550
30537
4770
18762
19050
18393
20439
32571
10482
6543
15243
10809
38160
4299
38946
24543
16461
22245
24888
8475
19212
14166
2676
1653
27891
96
18402
36543
7518
25245
3171
8124
16785
5997
26886
33891
22449
8328
27462
32931
12927
1761
2796
10146
6063
798
34689
20580
23046
18633
29055
3258
30855
29790
2970
19749
27942
19428
15348
35460
5676
16575
4584
20517
22575
31470
15408
4080
37854
1929
37011
11784
1746
37863
21930
5865
38664
15675
26445
22710
34311
14559
24024
26166
5349
25050
4971
33291
5481
18378
27807
9213
34953
30447
29730
16584
22917
4194
20664
19830
4179
16731
29670
5928
15597
10656
11793
15261
26331
36297
37971
19698
11856
21051
4923
17205
7104
9894
9552
12585
26328
35415
21798
22284
26862
10584
36924
10779
12834
18591
28665
17016
35322
19335
21000
9975
29991
30849
25236
15381
28146
22263
35079
1002
4317
1002
16263
9477
8955
23871
22062
35283
20286
2916
16623
8148
11556
14550
16986
22446
31197
6651
462
27519
24045
19518
35553
13092
11370
21789
28473
516
3111
22611
38577
5484
23613
15840
14961
32568
37770
37023
26910
19056
37995
4533
27207
10551
19083
3249
31053
9336
9900
31518
34914
32001
10092
31467
6096
21462
12312
32625
20037
15423
16236
19614
20907
37908
33510
35868
29532
32280
31947
17442
10395
30942
21978
35658
549
117
38907
31605
9456
7863
22179
5370
867
30327
34893
5019
12792
8205
37644
30885
23631
12939
11499
3594
11847
4065
465
2379
34404
30468
17880
5799
20469
858
513
19074
38031
420
9735
6543
8283
29970
9969
9150
21300
5862
12225
34092
12126
10872
25977
35757
21867
35532
37407
33714
37653
35928
34149
33057
27399
13029
36912
8868
11943
37425
25998
9033
35901
35736
15576
5187
26706
23604
12393
9006
27522
24621
2154
648
33549
28131
34461
16416
22719
32871
9186
21375
29799
2391
13488
16254
15423
9459
23178
25422
5940
10179
34455
2844
6915
9090
6087
31677
32694
18480
1686
19272
2157
3840
19923
35706
30030
13440
11178
13749
5367
18420
35124
35169
20814
7671
10479
34293
17130
33660
20715
23070
4839
16173
25914
9810
25263
32001
2487
17013
9540
2229
36285
11697
6072
15264
6462
34158
28707
15696
8907
32130
34119
3090
28299
13989
10761
36837
9282
25947
31497
28053
10017
34392
5226
33990
3258
28545
25047
5745
6558
32643
6033
1902
3399
10161
17166
9861
5319
4929
25557
14226
37062
18732
15372
24417
30777
24189
22254
1059
11136
12807
29115
19212
8199
32397
14202
11457
21945
37305
15261
26559
29007
19350
28461
32406
29511
4686
3267
34830
9615
26880
8112
5733
4671
23487
28209
35448
8676
11463
34566
19815
22329
22737
37083
28584
16134
10341
38100
36135
8646
14361
23697
37653
31767
13158
31059
22278
17844
32382
18108
25518
18321
24276
31251
22992
8763
20460
19440
15498
29982
13062
33369
13311
35799
31452
951
12936
2793
51
8127
9495
12468
31824
6207
5235
5985
37266
27513
21885
28707
4677
8403
8028
28956
37713
31020
35775
17229
9516
12273
6267
22581
4698
17634
17436
36150
18588
30372
36999
18639
36558
7497
31110
29382
13704
36345
33423
10026
22917
16311
36789
27594
22770
5817
15606
19539
34893
12384
36771
5412
22713
4038
26049
27414
21675
4485
22620
1263
32916
18678
19902
30474
26175
10068
20856
37935
7416
13338
7017
30333
29649
4809
16983
11475
10626
30648
31017
6522
4032
28788
9990
24801
30882
36039
11271
13557
38580
31950
12876
32496
11628
30837
23970
35859
1905
3885
34794
9321
17223
2811
37710
5928
7620
13752
17403
18249
5400
7476
22827
7488
34320
32817
32289
26205
27912
2619
37818
27492
34569
9753
19047
5253
1590
4017
2112
3495
5958
36906
10875
21237
37773
7641
25221
4452
21393
1683
20757
26793
9159
4584
34281
4482
35457
25629
28743
24369
26304
27561
10917
19929
37314
29964
25182
36960
32040
27294
1458
36054
23256
10389
18294
20085
18030
4515
24537
426
6198
6294
25275
13416
8934
20559
17898
5391
5244
7641
27816
31548
33258
38736
12477
29631
29700
37659
27591
20796
24009
27105
17853
6321
37494
36147
24462
14583
38718
10002
15009
3975
14352
1284
17391
23289
19899
33345
28680
25143
42
15555
17691
33300
15291
28224
21987
4047
24939
8637
22902
9948
35742
1755
14325
32295
35958
38790
7878
35676
7848
22887
37707
20256
22227
16098
4545
1185
8499
31284
26328
8541
7839
3078
900
21186
29358
22887
23289
15300
31524
7191
25248
26325
8946
37632
19620
3960
35478
25554
37695
2382
7497
36402
22638
29724
11559
27186
30909
20058
17526
16296
28602
23421
17430
29502
5607
7788
11445
26952
23088
3972
34146
7395
28353
2148
4083
7029
6111
561
32583
4806
2943
1080
264
23637
28860
11823
9879
20772
31884
27405
35124
21486
11826
11610
11988
15489
19398
23433
1500
1545
25461
33702
6996
12870
35850
11079
19899
1017
11640
13482
3879
12639
14562
4146
34332
4425
15969
5214
23253
8853
32619
17433
28395
3504
29043
38439
17049
7497
20931
16605
9042
7392
11307
16038
18321
6216
25173
38220
7233
34869
10761
9171
8508
23379
13317
3843
25860
27342
7113
10113
34254
37788
25602
23649
2292
13701
23091
17400
21201
5022
34005
28299
10470
4371
3396
26847
10587
28569
26070
15876
24441
34887
25047
31005
19266
36420
32904
6129
24765
1017
14298
18075
38808
37959
780
156
12660
23871
15612
33861
26949
10620
23163
35478
14991
24615
21381
23634
14184
6507
510
36681
2394
25560
28689
21663
22980
20649
25848
6801
21669
1146
24876
19533
105
25659
19689
10824
8586
35304
5685
33594
4980
26904
28128
18027
12519
10509
2661
24762
17019
3171
22443
17469
26787
10188
132
8826
30840
24036
15627
11565
23241
38562
31098
21402
23277
9843
32226
29919
4203
37914
24513
7239
23874
11697
25266
34452
20265
25983
18270
35340
27213
38769
13809
15000
9960
12000
23826
38856
36036
37512
11421
20277
37074
1575
2682
21351
9474
34908
12270
13680
31878
34842
20919
14811
5595
5244
10263
25860
31227
26589
22200
17496
26358
36012
32499
34374
7068
15381
34230
4104
13893
4707
24384
10023
4338
25122
31374
13815
21030
2703
27495
11967
35601
7470
26778
2196
12714
35097
26115
3000
22686
7371
20496
10044
4383
12051
5421
9507
25491
37707
13614
384
3417
36054
10410
7755
22176
840
19626
2262
1599
8121
14229
37200
13650
63
37455
26364
35160
24570
27420
16902
31941
6975
26949
34383
17082
30426
4890
3573
27189
16560
3960
28662
13614
12426
34476
35790
13266
15102
38055
12924
21282
11340
11124
34932
11406
7635
20352
7566
30261
8775
24471
23205
13806
10476
16644
30888
38958
19590
32520
27147
36153
34536
14868
10767
7962
10344
5616
19284
25446
4671
30264
7728
16011
2391
3660
27417
8082
24015
33042
38346
30846
16569
20607
3708
27045
37251
32652
25059
15897
26172
11262
13050
21708
26130
21876
27726
36474
27492
6069
22923
32163
36333
28707
7230
36780
32370
32706
5865
15441
26748
3267
5343
4317
23874
9051
29418
22125
2703
13533
38022
26934
24795
10131
7698
11928
32007
33483
9402
20499
37608
30381
11718
32997
20091
18948
30780
11517
10710
34701
26958
37458
36024
32301
831
20898
408
28305
2079
3111
2838
38157
28101
27636
9288
35802
37620
351
30285
8022
20850
28893
38406
30624
22890
17553
10575
12726
29070
19341
6483
17028
17802
3507
8385
16689
24405
8793
4053
24540
9960
6891
23700
38064
32583
32988
32922
31203
33342
24207
37284
13248
12156
34746
4875
35046
13299
13506
6831
3369
32847
11370
18453
9705
14880
26838
26397
37341
33687
28506
22884
4647
35397
7584
1767
27039
38628
34689
17298
32970
17952
15582
5277
30108
11328
10152
24213
24627
21714
29100
26052
13617
1470
5505
23325
16350
32343
8778
12750
25086
37284
35634
27792
31737
2274
29559
17832
1902
23307
35133
32931
315
9771
38208
30426
21102
7416
13695
4785
29130
3795
28896
3747
3321
34401
25128
19674
25803
33906
30480
11889
30246
27114
681
21042
29388
28299
38874
31290
10662
35007
25221
10977
5781
22485
2403
24939
29901
14154
27780
18087
16005
17676
19893
19329
11136
6021
37059
36939
37986
28539
7884
27288
16653
8568
9330
5097
34923
9207
34443
6585
3270
20667
17562
7107
2208
18024
32046
32112
32178
18885
11199
7242
36561
31092
26571
6753
35172
24630
4692
32214
14169
12579
20502
28878
19203
29835
33975
13182
37098
29418
19767
1368
9141
35385
8478
11352
14409
38580
2520
5646
18465
13719
10944
14085
3870
37515
20838
37098
21201
23589
30312
35370
34224
9870
23304
12483
705
18279
25665
37803
6753
6432
37230
13953
873
4764
25305
13341
4344
27825
17043
20868
600
27987
34953
2526
26502
14847
37680
8703
36492
28992
3129
31716
38865
26433
5199
37626
3768
28920
34488
8577
33408
30774
22530
34284
35538
6891
8625
882
32772
25668
21750
33375
14655
15759
33957
213
28665
32640
6972
26157
20688
10101
16932
18609
34590
20187
17238
38358
10110
10782
7935
2574
2556
28524
36858
38094
35415
4539
37032
29190
28263
17841
21621
1974
33600
14634
2187
21321
8274
9159
6537
27021
17316
21525
6630
12906
2712
21924
10320
10878
32706
18258
13455
33318
5838
9369
32412
2253
13911
28503
29499
1230
7344
10176
3207
0
24813
3450
21324
31143
10668
27861
19164
27984
10386
23853
38949
11154
6777
10269
22035
37542
26583
33546
29916
32421
1971
21387
32733
15882
10890
23232
15171
18234
33411
18378
18234
17280
19884
558
9423
30552
26475
26646
17595
34917
11499
17544
7074
16332
25869
27165
12930
13455
19767
3849
4932
21738
25236
37665
35679
36126
21900
11850
15360
14367
28284
31650
31647
9168
32211
126
723
17742
26772
16374
13662
36327
31974
18792
13662
18843
6957
24648
30354
24780
28497
35289
7518
12789
33954
4197
9915
14910
14103
23331
27333
3387
15984
18036
12558
7251
18165
11337
23049
5937
25767
36711
3267
18741
14559
14985
35640
19572
633
26997
5352
29133
21342
10929
978
14352
15126
10896
27321
27288
32283
15654
30675
7323
33693
2289
12630
12858
11682
35682
16851
35505
31449
18174
15246
7011
33159
9945
24639
31851
36942
29994
20040
17340
1923
21018
31692
15105
31914
18069
3393
23256
33726
32127
28635
26475
32472
2268
37389
3213
36006
15240
38718
28455
31473
14967
33522
25632
22968
19164
18483
20910
8214
38523
36306
10137
20544
27054
23298
11514
6126
24750
32826
852
17877
22464
25383
9405
22788
23772
12618
19794
37068
12339
7305
29541
25362
38886
14232
9330
17106
30771
28296
25320
28353
23658
33513
9897
11712
15867
19467
17838
1617
11352
16746
17550
33816
3129
26958
17604
24957
576
35454
23028
10971
3759
11625
34389
3645
25857
2775
18807
17631
29127
5127
5040
13785
36696
12993
25500
13566
32460
4338
13239
2868
21087
30792
36684
22272
18750
13344
8232
17382
7854
29316
26412
11616
1941
21801
13317
25857
24579
32127
2544
12762
35310
7584
26550
31065
20577
13050
3687
12093
15444
16926
14964
36531
8718
10704
17862
25524
22107
26094
3909
29961
16410
30321
633
16407
11178
12009
1320
33813
3192
3864
7578
36558
11448
34128
28623
30081
6234
30366
3177
21678
8295
16197
19212
15069
26901
37074
1596
8064
22224
3561
38028
36690
33882
36717
12153
4116
9726
13476
37932
12918
17340
4566
10479
26847
38694
37158
15984
5928
28527
19161
27606
34878
33414
5874
10947
19374
2004
12543
27438
22284
14160
24522
19974
9042
22242
30186
11217
31968
4662
8205
3945
22002
12771
12480
7905
10521
10638
23892
16449
165
2109
3111
33099
35526
7044
5049
15900
7104
15648
4338
27447
29811
28863
6477
36909
10161
36663
9126
3129
2325
17331
5130
22386
28158
17610
30291
38679
28251
15183
14184
26472
15351
17298
20574
11877
22398
23679
27777
27558
327
30171
16005
30138
18090
22485
26106
28251
20148
33288
29439
22476
11622
34569
3918
780
13182
34209
37518
489
8451
12702
25017
23802
28056
4647
35679
11454
28326
22512
15
26712
11739
14076
15906
29832
36561
3012
19083
15768
36303
7578
38244
6981
3150
3162
5817
14388
35427
4335
12933
4878
17040
36006
26736
6096
1656
21471
15609
28038
4983
13680
15750
14781
27756
31659
5613
25320
34671
22752
144
30030
30333
36444
37011
31539
37662
3831
4983
34089
6222
15972
37026
23262
12978
24762
27417
14634
5292
4026
3675
8331
17706
17481
23112
6462
10140
28725
29838
3870
12480
29982
33900
1869
27426
29970
31464
26088
31857
36447
19236
38079
11475
17262
22344
24453
1080
10761
37146
6372
14787
38877
14706
30549
17358
37818
37011
27501
25602
25908
29427
36138
16890
24327
38007
3375
13353
30471
27519
6210
25974
7755
5292
37449
25017
25692
20958
24156
34509
19104
30528
10296
18981
4290
38901
34398
3111
36912
22899
28713
21876
11382
25851
36825
33765
22914
1200
8121
12441
28719
14331
36471
36477
17679
32976
20550
4371
14934
5706
38880
34041
34293
8232
12078
38583
8133
7476
2694
4104
28431
29463
25980
813
14370
21861
32637
35340
23061
1758
6837
10839
16089
4308
6372
31827
37284
26922
36198
11277
30687
36081
4374
25980
5313
16452
23619
11505
21987
24372
15609
9474
14835
645
8346
27264
22509
1983
23604
4626
3741
28500
15465
17886
32808
19893
10713
29151
5874
7914
1428
36561
3051
5802
21597
6420
20310
6216
15981
1353
30588
29646
10830
4482
30294
19176
31746
11859
21159
14406
14541
22956
1962
28065
1842
34773
8958
10614
22980
14832
16584
22464
10449
19635
28266
30102
24111
7632
36321
1095
8988
25965
30741
19818
30447
20091
37050
21249
30006
19209
33714
5550
3165
35676
33615
3063
29505
3573
11733
13485
16464
28317
35949
24969
7008
23271
16074
29178
30906
13395
30273
37950
360
20070
16824
28866
1164
14874
9171
31170
34083
3885
36720
35304
37620
29391
36423
28125
31023
9159
669
8487
35532
34674
33456
1599
18948
10530
30777
8910
21981
22050
5916
20400
3120
22740
8322
2340
37614
17493
33513
32697
19437
29289
27057
18057
19683
22536
5238
9762
29751
5907
18249
26286
1584
10761
27885
18588
19350
19662
27498
387
768
33414
20787
3888
17154
27165
4287
13824
5661
37800
7521
23154
26145
32634
2211
4884
16170
5505
14646
6924
11415
30951
31266
11055
771
18207
29643
20121
37869
16197
20508
38637
8667
354
1581
25821
27519
5868
645
31236
2724
6222
15390
26928
36912
15657
29868
12138
21165
5517
17118
30636
34524
9384
2691
35295
27591
30390
16416
24516
7587
34983
22209
16254
33393
21849
1131
19968
25773
38832
12207
26556
4110
25653
14484
78
369
5352
12216
19590
8925
29337
9282
4452
36777
11973
747
23427
1419
15222
8943
9006
11205
29211
23316
5598
12060
22503
23622
37833
22335
35829
23445
24501
20541
37929
24579
18966
2340
34851
36612
9321
25188
6894
13773
21024
18867
12579
5451
20286
27801
12450
27348
37062
2661
9720
1716
12777
32223
25338
9669
13614
20226
33114
38115
1767
32046
21750
18789
32442
17601
16401
2763
1848
23295
14595
22872
1218
27174
28323
19560
15975
1773
5964
14037
2493
15684
15753
15270
8907
2091
24939
20577
20373
19056
17748
20196
10158
498
38985
3600
16155
14442
4419
18003
37737
19014
38931
37011
7188
28254
17571
21219
28086
23535
33312
30579
37275
8121
4905
5238
10215
29847
25815
28644
7959
2619
9843
18117
3117
9828
19773
17331
24273
24192
33390
21066
2265
33324
19080
9453
22578
34707
28731
9720
19245
23043
1299
15576
31167
6207
20817
438
34110
5688
29082
3069
8310
38925
19242
9483
7812
15
26814
32085
22263
21207
12207
24528
15531
31287
32040
36165
26997
21771
6888
5298
5814
6243
20874
35037
10506
747
35475
3672
6438
23616
6741
14748
23541
25983
24231
31353
24054
12048
22494
7320
31311
34704
31848
5898
25047
24888
3063
13044
5715
8007
16398
9588
14253
35331
5625
22815
36078
159
26490
3516
23775
31287
18264
8316
16329
1554
37728
1383
11658
19278
8703
3969
14982
38610
9867
38088
22554
10986
10188
28272
18996
26589
37860
31305
22920
2541
13176
18054
2700
666
19629
26475
30012
35949
32850
7341
37503
29634
8724
10161
9912
15486
12186
22953
15096
22053
22041
35706
31098
32229
24978
9150
17874
21894
38511
38850
22494
12687
17907
25194
11412
37536
10728
2424
32541
2634
9765
31047
30324
18489
2208
38292
32031
12453
22245
8127
32562
3342
4836
24660
33630
27870
33810
12504
8823
33321
10413
31317
5067
28320
15567
16479
24912
24351
16959
18453
25041
26724
8556
16365
4269
8823
13716
36303
21276
34017
3486
14838
37362
6378
37557
30048
32307
32367
3552
2130
24747
13965
31503
27870
1341
6126
5349
24309
28536
20364
1821
12633
8088
8433
27057
10413
17256
1773
5772
36588
35790
9261
12429
32208
13695
10986
23256
7002
2409
24867
7188
25212
36888
38691
14082
36288
3876
17487
21597
30468
37851
21474
4101
4995
27966
31158
15411
6222
32931
21183
3813
29724
28500
14298
20988
3198
23340
5247
10200
23805
30114
17391
10020
28002
15138
22158
25290
17070
648
5946
8538
36555
25476
12642
2553
14442
2856
16020
18723
35790
35259
20592
24570
24762
34890
6558
26016
17286
9861
36216
2091
975
12663
10167
28980
25860
32328
13326
3930
32976
19272
10527
28587
3807
21225
31140
18249
24081
8160
36972
18927
4422
18564
4497
27240
12510
9114
14256
29796
18975
9528
29946
19953
22194
1113
7989
7110
33441
19371
9096
25473
36702
19623
15063
1509
1848
5259
17814
23988
11478
15789
3915
13956
32409
6471
2196
3978
15585
14508
33774
34560
24036
22776
13569
5286
23892
19614
12396
16389
37044
21495
921
34746
174
15984
34311
81
19299
13125
24069
30777
26970
27984
5733
18438
34455
5985
22416
9096
20493
15246
2715
3588
38025
16284
8874
22917
33957
19329
37362
32001
38880
38283
25803
37110
13323
21114
37191
32625
34239
22260
22458
20268
9303
28194
38706
2814
32235
22122
9969
11787
37368
12684
15375
36393
27024
22305
18366
20037
690
16731
13038
570
14070
38841
35739
27396
19011
33930
21021
14253
15249
4479
34521
22608
30729
34227
23478
23967
15405
33447
35754
13773
7131
10185
11169
32214
32490
27591
13251
31239
5322
24348
29865
19395
22245
26604
5847
2259
21537
26868
14568
34842
29403
8145
18450
19191
1428
2928
2214
16833
36378
36024
30606
2565
7209
831
34779
37755
28425
9033
29994
31803
33381
18918
10254
16626
6522
16101
16941
28059
3969
31509
23901
31431
654
1407
9678
2082
4338
11892
18915
38772
8916
8580
2337
14181
9411
35175
10992
35892
5208
45
28698
36645
18963
38952
12327
25485
16056
29271
12603
18081
21780
34560
8568
20493
35970
18246
22575
38364
30138
549
38136
37110
9129
1473
10347
16596
36648
19398
13491
912
19443
3189
35613
36462
1197
8943
21003
17253
36270
33606
33393
17106
27225
2961
37599
24195
21210
19233
21615
10404
17838
20751
6573
26967
20280
14976
2619
15987
34374
16110
16899
12873
17355
11571
8391
16611
18570
29397
33864
15840
22059
26313
31002
10284
29277
27660
32535
9543
5949
15150
18003
23787
33957
24576
9810
15240
37611
12429
31227
31041
26598
7182
4917
3009
16809
11364
19620
35379
1761
12543
10275
23823
38856
336
32163
27189
27996
25701
36732
33945
38907
15738
18732
33867
38370
28542
8163
36981
27
390
29025
26625
5628
31998
27693
22440
4362
8313
16875
6126
18912
25209
28005
18771
25545
21168
5016
14541
5925
2751
7542
5835
18489
26274
37758
17859
13872
6921
15843
13899
5367
3924
38583
9051
35922
27276
29547
1284
33645
7425
5466
11616
30690
33471
28443
17235
13698
33459
31776
19623
36210
37374
23514
13755
24648
22272
31617
36576
27249
6516
9531
32616
8496
9114
726
5418
34446
30273
4758
27150
35754
10227
38766
27444
2754
26265
3735
16452
20724
33567
34134
17937
31941
18648
31692
15645
38979
22365
13221
27228
26937
22755
18903
35433
29925
17685
38907
23430
8958
4668
9636
3771
12951
7458
29271
15705
33723
33009
30216
15447
27576
25350
31440
20520
3054
22191
36165
3033
3612
8445
28320
30552
31200
6279
25041
20181
23964
24951
4611
32922
29619
12303
34749
3570
19761
25023
17331
14484
17088
6603
27990
5664
30009
20430
24240
33066
1677
21408
34155
5292
27909
21531
33900
18165
27810
19941
38346
12774
5892
2016
4755
35511
14319
504
37137
34083
23583
13527
9567
1671
20130
37557
7338
9198
17046
29634
3264
18723
10098
35475
22071
38007
18009
16971
17172
4875
36915
16521
17652
3807
16593
22407
37377
30912
20967
33570
25995
5553
6153
33621
7224
26286
30234
12618
35484
8280
3255
36804
25062
13353
31335
8133
12363
8400
25107
29535
13278
21078
5112
28986
24885
21705
12393
21318
13620
33360
13947
37671
36969
20100
30348
5196
5442
21585
15870
1926
27921
19125
36786
12039
30537
27180
18231
3900
35580
4338
31491
7914
23472
34662
36900
7413
17367
10293
28734
29043
2712
1737
25773
681
21837
17121
3933
27282
36762
19806
27264
23742
36987
23109
33837
28524
11289
13068
30480
5925
15462
21030
13842
38934
16692
11742
7350
34059
20094
34140
22161
20862
35877
8934
19599
18714
24111
23535
5052
19932
2397
32319
4674
384
14484
38511
26967
25773
10638
18447
29754
26100
477
4596
26037
17169
14397
33387
10287
34491
28527
32448
14409
23460
438
34008
3174
24549
16599
6285
5481
18996
36660
8211
17439
12144
5781
5406
35973
16419
21909
26727
1575
22389
31326
27612
37614
4779
20055
6957
37326
7638
37461
12735
31098
37899
7743
32331
21507
24345
38616
25044
2397
36276
31314
19836
9420
37095
25242
6393
12570
6210
31176
14145
28599
21558
816
25269
26337
20871
30285
24663
28512
28746
35454
18666
25704
2256
11997
6267
24657
11613
29367
27054
6945
21681
5949
16365
17832
29247
20814
30402
35457
11049
3606
23112
32607
4422
9384
19947
23349
669
3666
10917
27471
37179
29586
14175
435
639
18498
25092
10311
8868
11202
17256
30549
17151
31680
7440
7401
11550
35898
3858
22599
504
26973
16209
2982
34413
34212
26334
33138
35934
37251
19665
34113
27837
31899
32604
28479
11397
16752
36846
20265
27957
15102
9873
4164
7782
17313
9621
17391
12267
13482
990
12774
38511
15255
13812
31980
10467
1146
24174
5460
38400
4839
573
25293
36738
31236
12828
9138
8988
10674
27459
35001
23835
37332
168
29673
13701
9789
8064
24027
21327
9057
34857
18894
22368
9669
11874
30894
10818
36048
36354
8274
38946
34983
31623
36684
27219
5454
4878
36210
14184
32340
32211
38019
28728
30435
28695
1488
1227
36759
25515
20610
4872
21372
507
25299
31041
12381
17193
915
7488
14547
9189
7434
10530
38871
3174
35808
5325
8055
31074
19509
1395
22341
16587
30123
13779
6282
31611
13062
2097
16182
33672
5028
37554
32235
30327
27654
3675
6576
28569
11163
21123
35817
16653
29709
35688
19827
24573
69
27882
16647
17634
27333
38991
32277
18459
13770
38559
9126
24888
38715
23367
17616
2799
21921
10854
31182
8631
14529
37758
35259
23748
17937
32076
1401
8646
26820
19284
33222
24945
8169
8925
1635
35502
8916
33915
13017
20742
31530
20202
6630
31245
4569
22305
32100
24546
33159
24282
33180
8688
21096
29439
32436
33
20571
31893
8682
6447
12177
960
29448
18402
9885
31083
12963
16860
25998
24036
35658
18531
5238
1347
8832
7863
23652
1935
30468
17811
24273
24648
24555
6372
13143
16047
4461
31770
8940
13143
36273
19173
12159
26721
37578
20103
18804
11541
35019
3861
33633
31677
22392
36930
33024
29280
5793
15732
29271
36261
31599
14547
19965
17154
18975
31164
33201
23436
23934
1197
34638
21207
20373
5853
6984
17007
24012
25791
26604
20031
29652
21237
10767
11100
19167
2847
1380
23019
18582
30654
18336
11181
4257
36360
28338
21288
28524
20595
3780
11517
19851
38418
30780
1224
3330
37767
16287
27342
22614
3891
8376
11322
23184
19143
22422
3354
21990
21858
24429
38628
11568
3765
10812
13881
38181
37206
33225
27708
16857
37008
37281
36708
34482
29061
37932
37812
27828
15219
26157
9498
17166
32589
20820
1353
10788
2298
2763
30834
22215
27192
30465
33783
29013
333
6723
28197
37539
948
14961
15396
36012
13242
11163
31497
3303
10095
28365
29190
23373
13578
38688
38595
7167
20511
948
16011
22809
1767
7848
6024
27015
36369
37866
17031
34758
3645
4284
31353
2649
19245
7749
38664
32487
16968
29217
33846
27066
18582
24036
9495
32163
23727
7146
37386
5238
6153
14400
26103
7920
20304
30186
34938
15729
27108
11025
11487
28809
15309
3840
31458
34554
9645
29178
26097
26616
19395
20943
12738
37980
5982
20289
31143
27765
27435
29529
31059
33588
2985
18162
567
23289
7404
35505
37074
32568
7530
9561
22377
20895
13401
14838
16449
23049
5016
1602
8721
24414
22545
21459
21450
28527
2748
11649
17292
30183
234
7407
22830
3222
25572
23397
24567
31032
19902
22644
24603
25488
32205
7980
7383
4665
20874
21888
25770
25893
23490
34491
9363
5091
16950
28869
31677
17754
1518
8025
6993
1752
15435
29823
3030
2007
14220
27600
31095
32178
9300
16698
16722
2505
24681
22161
5226
4611
5049
30996
30504
26595
26487
37923
31689
2493
27792
24366
20247
29310
30447
27243
29121
6882
18066
32151
6945
30345
20751
38043
21579
30051
15741
38304
30615
38478
21465
35841
4092
24573
25896
32652
12168
13383
29634
2913
13935
18426
25335
34182
6795
16785
20481
35916
23667
36606
29067
30615
27951
8877
29658
10530
36984
4455
7890
26655
1992
29358
21555
4140
14931
8451
36792
25155
19890
27426
26127
33825
4911
12462
27066
11706
27303
8547
6678
11973
6153
33801
1644
32160
3678
29358
1749
38721
33813
9639
26376
33861
37053
6987
38001
11040
15438
35796
36198
35331
22278
21381
28212
27189
33843
16278
36951
20205
22884
4629
30234
27093
38433
31878
18312
1167
22236
20061
888
15105
27756
25323
8025
25812
32310
7026
36852
8751
3822
32106
3138
24159
14487
31350
12348
7389
6687
8358
27594
29571
12987
18828
17664
12420
9762
35976
13590
30054
15093
12534
4215
3852
37857
12240
27720
29226
19269
23628
37977
21147
14793
171
6306
29280
29577
16713
34725
36264
25071
23319
26835
36114
1203
3558
7593
10965
37590
19239
2019
13686
31773
6237
15594
28689
18477
2370
18915
37746
25998
15948
17952
1791
16119
24258
29130
4752
27
24855
2019
23154
7233
26910
20271
8436
28524
27864
19404
27117
8103
19479
38859
37932
23772
15453
25677
3252
15879
5592
54
2877
19596
18006
2727
33771
1323
31857
38526
38406
15768
1545
22563
23001
26511
1890
29496
16038
29754
7956
4155
35913
27435
2070
32901
12210
17523
19581
13518
31458
23229
11628
34335
3828
29637
35118
35655
29016
26031
35181
28422
858
34782
10041
23859
22296
11931
12411
36390
741
20367
1545
34710
6861
3615
28614
17127
19194
7251
30645
11652
28536
3273
5043
30420
30966
38220
27078
19038
25251
21315
8463
24165
17100
18504
9027
37452
28494
19494
34842
29235
864
34443
24948
5781
36114
12618
22908
14364
17925
12609
24072
7461
13938
27171
37884
5907
26391
25962
23001
10701
6333
31464
34866
23433
9027
2949
19941
37521
22446
13839
25812
21366
9282
11760
25203
4452
22434
9111
18816
1359
19776
3888
8823
33714
31062
5763
37677
18453
29781
21681
27210
36114
12201
23079
18606
19284
24084
38547
17805
7530
11445
2676
26952
20727
12492
13155
23238
34929
20322
3054
34344
1098
6945
2223
32871
36063
7986
29604
13572
35823
12285
1785
32940
22545
22920
12546
2829
8004
10149
18693
13593
21594
21369
38601
1380
31917
12759
24618
27846
33081
27672
23193
32238
32673
23472
26109
27792
31461
14769
2367
28284
25113
2208
20280
8658
25128
32826
9543
31188
2034
26292
3837
23628
6717
3441
25008
38637
14256
8682
27483
6393
36357
9732
38631
28086
33207
23796
16881
23724
38568
17304
11064
24681
19512
31347
31395
3696
23229
1938
32940
23319
28233
36780
7950
34950
38277
31014
34587
13533
699
21129
17982
35112
28917
15672
22254
21180
468
37191
5904
37092
15495
15027
20829
35007
7374
11280
38703
28659
11277
30702
12981
37566
26538
18987
31572
25815
9057
27162
37404
7812
7347
16386
1980
34320
32058
24237
16503
30585
22428
22407
26733
37926
35490
6621
31989
1920
17901
29751
30582
27234
21453
2619
25800
8991
21606
18375
34806
28719
4593
31266
36534
11940
6708
38514
7260
38769
23751
23763
28410
5238
5229
14199
2220
38775
20820
34209
1698
36780
24960
30336
25014
5469
32955
11817
14460
13617
28248
8322
3336
32841
588
870
5781
5355
37443
11097
3180
20250
32919
31590
25488
36204
4845
27708
35979
25668
20976
35733
21504
4992
27069
5574
10464
21024
15447
24924
32697
4695
31305
34092
37536
29949
34962
2373
35304
31461
11529
38484
12714
5448
29130
38202
708
33978
24969
34743
18702
6945
31479
1206
11937
19548
6780
22401
38631
20286
6384
32328
24981
37689
27420
23520
26694
21441
25893
23001
13902
37422
22485
24672
1926
10674
23877
690
5652
7902
35436
24354
14847
25971
23616
24840
6519
28452
6300
4206
9738
10740
34593
34722
7485
21069
17298
34179
1566
4191
18180
15471
672
38724
1143
654
10398
23076
1347
14106
30978
34839
36516
4881
21810
21132
27780
26385
10584
34080
28650
18381
5820
24243
12159
11361
6312
29457
6540
7881
31704
22779
21408
30432
20559
20607
31089
29013
2742
30492
4119
31776
24387
1635
36660
5253
20823
25440
29694
29463
18576
19344
8844
22452
4587
21003
33813
8958
9516
38409
14895
2223
22188
34359
32655
3747
14022
22800
30816
16764
14292
34935
9543
38679
34626
5259
2988
16449
28755
32685
4971
8331
13029
13815
30783
15675
32877
23652
22689
3393
23061
37584
3672
4308
30999
36330
6111
6021
20130
36930
22788
32481
30921
30387
30216
24606
33702
33207
111
23457
26892
5082
29844
921
16956
19683
16596
10833
4335
285
12282
25452
35925
15957
29760
27924
13287
35874
32004
31473
31860
15792
24954
23781
5235
16173
9387
38937
8436
9501
21450
35328
14583
12294
36249
29595
31977
11904
1428
36312
10245
11769
20820
5229
27726
11583
31209
69
8457
24213
29598
1317
38061
15555
23154
4296
29784
32544
2289
38220
1101
23739
32604
13740
34089
27909
4338
27066
813
3822
22434
9117
15591
4257
14346
4317
13896
4611
2442
22353
28827
32043
21726
27888
6654
3936
30243
34494
34536
32532
31770
35637
15330
25374
8436
8475
12339
10830
35544
13155
14652
17034
20328
30246
19347
32730
32619
33243
37341
33120
14652
27168
24219
34434
16059
30873
38373
5358
24423
33909
35946
17193
28605
10332
1623
37041
18810
13962
8871
13410
25173
21579
30444
4557
12825
10794
37287
4503
5037
35631
35679
17748
21855
20898
13182
35970
12771
12555
2328
35250
7467
38277
11499
34128
9609
11178
32169
28419
23196
96
2829
9372
21675
31332
13929
32559
1182
10275
35118
4275
4962
31797
22023
26817
13695
35208
23790
24522
8763
24174
20772
14286
21507
30327
9414
31119
2505
639
18594
25701
735
19482
33129
20469
9870
8061
12084
11052
16392
8202
15327
21354
38055
37353
9171
10806
33561
31017
35328
1380
16194
15156
15669
35757
6483
25083
27876
7044
25725
5529
32745
24516
23067
26877
4041
32937
32994
16125
3045
10386
22383
18372
29796
21438
14781
38967
32244
7398
29043
26628
8781
4293
840
24450
1050
5379
8589
26985
12423
32370
30570
4227
15945
14637
31104
19986
6630
23154
34170
9675
33540
17553
26103
24336
38994
38943
22359
30294
7341
10458
15981
16122
14751
16821
38628
13860
22203
6276
1845
32682
38646
32415
36909
13647
6108
27069
33636
10794
11223
28806
18525
3819
5415
3684
26211
5409
3627
9573
33762
10971
20031
10743
25149
32841
25620
24780
7701
6879
31056
7602
37620
28758
38073
35529
3408
5181
23601
35100
15975
32880
22962
32556
36702
28377
36240
23913
31845
870
31542
24663
9897
10632
33462
35046
4473
20082
20826
10230
25020
10938
17832
23640
37755
16905
18225
219
20142
2826
35319
34173
33765
19281
27729
31467
6714
24969
16380
38559
23895
6981
22278
33792
17613
16740
29841
22086
36825
9723
32316
20901
18720
9204
5541
17475
26109
23766
17694
5307
24651
12069
480
19416
29406
26265
9939
36120
12234
24375
33738
34188
31356
17016
28980
9969
33759
19821
30111
29640
27603
21483
11541
7323
30687
15138
24798
15852
36960
1548
21159
20667
13617
19695
38139
4023
6960
9078
1143
17253
31512
32937
12441
23868
10956
2421
31896
3771
20301
23007
31467
8904
5493
4008
16227
36180
17202
81
11091
15162
1629
32250
35832
15246
11004
34971
19269
17964
3108
18468
33273
34620
12408
6714
19488
21420
7194
12384
25191
27495
33450
15714
36399
38943
17778
11682
34179
34980
11763
6270
9198
13392
36579
6030
26694
8583
60
6963
24603
1224
23487
18879
35844
35895
25593
14388
16371
32787
24831
618
19338
19281
16332
14793
17280
34110
26475
12459
30090
36294
18732
37347
8742
14367
2433
35436
22950
2493
1455
6609
3717
24945
25488
37617
19896
10140
13008
34326
1983
37839
34944
21324
16176
12279
34173
33456
5445
21651
6915
33594
17001
23703
31941
23802
38070
34374
20238
20076
34926
19752
26688
36699
3753
11232
35319
21705
21372
9327
17031
23358
6222
12978
3738
22398
23313
35967
16854
28758
16674
23769
21408
33678
6531
14349
18480
5601
7782
36774
23736
3708
17526
11424
1407
19335
22656
36726
2043
3087
5109
19074
24501
11331
30108
26295
31785
14421
23262
9639
2238
939
31467
23646
34617
37998
36054
12153
2655
4836
9927
24447
6600
25512
35871
8007
5847
17586
3792
7890
20673
6957
25023
4230
16347
16131
30525
9132
28611
14787
16830
28905
15726
9297
11607
9399
6351
8661
21552
7062
11553
29538
31512
18153
16050
26439
24219
19953
5025
28011
25902
23754
34968
11925
27984
12315
26112
19509
19506
15723
32355
36336
5628
9081
6633
15294
16539
11040
23955
38091
16158
33567
26685
8670
12720
3735
33168
36939
23691
36249
24006
10593
21006
19977
20574
8046
30348
7686
25614
10854
23412
18969
8190
27096
26106
12879
1446
3645
21975
25404
795
36192
19971
27480
3918
30747
31218
37086
26745
13965
34338
11751
22614
14400
31728
4188
22446
21135
9930
9060
30045
31398
28029
36294
17553
15138
8229
18999
18783
28263
5403
17634
25455
23430
6117
29373
13236
35391
27462
981
10356
22800
12732
31026
37200
3519
33270
18702
22710
4200
27765
13755
35601
14850
11049
14154
29988
17337
33153
7830
6600
36615
25464
32055
19101
29637
22428
32337
26028
8946
31374
36384
29802
5109
26466
26058
6684
20736
5763
29394
24939
33528
2205
21540
7434
11313
35694
37425
28650
27903
4311
35250
25518
27831
26361
3678
18471
7845
36015
5499
16794
26448
942
7596
31557
27408
33657
36297
9147
37476
24747
34086
30060
26952
14682
37494
38265
9432
33975
25971
37335
38286
22221
21912
25176
7638
25590
4647
15486
20661
8202
32280
8109
9144
37932
37722
34611
30645
35019
2814
29121
20766
34956
20181
6777
10638
18678
6042
18126
13653
30072
16461
10998
11349
36429
36174
18990
23019
38877
34476
2739
8079
25812
10848
15282
24744
9573
10893
14448
3648
13707
4569
22473
7719
22809
29250
18357
543
33348
34539
12252
24420
12000
23250
35772
7488
18480
15762
28563
18357
9294
31302
24495
35106
3153
777
18906
10782
9726
33354
14430
21489
35982
34959
29208
19791
25209
6621
20334
19560
2160
32586
3036
12216
14895
38808
19704
33375
13626
7326
10791
22920
38628
35286
17082
837
34119
35991
9675
2901
28401
22164
24390
25383
18123
12654
4230
4335
19275
22620
21951
19491
16209
24987
31707
29160
24798
10470
21591
38424
17796
30438
20403
15480
24780
37485
16320
19899
32532
24051
22800
21936
7215
6246
6375
25341
18900
10608
27732
36231
33228
10683
16722
8493
35670
9432
35709
19524
17958
18303
17007
35754
7797
37410
12234
32580
35895
26610
11535
29430
11664
34338
12366
16935
38640
16797
3276
18543
25461
29064
13830
17748
747
30555
26241
34476
38043
21009
13056
17001
37368
30063
11811
6165
28473
24045
38745
25371
9714
11283
15801
19434
4677
26223
36369
4317
2076
37704
20916
27540
27768
32805
6288
26574
24360
30585
20106
23403
12594
33162
38460
10962
24228
11271
15186
13701
35316
14931
37128
4086
24270
11985
23520
27003
36264
18948
29379
38343
17652
11295
26883
4476
5100
33171
29106
27516
22812
10212
9975
35409
4377
9435
5427
26661
20706
20613
1362
15081
33603
36549
17223
16929
9534
1746
4935
6801
18750
34314
6144
36402
4665
31083
38934
7824
23310
29043
35340
7122
37311
6318
1587
2688
13809
7017
27405
32574
25686
28770
8655
18345
24375
25878
35277
33909
25680
1212
38766
5430
35526
5910
888
1191
35049
37881
9015
19359
27924
3414
26484
26235
7788
26127
26982
21597
33144
15387
15171
17889
3213
21882
36234
27588
6819
30567
20556
32499
31779
20322
35988
26361
24291
34932
25611
20340
33813
32682
702
22737
36096
25242
8031
4884
12369
33069
24540
4572
7512
37767
22461
10728
20652
17751
36372
27471
9321
17928
19026
156
36309
14070
26520
21600
10005
13131
2940
4818
6813
1698
25614
1968
26940
31701
4908
37368
25770
27504
2940
33282
26274
23457
3066
5982
264
441
31509
9585
16425
9591
7800
13734
23664
32376
33390
33669
6507
34389
36543
11376
36087
23157
11400
24030
15858
14367
22398
684
2871
23394
33969
29145
7851
35091
33183
8115
33588
25692
15759
11016
35286
21615
22806
19950
14991
15255
12675
19554
10644
10218
28986
7731
31434
1389
29817
6348
15756
11271
7035
16683
34665
60
6831
1572
35151
38070
7746
29742
24765
21561
38814
21051
4176
20676
57
17223
35931
10788
36777
7575
21006
24819
13365
11496
26208
4182
17847
1020
13512
24882
17706
9177
24942
22593
8808
19149
21663
14610
9891
5484
36171
7761
24591
38403
28440
22704
14682
25371
33492
12459
31005
13557
37278
5370
25053
22545
7608
1956
21621
21120
26838
37383
28356
10836
19032
37164
29988
38754
10830
37935
5238
6057
6699
27888
5460
33195
11592
18198
19566
6087
30657
9627
19644
26991
13053
3753
8592
20664
5712
30216
2784
30606
26655
29196
2445
6690
25416
30489
6444
36246
27480
9738
3303
32235
37626
6819
26430
10221
25017
5055
16308
14730
14682
34008
780
27738
35817
9372
7458
2529
37644
8298
31194
25302
37497
33639
30048
23913
23184
36492
19218
11664
7230
22521
4902
3915
27399
31332
14136
13416
34443
28500
26205
10128
21564
26985
35922
18381
34413
4380
18969
33060
12678
9219
17418
11175
3858
8466
33147
25098
4014
13365
34818
9300
33942
37776
13215
22341
28167
25407
33816
23610
12963
21021
33738
34527
7062
30660
11967
2475
33096
28992
33591
6777
38211
10065
17952
1125
16587
12099
24279
20601
23520
20097
27960
18465
18876
2175
1806
6099
25641
33678
29709
38604
15699
22506
32190
20817
12222
5157
21351
6321
32205
15942
13098
31416
24066
29106
30597
1653
264
15876
20313
23784
35973
9273
1305
13905
9504
3114
20004
35145
36792
10716
32808
11550
31278
25998
30423
4500
29211
12774
10821
22416
26775
21975
14832
11841
12084
6429
11550
12348
22305
31863
34188
17334
2136
35496
31242
11643
36666
10302
5844
32514
19074
38652
3120
11352
23706
33546
15855
13917
5376
24732
36333
32151
7710
10221
3048
19794
14706
14601
30198
35067
5520
23442
13404
7659
19938
3702
17358
15660
14004
21258
9177
33081
18969
10353
3489
3675
4899
19344
17595
10278
5079
14928
1485
12789
25152
2592
30639
37914
17193
21837
33984
22713
4335
8388
28428
22332
12090
4842
37992
24150
24159
6225
16287
4128
16581
19779
5859
19536
37179
23454
27870
3258
36441
29358
14103
20649
31950
5742
19563
8199
25635
14547
28968
28029
22935
16455
11361
33081
19353
10353
16290
4512
14637
30633
6696
29274
11412
12558
9810
7650
36012
37683
10908
31509
26097
23070
13158
17103
26868
32724
23358
11562
6327
11382
591
27321
27837
11952
19458
6249
20361
35748
8817
33054
27384
15516
23328
36852
28074
33141
5502
23142
29880
14469
13710
15033
35595
26868
30192
23463
18648
12606
33081
24978
23988
31728
11355
10884
2736
30813
17133
23100
25620
24006
15210
12060
522
38541
9912
26652
30738
13473
8853
21618
25998
22563
34707
22593
8487
25899
5112
27138
38505
38196
11172
21549
30924
22527
32433
33663
12396
8622
15819
38016
32631
31029
11076
31209
28626
20991
18864
20364
32520
25773
2982
19518
9336
35745
1167
17823
22644
6279
4017
20205
3531
13245
2757
34458
33828
33246
27177
7227
2871
2052
6243
33558
33081
15378
25767
20766
34425
5631
2130
27945
31404
3171
6519
38796
38916
7686
15678
20619
12021
17751
1824
15555
30999
2637
9069
23883
33942
36246
31110
36813
38298
35412
29427
30435
11790
16194
12201
7215
19884
14334
33216
10344
15561
735
10143
15477
6477
23877
34152
18498
2628
34035
34053
33627
36672
4122
18513
31614
1368
8679
27483
37722
3147
17910
27216
14937
32163
37473
20208
13047
10863
14424
23391
26424
13215
31590
2904
19692
16467
37056
38193
19098
32091
33246
11781
27822
35427
28350
18492
34851
35088
5034
33576
38235
21000
19848
14175
14163
18321
32439
25266
29187
5922
9660
16611
19137
306
17571
36888
16776
13686
36081
35874
6777
28383
6711
32655
24810
35064
10206
18720
31152
15240
13296
30387
36240
31200
3618
9462
10521
34116
34728
708
1038
3444
17322
18231
3753
34893
16119
18585
9579
13200
13515
14415
642
20226
6126
23508
14346
16332
3228
4554
31572
14580
33000
26871
6780
36618
36333
17304
29790
30117
16068
30828
33564
33390
10062
35373
27342
26181
13014
34977
37440
26529
8448
36138
7755
14577
20646
20160
30909
21933
24714
21540
36513
18714
7467
2352
14391
4800
17712
5181
32973
33780
36012
25593
28173
5130
20022
14571
29367
33036
10548
27807
20565
17055
24945
26379
31632
4650
7539
21597
26583
30309
2193
24096
10026
9660
24504
22473
12516
3216
27654
4548
36999
22722
30141
24228
25908
11166
38799
16278
5202
8403
5085
23826
25458
28089
9261
16146
32739
16800
35802
20322
6165
36051
3474
14247
6714
27981
36720
17286
29253
25377
21834
27252
7155
11034
12480
33066
22200
10335
10344
25458
18741
13485
8340
3255
2574
17601
17460
33369
32457
12318
14691
38625
9369
16224
13872
14139
3261
11595
31428
32514
35028
12318
20769
1239
23352
31305
34305
4608
2643
3705
28125
19440
17193
36465
20751
17823
15069
38211
12195
6582
9585
26886
6207
18957
2166
18138
33096
5427
27789
23580
37944
23817
35901
17769
25056
18309
10074
18420
22920
12717
22125
10101
32157
318
7566
13911
18144
20691
11178
28395
25332
20766
16281
31539
37779
16506
8733
31875
21933
36522
14514
18933
21339
9471
36702
5454
25836
7779
21930
7812
18552
5055
17913
9768
3432
23538
23679
19632
5229
32913
9027
28617
12735
23364
21159
11514
870
29892
2448
20862
25473
16962
795
7812
24489
37500
11322
11325
4335
33252
19140
22887
36366
37053
32655
798
21591
15390
18486
24879
7362
27513
14496
20097
9933
33711
31614
10806
22662
32118
29724
9135
8136
30519
15003
32625
27075
24384
3006
31410
16692
22146
15300
14058
18258
7011
12912
37905
22404
31398
21840
29766
17967
34395
8919
27903
27162
38589
36765
10824
31707
27489
18015
843
17064
31077
31524
5142
14517
32589
36552
31209
15735
10908
6270
32049
17922
17238
29013
38382
9639
11853
27204
25662
5304
34179
14565
32469
33771
10386
2349
24534
35931
18423
23436
13998
10500
15960
19140
25017
9549
14748
15282
23343
23715
21552
14448
2637
38793
4461
75
7488
14373
25335
33150
19677
20514
6774
13146
15285
15216
15498
822
12150
33921
24258
24204
3477
38274
2400
26550
6882
17148
2832
28281
38919
22443
3729
2556
20292
8193
687
25836
22566
26022
19986
3243
7539
24816
14448
22824
1035
28002
21702
11241
20979
5016
35445
24456
4293
37845
10062
9231
14049
12894
37512
13971
33393
2241
14583
14685
8490
15273
38577
29112
351
19566
30414
7890
3438
5862
28773
2529
31920
9531
13770
13899
14550
10215
36411
16899
7116
7473
26130
19224
18423
22698
31251
10875
22995
4890
23616
31488
18219
23196
21600
18573
1818
11070
24519
5256
14988
14292
7788
7908
21882
21558
21807
36432
29832
19218
12387
35004
24747
38517
13284
2229
22215
5535
13104
6210
8484
34776
35754
26703
18972
16413
6276
20790
27483
28854
26049
3474
2202
31893
11382
24084
14451
31248
21516
3339
9522
31959
36402
32328
31476
10686
32613
12747
14280
4773
17016
22764
549
11826
10467
19524
28239
14802
1314
14781
2712
25419
16311
4914
18312
25749
29001
30822
16053
9573
32217
25578
2535
29619
16962
32067
1308
10575
3873
15588
15348
20889
36408
15897
30771
5931
35421
18069
20733
34794
32850
23445
21213
8217
26418
37584
33966
16419
27462
9078
24048
20679
34656
26583
11301
12618
17709
12609
23193
21582
26253
38541
1527
21717
13494
32298
27648
9918
11367
7440
3768
3273
28941
23037
9546
16359
21621
2571
30834
10083
11649
15885
30765
5361
1524
1122
17979
19233
11787
228
1815
38040
36825
1398
18813
11319
33699
7461
19293
4122
12957
23061
5454
2901
7101
13056
17316
28722
15627
9153
36864
27276
23094
26685
32637
24618
27807
9672
4854
594
7956
4725
36690
5781
6126
16503
17103
37881
22020
34452
1059
34980
18516
4569
35937
25617
17628
14253
13395
33255
21462
9315
19590
5556
36000
11283
30177
24807
19014
33087
25401
26970
35868
21147
32754
1050
37650
8913
38931
20673
4365
38049
14709
20937
3618
11646
5610
21246
25899
17064
13560
8364
26379
31206
11976
21438
3489
3153
5301
22503
34296
30705
8532
31167
10908
2286
32217
9561
9255
30207
28290
11676
29256
3999
32616
30930
15645
36282
11235
600
14346
22851
7020
38784
15057
18999
21222
16602
20208
26523
37164
15507
16284
6696
5730
27195
7038
36003
34812
16293
27210
24102
26025
15522
26157
19641
7455
2802
14982
16746
1458
29328
597
8481
29112
15654
25536
9390
30312
4800
35916
28476
20307
11256
33228
24093
38451
1266
21099
34263
15615
7365
17421
2643
22890
4578
20340
28401
5436
35322
6147
6897
25653
4800
13434
13821
20454
37026
23214
9822
2826
18186
38301
21192
29442
32529
6285
26952
33798
25440
20271
8469
32808
37695
11112
14754
1329
31455
4155
6768
25833
8358
11721
10542
13158
23211
24366
31668
21237
6636
2490
24063
24822
38847
4311
13320
32379
8655
1272
25233
34095
21546
31758
25959
18297
3873
1713
19626
33384
3924
26394
20217
10338
36171
30762
21552
20382
14184
12276
2619
20820
14769
24741
4698
12672
27108
18018
6051
35763
19293
29340
28917
38895
22101
15876
18192
24030
15648
37818
16470
17628
23271
36687
26025
18498
26505
8577
38883
38745
20856
558
20565
33681
23355
23319
7353
11466
2340
11463
8229
19689
38859
35202
19584
20016
10137
37776
3102
25785
34650
19572
2469
16977
15318
28494
35478
2823
35130
35361
2571
15042
33975
21192
9723
18333
5514
15132
29799
7854
26595
36084
25599
24513
32289
6183
5529
1482
3015
8634
27267
35721
28206
27792
13701
2580
15345
8235
5406
9531
2652
6033
24573
36627
27225
32352
14016
30795
8484
4815
36705
33138
38958
23304
18651
30303
29487
22236
31785
30558
28926
18108
27282
16191
4956
39
18771
20301
8274
24177
29832
10926
28266
15405
6609
16494
6813
20628
6345
15300
23499
4053
9438
23457
27357
26145
12816
15903
7437
5601
7461
36366
21765
32799
13557
26724
32838
32328
8025
2112
15564
35916
11094
4830
10377
15762
19380
17193
36390
25728
32493
20889
29781
987
3405
16194
25188
16221
32097
32625
19881
561
29991
2646
33360
2604
29370
27201
32991
35454
27369
9555
32370
36522
12441
3747
13284
29880
18996
8730
14664
10545
27675
5445
9588
31080
19695
34776
6360
12795
26460
26241
13356
17451
26943
5772
18114
15372
31029
12105
11826
17457
21660
3252
14979
32157
5055
26319
23037
24054
35049
37701
34599
23724
2202
5190
13863
21900
966
20223
34695
25482
5520
7107
1992
30519
12879
20106
6891
2967
32211
16773
20424
12927
20025
35403
4140
25083
20778
27180
10137
16827
23937
3792
38607
26142
8982
13470
7098
8007
31749
849
33489
35325
7956
35481
26847
18891
14643
31794
21858
7854
9570
3282
18837
29595
36741
22980
13734
18519
11160
23871
35346
33153
27666
33012
20295
34704
7482
25449
3711
37290
26298
35259
33615
32310
29796
19518
12204
5442
12315
32118
11352
21885
35403
30192
10536
31200
14172
24273
10722
23388
7200
5124
17541
32922
38136
35895
28629
4677
22344
30396
1023
7701
24711
32694
1011
15510
13215
11271
20952
25530
4392
32304
6471
37851
21552
17007
30051
35724
336
38829
18168
7539
4956
33768
1461
2148
30663
30090
4881
12063
19545
3960
19764
5256
36657
18834
20766
10872
30105
774
34458
34497
33081
1929
33348
15633
16992
22458
10416
17331
22287
28584
24870
25299
21408
26331
25506
13071
15480
28443
23193
35025
32406
2013
1281
30063
20847
22050
38991
11955
20880
34449
5508
14961
36378
36915
28653
14370
20373
37125
29757
3660
24765
15627
27018
7176
1017
13524
18303
16497
2967
2496
12522
35373
2568
11859
24492
23415
31965
24483
33426
13848
19932
36993
26865
15366
34908
16518
27795
16281
12699
18552
17997
37467
32238
4071
5643
33255
17595
23946
10752
18621
24501
21330
14994
27069
31245
37545
9540
24213
23028
2025
36117
2019
18
23982
17385
34926
38559
4236
10263
12258
20847
26316
8781
14085
30390
14424
8340
7041
36429
17148
25662
21930
36534
38715
8055
28779
37260
17595
12048
19344
17676
7221
21363
17694
29262
36807
11676
28821
2043
19995
135
22890
7314
8919
36975
35760
23343
4371
1857
18828
21519
27522
38814
17109
25293
7869
4947
21609
23523
15051
1953
2199
22275
23319
19896
12537
21126
29628
414
23169
10626
549
5118
15996
7524
3093
10812
28926
5523
12669
8754
27042
38247
8571
3210
22596
16440
8157
5205
38019
21264
7161
1221
2595
30480
19173
15132
10662
9801
13602
33831
18483
14154
37005
32535
21678
1101
4347
9660
6624
15075
18417
31722
14322
26988
32988
34977
2484
201
1182
38562
21468
8343
783
24063
36879
18012
37254
8541
25869
11856
1431
5355
24066
38436
37890
4803
537
1296
14463
5217
16371
32880
34998
28749
18924
28986
24726
19467
29190
25911
19029
11658
32310
17868
33777
30192
33936
32031
38733
20805
4890
1164
24216
27012
603
21165
31815
38196
22461
7281
2472
38832
38217
37470
26637
18144
27456
10422
35667
17646
36333
13752
27360
27699
31620
22140
18891
26556
13227
16683
6417
16173
17847
30636
4188
16506
12801
36003
15705
35262
2340
16233
33150
1560
14703
18843
17760
3159
29265
14427
18864
24654
28179
5280
13356
18855
25476
32247
4467
36762
7986
10884
13935
25836
2520
18123
1398
15321
13185
15159
9639
15525
31392
1845
15141
7095
20691
30957
8313
10956
6384
25233
35613
32619
30513
9969
10530
15048
1272
14997
12810
9261
23940
26745
33153
26460
3927
34551
840
15168
8769
8535
28749
1161
10383
4893
8259
31074
35850
14628
3030
1293
861
36699
31968
29430
5724
1557
5478
6999
14610
16344
14316
38550
2148
8469
24069
6075
2076
22965
21243
10845
31500
10992
10065
939
13941
16380
30069
8850
31008
31158
8199
29925
28857
1167
20355
34584
2724
23892
639
15393
38292
14955
14943
1440
21480
12
7515
21612
21033
26814
32460
13536
35865
1581
12531
10806
17961
3603
19656
9969
34761
27855
894
24618
27081
19305
18258
27861
2253
18897
4254
1548
31908
17256
2988
14388
15324
8562
36003
36360
35376
27519
8952
30297
29100
21483
2106
6117
25086
19818
16086
20847
6732
15036
4524
31869
34341
22782
18786
36597
2682
21099
36201
34590
38355
189
8037
14679
6807
3096
12039
1242
28671
20991
31539
16827
1533
31701
22944
26619
12522
30
6525
17310
13122
11049
8235
8463
31887
27021
4116
32625
9120
1317
28218
6531
38565
34311
21213
6372
37407
31308
7614
25134
11358
37212
2961
12891
29913
25905
37566
1491
23991
5091
18801
37113
14196
25092
4632
7086
11172
6807
37767
20292
8124
26985
26826
5745
20352
7095
10176
16815
38403
15846
2949
10761
14058
5910
21708
4974
29871
20277
6465
14862
23424
23325
11031
35679
9417
15666
3765
18645
22473
588
38940
28653
27576
24822
32457
6984
31917
3633
23802
29376
17535
26751
1140
31596
30720
20904
36570
21591
2181
2091
34512
25608
25416
4599
22287
32892
18321
24108
12537
1794
24696
10533
28506
11328
33411
20019
18315
26328
21708
1173
14763
243
27924
13959
31839
19644
34863
27465
2238
37047
27615
34806
21711
12087
405
3054
5979
18729
25218
16575
18579
8970
25164
6141
20301
19578
26160
36672
4962
8868
37845
17781
7170
24825
31740
37065
5472
27606
25533
5766
25653
14148
38628
6420
26235
33
9474
30273
16818
32748
5904
35400
2718
29124
597
21075
7758
26760
18747
10779
33684
15648
28560
38910
38532
21303
36978
5004
9909
21567
8826
33618
33771
6510
38094
19062
6543
6624
10335
21420
372
14295
17820
3090
2478
18417
24168
10236
4233
1971
21015
35976
15678
8634
35886
15210
29937
31920
18270
37902
14487
27096
32520
9258
33606
31614
28323
38205
36294
36714
20625
36666
10068
36501
756
12546
13977
22980
20838
18210
23010
2856
13242
38688
11490
8187
14898
483
1107
33168
38385
15597
19320
29961
22911
11982
20631
12234
11187
17925
8007
29871
15591
18075
27372
14403
30621
2349
37386
10515
18618
21396
11427
29916
19140
20973
38103
34038
21456
213
26262
20841
13866
6582
11802
36777
18564
32433
10014
27807
9414
16077
18678
25005
34152
5109
411
23829
7458
35853
34344
24132
16305
6774
15051
35445
27747
14154
30483
8262
12423
17745
27159
26289
22383
38964
24069
1947
30453
32139
29754
870
9216
7491
23931
2424
12600
24342
26253
18114
19251
19653
3249
35556
24483
16356
32001
13233
30510
21540
19551
1992
37341
7710
28281
20724
5730
11406
20727
36186
2601
9540
35112
11817
17031
18099
12297
27687
1500
38550
6801
20751
17262
8106
15366
2745
24462
6423
14034
14031
27966
33585
16023
24363
2298
3360
4146
8028
14769
22929
3270
17370
32469
36438
27246
8556
15540
543
36243
17040
37152
2103
37791
15414
10209
12213
18159
32730
18639
32196
7761
5661
26781
23784
28080
29079
27144
32226
35166
969
16158
38436
18342
7683
35877
4644
16242
12417
5187
11541
27513
3339
13644
24360
18753
21912
36576
34971
15642
16215
28167
23403
21876
14004
6243
10956
2142
31443
2241
37308
32415
16455
34800
9813
24138
31677
14457
1380
3150
19644
10980
30663
21042
24624
16026
37851
7536
11658
33822
21234
27873
21045
5637
8805
33108
9936
17817
35250
2382
18114
31614
34797
34569
27414
3666
19710
18150
18123
19146
19356
35823
30126
9078
15921
15753
23160
14775
21345
34818
9597
3582
23691
28701
7275
30552
22809
17214
7425
19059
19596
25542
9729
13449
21111
35199
17115
1821
12405
33294
20970
31764
28173
12096
1842
5097
25905
23058
19872
6309
18876
27525
9891
1623
17226
15222
32175
38091
32436
600
16206
13032
26142
25935
24537
6312
20193
708
8133
32598
34002
27159
25362
23178
37314
25260
26331
22275
9318
7203
28584
26250
32784
36531
27873
9069
12756
19104
8160
6192
19707
24369
17283
4905
9360
2820
9273
29553
3531
15465
23154
35589
3624
7572
17823
38994
30891
5154
22272
38265
10413
11856
25518
4200
9390
12447
13269
22146
31554
19485
26394
10317
2910
4677
13278
12273
5556
22554
882
7143
38019
22092
3732
699
29667
21558
696
19614
24768
21024
18879
35184
30936
3453
37440
1326
15903
9765
21528
8457
29250
6981
16830
32163
11658
30108
3492
17214
13662
2430
24357
10737
24525
26148
9495
13248
6762
10191
32862
31530
29271
10797
25770
21207
14253
24210
20592
30156
33975
1176
36669
22284
8157
14499
13503
19818
3663
15051
35088
15384
17481
18504
26121
1062
5652
35616
14310
10470
4863
6228
3000
34134
15084
28773
14400
29337
12039
34992
18549
5073
34224
14274
27357
3384
26829
1860
21258
30492
14967
17346
6876
32448
33906
33000
33513
37614
27672
6879
9084
30594
11166
12087
25728
26250
38916
38184
14643
10011
32232
33192
15084
27459
6522
1497
30843
33351
1413
13101
24843
16380
28503
31722
9831
21468
23778
2400
20082
10506
7335
29169
2100
16557
2256
25887
3807
228
25071
16506
10239
18306
10698
23382
6765
15276
24879
35664
9627
26295
7821
34473
1731
34380
25251
11562
16848
10029
12018
36933
20535
17412
27102
20694
33969
27414
7581
37779
25698
32652
13341
33993
10014
24042
18375
14835
37374
2313
11499
8004
26664
17376
3477
28395
12759
28728
38016
27663
36813
9090
25596
16404
26502
11754
37098
21474
37224
5679
18309
23922
36390
31650
18918
7404
14748
35349
22242
13125
37662
31797
21129
25326
10176
22662
12780
20991
10446
11796
9654
6315
20886
33309
22719
8391
6063
18876
27921
4290
22611
7230
26268
20001
36936
6186
27408
12687
2538
8706
23868
38256
38559
5997
22641
9735
26715
35421
28782
37161
6273
36495
4476
27159
30804
25251
33606
34923
5127
22527
37269
27741
27813
24540
6798
23808
28782
32262
36495
31320
1968
19419
28635
1530
23472
12276
9321
11187
6753
36162
7404
13026
33657
11880
1185
25461
35187
32850
21384
38373
14433
17712
25170
1305
3252
31968
25113
32034
25233
20664
22413
25257
1083
12048
24843
24555
22380
34167
33798
29133
31329
2202
3159
24042
12138
2400
10503
8325
35250
29943
5754
10686
8655
30924
10047
11907
21951
35160
3000
8184
14880
25413
31497
15963
35517
17343
38574
18897
10566
33372
9030
951
35574
12189
24993
8712
14589
33552
15093
8898
24495
20850
17640
31209
12774
27687
2172
34725
23847
5172
1965
36783
28641
31521
13746
25158
9864
11376
5055
18486
5748
14085
17493
378
24330
1542
9090
38922
35094
24183
6876
18645
6033
24516
10854
16866
13203
11085
10647
35106
16257
12615
32889
5901
3192
5691
31059
11112
17067
34173
29598
22815
7314
6147
23193
31647
7689
30339
29625
1839
13578
36501
20484
17670
22017
29397
34536
33276
38538
4239
29382
15795
14910
21327
19752
18102
27018
11814
29214
5085
5043
17868
25956
12357
24015
8205
5004
31704
36600
32685
31599
11178
28242
11142
26904
11259
38595
22440
3591
38133
24738
32973
14928
648
15300
34683
18753
1374
5553
7023
4515
8652
24894
28527
21009
9909
36732
24072
672
32388
17757
32271
2625
7002
2469
29529
16317
2064
11028
19911
1197
35766
11940
14184
34470
25299
7923
14223
26673
13476
19305
31191
22128
5199
20718
2193
13164
16509
26265
13836
9897
3081
5166
10578
8139
7635
1110
24456
9702
12138
3423
8955
6960
15366
23139
2430
1665
31062
14712
26394
5538
34017
18585
25722
216
37362
27918
13380
14871
13239
25275
22824
16320
28497
33405
24459
36132
32571
7974
4890
5709
11397
13848
12669
24819
36987
13155
24540
29052
27867
11937
32646
22884
28578
17427
21156
26940
4401
32595
867
17640
18870
21750
32019
8367
14211
15534
3555
7782
23508
8448
11547
32964
22296
22272
16839
20283
35427
438
8391
24297
12375
96
6237
9
17523
27396
26952
21924
20991
25875
37620
37917
8625
28695
5340
22836
5232
8895
28674
26796
17343
1221
18816
37695
23493
35658
17037
17979
36096
25428
3276
7527
25524
9513
5592
2103
34965
30600
24027
15012
17478
20706
13929
24159
10401
19269
6054
13689
26223
34728
1488
4566
35952
18360
1320
18501
15018
18357
36480
10170
2841
37812
15753
26424
6384
21348
28527
2349
12948
11613
17364
28482
32319
29349
13644
1776
7677
19698
15468
33900
15426
15012
36522
10434
33372
37842
26994
7449
17199
24474
15675
18099
23289
31431
5523
27729
11835
34050
30078
22839
6663
6498
12324
37038
33906
24024
36873
2583
4722
13341
36483
18204
26409
34005
26697
20781
32850
14691
28230
9105
37221
2964
27204
19566
34395
30783
8295
5286
25836
36432
28125
30555
1986
38505
26652
35892
23529
24525
38475
26307
35922
35958
3570
23331
29022
30267
5112
20928
4014
31401
28089
2235
34365
14352
19860
27816
6135
28155
31158
31971
23643
18339
21585
25632
17847
9237
22524
432
33762
20058
24798
28740
15072
28368
13071
5094
19635
16239
24078
21705
6696
13170
23940
117
27522
2856
25989
33657
31014
18147
24687
13713
36489
5328
345
13392
14565
20928
11880
7383
1986
36678
36123
15114
26046
8250
18267
4737
24489
3345
26442
31188
14571
9441
31305
3093
12297
18297
34809
2367
34500
18552
16083
30045
21936
14484
2493
36501
33468
14376
2940
33510
12054
37119
9627
36159
6369
27894
38952
30858
31239
26397
21102
4869
33894
11466
6018
5247
27819
1827
5673
23319
18435
19812
12423
1371
34296
14916
35928
26823
29292
36924
21333
405
35043
30960
34620
2412
19854
34572
31329
10152
20025
11487
15021
14919
22953
21039
18225
9828
20925
23898
31206
37416
2766
4629
36846
35118
19545
31830
22941
7896
29757
5277
6357
23856
36237
1977
24327
15150
36549
14712
25302
17577
26199
38379
30552
8211
18474
7833
18039
37455
29787
10245
35874
32553
14874
31776
28674
32478
24606
12615
1374
13419
17892
7731
37278
13188
7764
22605
28338
5313
35373
12696
20946
22572
12075
10557
30783
28605
18390
7881
27063
7236
18126
21993
789
31059
14769
29463
24537
37431
1137
23967
11853
19029
29754
8187
32217
37518
28848
19611
1887
25221
32307
22836
6849
3438
31449
35691
32046
8895
4572
18165
16131
20754
38214
16923
12813
13983
5442
35406
10470
6579
18429
20379
23667
9183
28566
14940
7701
16470
34554
9591
2691
25917
30483
7599
29358
22932
4290
20460
29883
8862
36681
7017
29616
35895
21996
1488
8934
27438
34950
17460
34020
14382
37842
16743
21621
25464
31683
29325
2937
25293
36972
3684
12213
26511
11283
627
10443
13629
19143
1326
22491
16824
6399
11166
11775
28395
12654
20709
16836
6660
36225
9912
21042
35067
24711
3666
19590
17394
31047
22527
3690
27075
24267
15903
14586
33609
14586
23085
8238
33729
22467
28788
11553
28869
954
23328
16320
11664
3093
31212
16380
318
180
35481
33444
24891
37203
14034
3288
29250
34617
5034
15381
17940
18993
29967
12549
33579
12108
18846
28308
34575
6690
861
22500
7644
22245
38823
17364
23394
29091
33744
21768
29274
30225
14268
15165
26484
28302
16509
16734
21975
21543
30171
918
1536
19194
11523
35115
31302
30369
24423
24936
37059
23340
6492
3759
4641
4371
19179
26091
33465
11982
6918
23739
1263
21186
36960
27750
8547
14472
3540
30522
36015
33714
31440
37554
13908
3966
31725
4269
32391
17151
29205
28509
38547
35697
30324
2247
1071
10506
28338
34536
22488
35256
17331
21807
17445
15291
10557
25992
29763
14100
15570
24837
8814
8013
23391
20778
10035
14172
25047
3426
29379
15252
29991
28929
10008
21318
31176
11079
31824
18570
4671
13368
14829
22002
35175
30330
37293
4791
15378
26115
18891
30948
11952
25761
37017
33399
5595
8052
8571
28701
9537
37953
4953
528
25938
13017
19902
18114
22152
10782
36684
26823
22206
10569
7881
16440
1899
6177
21231
15333
30348
38178
7284
3300
22995
3357
34755
28590
11412
4326
18291
19005
1335
21303
17589
27273
32376
35550
4443
15531
7332
186
3354
29541
10755
11238
6981
10713
15471
28212
24102
4875
25446
29442
6231
9441
32802
1986
36087
3270
4368
13437
22275
5706
34740
37920
31035
28116
34470
33537
2703
2805
33723
6060
30402
3534
15354
35439
14247
30825
22707
36408
33756
9153
26850
987
18594
20652
2973
13737
23922
5397
27174
5253
11103
20970
2232
1197
10089
36702
34734
12792
37563
27513
16908
27021
31047
32262
23460
4353
22143
7167
1761
16899
16320
28611
15942
32970
10266
18915
7710
32244
24315
32940
35556
33474
14913
37788
32727
23058
33546
26517
33906
30168
15030
11817
18189
7080
3135
2652
9489
23337
9819
11250
38292
24198
861
15237
16224
9183
32208
23934
486
15579
15933
36042
8112
30846
32886
1839
14904
27432
26415
9810
18600
2445
19683
34848
7581
22821
37500
17070
5214
6375
26376
4506
28629
25296
17799
5856
34479
11010
27846
33021
24645
4779
28119
32757
33681
22005
32655
9585
8496
20070
19398
25152
20571
37137
21000
26211
20958
17556
4281
24228
21990
30660
28737
11619
16956
5592
15531
10491
16602
2436
2571
306
5271
30690
33063
38955
11754
24774
9540
18306
3900
26994
4458
24474
25134
25461
11685
5148
2073
14022
29379
24063
3738
17172
33741
18750
22764
8328
27300
37425
10764
29871
37731
16038
19617
29850
15993
29427
15627
23589
8733
19527
11586
13194
3057
36720
36711
12798
924
38784
24879
30303
21906
28617
6531
16647
8370
29298
24975
33726
27723
33798
22653
26454
10836
3270
17304
24885
30756
30987
9474
489
9573
21060
11739
12630
16836
9450
25431
15819
7293
11310
5178
29199
37983
11712
4902
5409
2010
27933
135
27789
22731
22788
13299
31623
24117
28659
15564
15873
20649
25041
16362
30222
5157
28104
1908
20052
35610
25395
35871
3903
34761
2049
31158
33747
13761
34116
156
13827
21108
37350
672
2895
21138
12027
34521
4311
1689
9141
20184
20394
34182
34605
9672
342
23709
11580
20394
18375
36978
15321
20337
32739
17370
10551
25542
29190
5670
25701
2073
26778
22107
2748
29673
4245
12831
23250
8559
14520
32394
26799
34914
25632
22404
3642
24030
5169
15225
5424
23547
11259
18801
4884
4998
36174
13491
28599
24420
19161
15300
26493
4995
35463
27297
32727
708
1131
16977
7323
13707
8427
32181
7680
34062
15585
11322
19092
20757
26547
22575
3360
37806
2376
6300
1863
36606
19791
30462
22026
37011
4818
7578
3006
38337
32931
35733
45
34062
11769
5427
8772
18252
37608
16452
11370
12249
25830
30465
31062
13380
12096
34422
10242
12528
38778
10161
8193
19572
38679
30219
17583
2553
35853
18645
1890
29787
15381
38994
24849
25206
3477
31677
4458
141
7185
15831
12390
33018
5352
4455
5454
15504
36933
15696
28032
36714
23916
36225
17286
23595
25503
32925
24207
22356
12570
26097
13143
26007
24147
36051
10269
27624
26784
14730
27765
33972
28617
1158
26046
33969
3669
31500
8529
38658
6252
36561
36372
30168
31845
12714
12822
16404
6639
37029
38760
17268
22182
10962
2331
7332
6069
12603
34956
32853
25389
21780
25881
15006
20994
12927
8031
24663
5427
16560
24321
11682
12177
19752
906
5022
32466
13728
21426
37164
9813
19245
13488
31998
28263
13875
37386
34332
26478
33342
28185
12867
14178
13125
25929
35172
26052
33960
18891
29538
9576
2271
276
21756
22023
1182
24834
13545
12969
5319
9765
22782
24564
23253
13836
11883
37131
12222
7215
22665
4623
33456
33591
16857
7581
20520
13032
31692
13539
31923
22230
23115
34194
22506
3927
15273
23688
28764
28821
34713
34083
38586
18498
17703
20898
30390
29586
17085
1671
36801
750
4350
29313
32397
21207
36897
11976
32295
29589
25515
25221
12819
7686
18471
33381
11616
33747
18069
38436
23568
13785
33519
21210
30339
12222
3108
19785
2808
20193
19512
37665
19002
23862
27978
12399
4128
23931
24375
36423
12576
8946
22644
23451
14691
2118
17832
24363
33921
33960
23799
18489
6801
18318
699
37140
28596
1866
15981
31404
20115
35496
28125
117
18414
17103
10575
22542
93
34950
18024
12669
2955
1668
36123
17646
1842
14955
3009
35763
9915
26808
13308
14772
4182
12066
10968
32778
13932
26952
23238
34047
21504
12363
32223
918
27522
3798
21519
27615
36804
543
1287
37815
267
35466
16461
168
9477
17526
33987
17451
3390
8298
32223
7572
18420
4194
38406
32352
31146
22644
25455
13650
33063
16734
12624
21588
20532
34143
8259
16395
32742
9546
15210
33012
4068
29730
33180
13548
6312
28167
30999
9705
34521
24222
17277
13941
28416
14742
7293
18618
37386
30807
30324
29508
8541
3951
12096
27132
36150
18411
2583
29895
26016
15849
23907
30084
4635
16143
4632
10950
5310
35631
20655
834
18912
35988
12831
8328
11730
18183
25005
8175
9990
16329
37683
16587
18336
8835
2775
15489
27246
3414
4440
12318
19266
28347
3405
23901
3546
8037
32907
6912
2727
14562
7746
21639
9609
18636
28023
21339
36819
14028
27570
7809
30360
24309
22452
9696
31200
23286
23241
19449
26700
27681
31767
6966
15084
33228
28926
18630
2268
22833
25545
3051
35454
31347
24690
6063
10983
13713
25458
8802
27744
14031
14667
17160
38340
37122
26856
30543
21408
11100
9048
9108
38781
38871
14133
14868
31158
2115
31554
33426
23004
18099
34533
19458
10449
20223
25521
19488
31992
10038
28293
20736
24069
3960
37896
21465
138
23811
11064
19602
34911
18168
26769
32748
16098
1902
6672
8256
2073
38229
2682
25077
17328
37215
5538
25833
16494
29115
6324
9486
153
32673
28281
22278
36633
25233
2802
34830
10044
13866
15432
4011
30093
3201
36762
7191
3159
2490
15447
5232
1719
16185
30312
17106
12456
33906
1995
28950
24021
8319
36492
22233
48
25773
5511
34740
10065
6369
30570
20109
18294
7002
22179
9387
8262
17997
16578
9477
20487
32025
14712
20265
7266
4080
37371
19722
37986
37422
7728
23007
4800
5220
4296
4848
29052
7866
588
117
14235
31158
18282
32529
36219
38517
2916
3537
17514
17550
13014
38004
8631
27726
17325
15897
29862
13752
35619
28848
12174
4347
10914
16974
7626
15210
21825
34734
21132
20469
32907
35370
12630
12189
26955
7905
9765
27930
11442
27279
6480
22512
24339
15114
9297
2664
31011
159
16416
25689
29010
26649
28092
37980
4623
35718
12246
24504
29508
33381
5976
23415
27807
16662
33663
15762
24567
4428
2748
34065
31707
9231
17577
15105
22401
26874
17769
12468
27036
32244
38157
15102
19893
25308
12138
24516
20082
24384
8079
10593
16821
14055
34008
5628
30717
26727
19449
16284
31155
22197
9405
21921
29484
26982
37026
12885
14859
13851
23412
951
7095
20625
14109
25044
6933
26247
8619
27018
11631
16698
37611
28455
28809
30675
32139
20526
18405
12588
34866
8616
32844
5271
28593
21384
32253
26619
34272
6168
38529
16740
5175
4680
37365
19284
29727
5301
6531
36402
32319
18165
14100
28986
5676
3909
20661
35871
22491
37122
9462
18357
6741
1362
21684
35334
22746
12993
21012
16074
17220
18597
32814
22395
23277
29238
2682
12060
34539
9213
9462
25914
25434
21618
13956
31110
23583
34617
27984
7074
30798
35502
23487
35595
34920
4227
31929
18666
17223
11997
32799
34443
28650
24669
17838
12930
14907
20520
23046
10446
27792
30567
34416
14226
13185
9372
4395
34827
3048
30435
2901
33846
24993
24447
30441
20913
28674
21426
37635
4953
31482
31434
396
21132
17106
16293
32118
32013
34869
14223
1518
23661
5790
33990
37890
17031
4365
3285
12858
5469
31776
13818
315
17769
36321
28812
38682
25995
11238
35373
29007
3720
27810
29403
22911
3972
4752
16029
35985
624
30252
35559
24285
34098
30552
21231
12132
32973
22572
23046
38442
15348
34920
36813
33117
32241
26625
30855
17295
37863
27231
7302
642
14097
34761
23553
18069
516
37638
13110
38196
28893
9672
23481
22047
38280
5715
34179
32253
26343
18228
29751
2694
12204
27564
33867
5448
15189
25725
22743
12108
12012
28101
12750
26109
23862
34359
5178
22434
31056
18288
21630
19005
26016
6114
2052
23352
9885
36234
16605
34284
13518
5412
36978
25722
32976
31848
29226
7221
16629
11025
19332
26697
126
30138
13806
23991
25500
17040
5481
17556
33384
27114
36561
20403
31284
36669
4755
2169
33903
19419
34509
6477
22887
32490
30258
16866
23394
20484
24087
38079
31512
2475
25776
29694
32616
37638
14685
17172
15678
20169
32784
10062
6339
28401
28521
37623
26070
31335
37848
20976
9810
33357
25509
32697
24903
16767
10563
9297
35310
32709
6432
25878
35184
32208
16572
26856
30846
29316
5028
5580
8541
37812
15645
14880
27213
3222
13503
14286
34557
10407
33318
5367
4764
19827
36123
29670
34653
7686
37023
29019
38451
4458
15897
32694
36666
30525
20550
26571
20841
25581
32151
27438
24393
6852
3318
12609
8133
14877
24951
3690
25284
19269
7116
28107
37152
4239
18777
30861
9981
16800
20880
7491
19314
34833
1185
15039
26361
21735
2610
6258
8316
32817
33699
30768
37728
35073
2433
6861
10953
27384
8607
34293
7653
15723
23400
3861
18018
1233
34725
26058
16092
14661
33549
35406
10497
34734
11445
34914
17469
12111
228
23844
5931
33927
15612
4659
28059
18045
11520
37068
4485
20127
32361
10194
33909
14820
14055
10983
14109
9780
37041
30201
22500
31590
26610
32997
27324
36111
28911
3852
9225
29139
27696
15156
22125
2364
17871
9240
18465
27447
7308
22950
6630
37725
33144
38595
11601
6255
10581
25713
14094
8622
16914
36594
1215
2580
28647
26595
38694
16614
30447
8919
4809
17199
22131
26934
19563
38058
36174
36084
26505
2538
18090
31191
1266
10290
30789
12867
16548
2370
36636
30642
10992
14553
26292
10263
15189
15939
36861
14883
32553
26364
21858
37362
4566
3045
23355
22185
2103
18585
17328
26664
21126
35418
18858
20448
6711
10647
31371
23259
13017
29010
12957
22065
2619
37305
30387
17808
14244
26304
30750
5853
13668
11664
4215
16290
12768
25626
36534
12927
5214
14862
594
24396
11280
19452
3900
17991
28155
35271
306
228
23337
11319
20349
25956
9624
11736
2823
23868
38040
33573
27777
10767
4293
30051
27057
17061
16677
24591
29991
19947
37509
30585
3399
9792
9093
7299
25839
35304
1629
26148
33588
23022
37467
14937
8037
6150
24732
10860
28074
23772
3489
16854
32595
7782
7905
20655
22902
22638
4302
13893
3588
2814
3534
5043
10662
10683
10401
36501
5043
10086
21705
38631
33108
18231
14568
2145
24381
300
13005
11511
22131
16494
28365
15726
22335
34326
34437
6237
17967
36798
18186
19611
37668
21720
24654
9330
30459
35055
4887
35502
6141
24651
35133
37308
3882
8757
453
26319
7116
11517
37830
29247
28011
25254
4029
9402
20580
36525
15639
38547
34323
33825
17214
32991
14601
2871
1377
6060
35982
6264
2562
1182
30915
35751
38490
32853
5511
36999
18228
12627
9516
15117
930
35586
1371
3015
5988
20007
540
19686
17613
32919
12567
34827
24966
25227
37698
26343
31287
32739
32610
31908
33921
22581
26715
31467
14493
32226
29466
32721
3909
37041
8838
2895
33627
8265
5913
37671
28275
4509
16413
4944
37431
28983
771
21453
13266
36528
8799
5553
30267
465
35517
23244
23046
21291
13767
35595
12573
2289
29319
16485
330
36213
17436
32013
3537
21405
30687
29868
25917
8100
34812
22404
35139
35583
4857
9405
33111
11712
13017
22434
12177
7590
4734
33282
28881
18501
29877
2457
20793
18252
16998
19179
15468
34434
12195
17061
16842
3882
7929
1815
10038
1797
24219
4236
35436
27132
13641
29550
38847
24714
11040
10080
32307
15777
4362
20244
34278
34242
22701
14127
13494
699
33309
27018
33192
6504
5079
11034
8442
11064
12849
18480
12861
35124
22716
9300
21312
34416
36906
19215
20130
7002
29298
11493
22779
33660
31740
16116
26958
15441
30243
1455
14199
24552
26529
8391
31056
31611
17481
37554
1731
28386
17037
12651
22566
37809
20007
4878
31281
17913
22152
10470
24915
12450
21963
6753
7110
12759
22869
34071
26259
14112
33582
38514
36723
21111
5961
26835
11778
23442
25392
13512
10884
1485
26163
33450
37350
5226
36384
29634
23139
19536
38160
7110
30042
19179
11919
37155
31941
34788
30282
19200
7959
24864
18714
3738
5031
24675
30573
16812
7173
16965
28380
18057
16506
13599
10563
14859
18825
6003
3549
1020
23598
2709
6186
12696
21888
18108
8907
14829
11952
189
32085
17967
23109
9855
21705
26199
32586
13281
4011
759
28302
30447
16872
5811
5046
25491
20670
