14000
34149
2658
38331
2745
5379
31005
16158
1476
13947
16263
31086
24081
38070
18177
5289
29778
37620
16278
27516
41208
15633
34104
7701
1287
11346
22590
32586
15369
30201
33405
23787
35406
36066
33174
9207
12501
22179
25368
27033
36126
12687
16119
31263
8757
5352
7611
9594
972
36945
37110
13239
10578
273
20940
11868
11619
14586
15510
26988
15843
6915
8775
9252
981
13008
31515
26538
35187
27939
11571
372
11685
40746
31635
20442
4101
10302
1092
18129
5250
9261
2424
15828
9534
23364
40752
34209
37953
14262
19197
11796
21180
41028
34104
35217
12036
36678
19758
18282
22617
2385
31710
34302
1134
34401
25803
18291
2706
39951
7476
7956
20268
9903
36840
858
4323
35595
35067
13332
7857
25320
38187
93
24351
30291
35313
7443
38025
26127
38781
31701
41568
28491
37059
13758
20895
33918
32049
36657
31872
10584
2613
23196
20487
10509
24057
24810
4104
17124
38145
25020
447
5388
38169
37854
6735
2538
16353
2763
28665
13137
34464
41292
12684
29523
13050
33579
34500
3102
41292
24372
26742
14961
5568
5229
25473
681
1095
29577
17808
10296
25653
31311
15684
21825
40221
22422
24363
14574
25185
24087
27711
30705
23379
11454
31284
36429
3033
23784
10587
2328
19212
37329
17289
37839
13614
13818
38520
14712
14454
27384
38064
40107
29751
11751
32988
27972
5229
28410
549
1470
10497
41316
32175
4932
10770
34515
12417
26862
29358
23007
246
19626
31392
30591
28521
16065
2412
25044
1833
16866
23484
39897
28029
11238
22704
19020
10266
27933
5430
10815
29403
28983
23190
32634
33915
33960
38208
4332
31878
25566
40395
32124
16248
846
33774
2772
16911
36186
40872
31800
24108
22356
29697
10137
4650
10404
213
14919
9393
5643
38790
38799
5682
19980
489
39597
11943
38697
14988
14877
35319
26439
5004
9570
27285
38778
25398
15252
4020
24270
5052
28128
4626
5808
9321
22335
29268
9537
37254
38661
28236
34044
6516
4977
12027
7008
15630
37026
16761
30618
9903
23139
28116
27963
3765
26457
37797
29163
41712
41817
11433
17820
41001
29115
36684
21381
9450
23952
1974
17760
33672
1266
9807
40188
6243
34890
18252
21876
29916
35016
23550
10875
16155
9666
9897
19920
36126
5694
20139
6894
18570
31572
37770
30627
31743
32457
10008
41196
27465
11982
30012
19137
26307
39819
17328
32550
3765
35580
12426
4737
41652
35979
15615
28863
16701
25512
19839
23883
2262
39978
30777
20832
606
39606
22518
32352
30063
32526
2604
28584
15567
32616
5724
41874
1494
36108
32424
5259
744
15909
9999
399
22944
38670
29262
10701
35238
7104
34587
37500
18138
23364
29391
18747
20970
9909
9099
22089
13491
24759
8676
29058
15375
27456
41988
29925
21564
3471
35187
22308
19380
16242
35763
13380
12912
36084
24081
6150
14244
16668
14706
32382
11091
2097
9129
3117
12006
31284
25209
25500
14043
4941
25614
477
3453
25605
30402
25017
29076
36645
18381
19512
10887
12147
32892
36855
19287
28029
1005
33531
2700
15714
23913
26847
30867
4101
29964
876
35385
26229
39432
20487
31170
23046
34020
34623
19707
35478
30696
6783
30126
7080
39351
12069
32283
30243
6927
9570
16275
20988
1101
32031
36702
38070
16878
25572
171
4842
39504
6615
31074
36936
40158
33300
31038
32178
38982
8748
25656
40734
28587
26838
18870
25941
38910
9153
27240
16893
31779
14571
37881
3936
17658
3642
13065
34536
270
13236
10437
10830
32907
12567
18822
31065
16923
7860
34299
26961
29664
31014
25698
29310
15852
2568
13251
25818
24780
11547
711
27615
39177
9651
31554
14835
26349
2619
7374
26619
28911
30867
37449
19821
1434
14271
21942
31413
35187
27300
16377
22854
16314
75
10164
3222
15699
36471
29043
40479
19074
810
26097
16251
23517
28707
31089
7866
2382
9519
5541
31293
40386
14046
22170
12876
41373
15171
15345
34563
471
31722
28473
29841
2853
9693
33063
31611
17220
33162
30090
36294
33975
27243
10548
28548
27006
12693
36417
29388
22212
13014
31740
33654
27063
11910
17586
26436
40137
32931
32055
40608
35712
18528
28449
9621
41277
32571
41232
16497
23733
381
23850
15708
40680
5454
15315
25689
18147
9732
26133
11415
35802
15873
16125
20865
40842
4767
5304
38979
8754
8415
8646
2466
26946
8151
12090
39279
40722
24378
13779
22458
24759
37629
9222
23442
14139
24537
7131
32286
5325
33264
14757
41130
20196
30882
33051
19038
6705
9411
29073
15459
17829
37719
30984
2775
3873
14130
54
15651
38508
26889
9165
21270
35574
18390
2712
7713
13983
22899
11055
32367
27219
25812
2553
5415
27750
35604
37509
34455
3018
24585
7917
20847
33360
38901
36678
8289
11031
7788
23943
20595
34680
33108
41865
41310
22554
15633
7026
7596
9588
31137
39963
36810
14952
516
13281
702
36120
21849
6216
10194
17490
27189
31041
8850
24090
25719
17142
6177
4566
12141
26772
39246
16305
39696
9612
38862
13329
29694
4458
22920
18834
15477
30786
33786
29049
15123
5544
23169
36972
24816
33366
12462
10005
35463
34371
34095
32241
9513
11328
36807
21654
38103
5109
37959
35799
14721
5877
20184
2418
23391
14160
21252
9924
16002
26094
38973
31128
2694
20145
39156
27513
24567
22677
37518
18030
15048
672
21327
37617
12000
16134
30327
21159
21243
39342
28014
35967
16278
6201
9441
39669
20361
30693
7596
36366
27843
17625
38550
30537
37770
6762
16050
33393
29439
11571
22482
15543
12243
1809
11160
37299
17946
12543
16461
10245
9888
2475
4212
26166
8676
13653
36891
96
15402
15543
7518
1245
33171
17124
31785
41997
23886
18891
4449
11328
30462
26931
39927
13761
41796
22146
9063
30798
34689
38580
41046
15633
41055
3258
12855
20790
29970
7749
33942
16428
36348
41460
17676
40575
16584
20517
40575
40470
39408
16080
22854
40929
1011
20784
25746
13863
930
5865
2664
6675
2445
1710
22311
14559
18024
35166
35349
19050
13971
27291
35481
21378
39807
24213
19953
27447
2730
31584
25917
13194
5664
19830
25179
19731
11670
8928
33597
25656
14793
36261
32331
30297
37971
25698
2856
27051
31923
38205
4104
3894
36552
39585
38328
5415
21798
16284
32862
37584
18924
16779
21834
24591
7665
5016
2322
19335
27000
6975
2991
12849
1236
6381
1146
10263
32079
4002
37317
22002
13263
12477
38955
20871
10062
35283
26286
2916
22623
17148
11556
41550
4986
4446
37197
12651
9462
39519
3045
7518
17553
19092
20370
18789
25473
21516
111
28611
38577
8484
8613
9840
20961
5568
1770
31023
11910
28056
4995
34533
3207
16551
34083
21249
34053
336
33900
1518
10914
8001
22092
28467
27096
462
18312
23625
35037
18423
10236
31614
26907
31908
12510
5868
8532
14280
7947
20442
13395
12942
12978
29658
549
18117
8907
34605
18456
13863
7179
29370
21867
327
28893
20019
792
5205
1644
6885
23631
24939
38499
21594
14847
22065
27465
23379
7404
6468
14880
20799
32469
27858
21513
4074
17031
30420
9735
6543
2283
29970
6969
24150
30300
35862
15225
31092
12126
16872
37977
35757
12867
5532
28407
27714
40653
26928
22149
6057
33399
37029
39912
23868
35943
19425
40998
24033
20901
8736
30576
23187
38706
8604
18393
27006
15522
33621
29154
27648
21549
25131
34461
34416
1719
20871
33186
375
5799
26391
19488
10254
21423
30459
5178
28422
20940
4179
10455
41844
12915
12090
36087
22677
20694
12480
7686
7272
17157
36840
34923
38706
33030
40440
2178
34749
32367
6420
35124
38169
32814
25671
19479
25293
14130
24660
11715
35070
28839
22173
34914
12810
34263
29001
35487
26013
12540
14229
33285
29697
9072
39264
39462
13158
37707
12696
5907
41130
19119
12090
37299
22989
37761
27837
6282
22947
10497
31053
16017
10392
11226
21990
36258
16545
22047
29745
558
5643
15033
4902
6399
37161
2166
3861
8319
10929
16557
14226
10062
6732
39372
18417
777
6189
4254
7059
29136
27807
38115
16212
38199
20397
38202
32457
36945
31305
33261
8559
8007
19350
13461
14406
14511
28686
18267
22830
39615
5880
8112
20733
25671
5487
10209
26448
11676
14463
4566
40815
13329
13737
28083
22584
34134
37341
26100
135
26646
17361
8697
34653
7767
22158
7059
22278
8844
38382
3108
19518
15321
24276
40251
40992
29763
8460
25440
12498
35982
1062
24369
7311
14799
10452
951
6936
5793
27051
20127
3495
15468
28824
9207
23235
8985
16266
3513
30885
25707
19677
8403
41028
1956
19713
40020
2775
41229
36516
15273
6267
37581
10698
26634
23436
21150
27588
30372
39999
12639
21558
1497
28110
8382
10704
9345
30423
40026
25917
19311
36789
3594
40770
35817
18606
31539
4893
21384
30771
41412
7713
37038
8049
18414
21675
31485
10620
7263
32916
21678
19902
12474
23175
19068
20856
4935
28416
22338
16017
12333
41649
10809
28983
11475
4626
18648
1017
9522
40032
31788
21990
18801
39882
30039
8271
19557
32580
31950
39876
23496
11628
30837
35970
5859
7905
27885
10794
36321
8223
26811
19710
20928
37620
19752
32403
249
38400
4476
22827
7488
7320
2817
26289
5205
3912
5619
37818
36492
37569
6753
31047
20253
37590
25017
26112
3495
23958
36906
10875
3237
34773
1641
37221
1452
21393
40683
14757
17793
3159
37584
25281
10482
11457
22629
28743
15369
41304
24561
22917
7929
31314
11964
28182
39960
8040
12294
1458
3054
20256
25389
6294
26085
27030
1515
27537
6426
198
294
37275
16416
8934
20559
26898
20391
14244
13641
6816
13548
9258
29736
21477
11631
41700
7659
9591
20796
33009
24105
23853
24321
7494
30147
21462
5583
2718
7002
12009
15975
20352
7284
32391
29289
40899
30345
7680
13143
15042
27555
26691
24300
15291
19224
6987
28047
39939
29637
19902
30948
11742
1755
26325
32295
2958
5790
37878
5676
25848
7887
34707
17256
28227
25098
4545
40185
26499
25284
11328
41541
10839
9078
36900
39186
41358
1887
38289
39300
31524
16191
28248
14325
17946
25632
4620
33960
2478
13554
10695
41382
34497
3402
16638
20724
41559
21186
18909
26058
17526
1296
25602
41421
23430
20502
38607
22788
35445
5952
20088
24972
22146
19395
10353
11148
16083
28029
3111
18561
41583
13806
17943
34080
30264
5637
25860
29823
39879
2772
13884
15405
17124
39486
14826
11610
17988
24489
34398
11433
1500
25545
7461
36702
15996
30870
5850
32079
16899
22017
8640
16482
6879
39639
8562
37146
16332
34425
24969
14214
8253
38853
29619
38433
7395
15504
8043
38439
11049
13497
20931
25605
39042
28392
20307
13038
30321
39216
16173
5220
19233
37869
34761
39171
35508
14379
34317
9843
19860
30342
37113
28113
40254
37788
37602
5649
11292
16701
2091
35400
30201
23022
19005
40299
22470
10371
24396
23847
7587
40569
29070
39876
36441
34887
37047
1005
7266
420
23904
27129
30765
19017
26298
75
14808
34959
18780
39156
9660
20871
3612
39861
14949
22620
38163
8478
32991
33615
3381
11634
32184
3507
9510
39681
38394
4560
40689
3663
4980
35649
1848
6801
12669
28146
6876
40533
21105
25659
37689
1824
17586
41304
41685
3594
34980
8904
25128
39027
519
28509
8661
3762
32019
18171
1443
41469
35787
13188
3132
11826
6840
18036
18627
32565
17241
38562
31098
9402
35277
39843
11226
23919
10203
10914
27513
16239
32874
23697
13266
4452
23265
34983
21270
26340
24213
35769
25809
18000
6960
0
29826
26856
18036
19512
17421
35277
16074
19575
2682
9351
30474
13908
33270
40680
37878
31842
14919
41811
26595
41244
4263
7860
34227
38589
34200
29496
32358
18012
5499
10374
31068
6381
37230
7104
25893
25707
384
13023
16338
16122
22374
4815
30030
26703
3495
38967
29601
31470
38778
14196
30714
14097
35115
36000
10686
40371
23496
1044
16383
51
11421
18507
19491
19707
25614
3384
3417
39054
16410
19755
13176
9840
37626
14262
7599
41121
11229
37200
1650
21063
22455
32364
35160
15570
39420
16902
13941
33975
17949
1383
5082
426
19890
24573
33189
16560
27960
7662
13614
15426
40476
26790
25266
36102
41055
3924
6282
23340
41124
7932
2406
34635
11352
37566
21261
8775
12471
35205
13806
1476
7644
18888
14958
40590
14520
6147
15153
13536
26868
28767
28962
25344
26616
25284
19446
25671
264
25728
7011
41391
33660
9417
5082
3015
18042
26346
24846
1569
32607
9708
3045
40251
41652
31059
9897
14172
8262
25050
27708
35130
24876
27726
18474
9492
24069
37923
35163
24333
34707
13230
36780
26370
35706
41865
441
11748
39267
38343
13317
29874
6051
29418
28125
5703
31533
38022
32934
39795
34131
31698
32928
17007
30483
9402
26499
25608
18381
32718
20997
11091
3948
15780
8517
10710
28701
8958
22458
39024
5301
6831
26898
24408
7305
26079
30111
38838
35157
34101
36636
27288
23802
40620
15351
12285
8022
41850
37893
26406
3624
16890
8553
7575
3726
17070
31341
3483
26028
11802
507
2385
31689
27405
26793
10053
24540
27960
6891
17700
20064
14583
2988
14922
13203
18342
27207
34284
31248
36156
31746
34875
11046
40299
13506
27831
15369
2847
2370
12453
27705
2880
14838
17397
1341
12687
40506
25884
40647
5397
1584
31767
33039
17628
4689
17298
35970
2952
9582
38277
39108
41328
31152
21213
39627
15714
20100
26052
31617
22470
38505
17325
25350
11343
5778
39750
37086
4284
23634
6792
22737
38274
38559
26832
13902
14307
2133
20931
30315
24771
17208
27426
24102
19416
19695
34785
35130
39795
31896
24747
33321
28401
13128
16674
10803
18906
27480
5889
36246
9114
12681
30042
5388
22299
14874
19290
7662
17007
40221
37977
41781
28485
23403
36939
5901
14154
780
12087
25005
32676
7893
16329
32136
21021
4059
939
10986
31539
19884
18288
40653
32568
6330
17097
25923
21207
7443
33585
9270
5667
29562
22107
5208
24024
17046
11112
38178
30885
23199
34242
21561
31092
8571
24753
23172
12630
25692
5214
2169
3579
23502
13878
7203
29835
30975
4182
22098
38418
37767
31368
15141
38385
11478
20352
20409
41580
2520
29646
30465
25719
34944
23085
27870
1515
5838
22098
27201
2589
27312
29370
19224
21870
14304
39483
9705
3279
1665
31803
12753
39432
34230
40953
6873
16764
19305
40341
16344
21825
41043
17868
18600
33987
40953
17526
35502
17847
10680
20703
33492
37992
21129
10716
17865
35433
8199
40626
9768
22920
1488
35577
33408
6774
34530
40284
23538
24891
38625
39882
17772
37668
15750
36375
29655
27759
24957
36213
16665
35640
27972
8157
2688
7101
31932
33609
13590
11187
32238
23358
34110
4782
16935
38574
11556
22524
36858
35094
5415
4539
4032
23190
13263
32841
30621
13974
18600
26634
8187
6321
20274
36159
27537
36021
14316
30525
27630
27906
41712
30924
22320
4878
35706
39258
1455
18318
32838
9369
11412
38253
13911
28503
32499
40230
19344
34176
12207
9000
18813
33450
15324
10143
40668
861
4164
12984
31386
2853
11949
2154
33777
34269
7035
40542
2583
21546
29916
35421
1971
12387
2733
15882
40890
35232
27171
18234
27411
39378
27234
17280
1884
558
27423
552
14475
2646
26595
16917
5499
38544
19074
10332
1869
39165
21930
4455
31767
9849
10932
33738
22236
13665
20679
21126
6900
5850
39360
5367
16284
37650
22647
18168
38211
21126
18723
23742
23772
16374
40662
327
25974
30792
10662
27843
27957
3648
3354
30780
13497
14289
22518
6789
27954
1197
27915
5910
20103
38331
24333
36387
33984
18036
12558
1251
39165
2337
38049
20937
31767
36711
21267
15741
38559
2985
14640
37572
6633
17997
26352
20133
3342
19929
39978
2352
21126
25896
21321
12288
35283
3654
6675
40323
21693
32289
12630
18858
5682
8682
10851
8505
16449
3174
24246
13011
6159
9945
21639
25851
27942
5994
17040
2340
25923
15018
4692
18105
40914
39069
30393
5256
726
8127
16635
35475
11472
29268
25389
30213
9006
36240
38718
25455
10473
20967
9522
16632
1968
31164
483
29910
8214
17523
3306
34137
32544
21054
23298
2514
18126
24750
20826
18852
32877
37464
25383
15405
37788
8772
3618
4794
16068
339
1305
26541
34362
23886
14232
36330
26106
27771
37296
34320
16353
11658
39513
6897
32712
33867
22467
8838
16617
14352
40746
20550
9816
24129
35958
5604
3957
39576
23454
20028
10971
24759
17625
16389
6645
31857
23775
3807
17631
32127
38127
5040
1785
6696
24993
34500
40566
5460
1338
28239
32868
87
6792
684
37272
750
19344
41232
11382
13854
32316
35412
38616
7941
9801
16317
10857
33579
20127
41544
36762
29310
4584
38550
7065
29577
31050
18687
6093
3444
4926
38964
3531
11718
10704
11862
25524
1107
11094
36909
14961
1410
30321
24633
22407
11178
12009
4320
15813
3192
3864
10578
3558
8448
7128
10623
9081
9234
366
15177
12678
5295
25197
16212
30069
35901
28074
13596
8064
10224
21561
23028
24690
9882
18717
18153
34116
30726
22476
7932
33918
26340
31566
37479
5847
38694
19158
27984
5928
19527
1161
18606
37878
39414
5874
25947
4374
5004
39543
12438
28284
32160
6522
10974
42
25242
186
5217
13968
22662
26205
18945
7002
15771
27480
25905
25521
4638
11892
31449
24165
26109
21111
33099
23526
40044
17049
27900
16104
27648
40338
15447
17811
4863
39477
30909
1161
39663
36126
15129
20325
20331
5130
40386
7158
32610
24291
32679
37251
36183
35184
32472
33351
14298
23574
14877
25398
11679
777
12558
39327
12171
28005
15138
30090
25485
17106
31251
23148
24288
17439
1476
2622
22569
12918
9780
13182
37209
13518
21489
2451
6702
25017
35802
34056
19647
8679
17454
31326
22512
30015
41712
5739
29076
27906
35832
12561
3012
25083
6768
27303
13578
8244
981
36150
21162
23817
20388
29427
37335
12933
31878
2040
9006
38736
36096
28656
18471
24609
31038
40983
25680
30750
17781
12756
16659
11613
25320
19671
7752
3144
18030
21333
24444
19011
28539
16662
831
19983
4089
9222
3972
7026
11262
12978
3762
18417
41634
35292
1026
30675
5331
26706
32481
23112
39462
7140
34725
35838
39870
480
38982
15900
34869
21426
5970
34464
38088
19857
12447
13236
29079
29475
20262
40344
453
37080
16761
13146
30372
17787
14877
35706
15549
5358
16818
13011
12501
22602
19908
23427
36138
16890
39327
29007
9375
16353
21471
18519
36210
4974
31755
23292
34449
10017
34692
5958
18156
22509
19104
6528
40296
33981
13290
26901
10398
30111
39912
22899
10713
30876
17382
4851
18825
27765
4914
28200
2121
39441
4719
38331
15471
36477
32679
20976
17550
25371
26934
35706
5880
4041
13293
17232
9078
26583
2133
19476
14694
13104
13431
38463
1980
30813
14370
33861
29637
32340
20061
31758
837
37839
28089
16308
3372
31827
37284
20922
15198
35277
27687
21081
10374
40980
38313
19452
38619
11505
9987
24372
24609
36474
20835
39645
38346
6264
31509
25983
38604
22626
15741
10500
18465
14886
26808
34893
4713
35151
26874
19914
28428
12561
12051
38802
24597
21420
29310
21216
3981
10353
3588
41646
4830
37482
39294
1176
1746
41859
27159
11406
35541
13956
34962
25065
28842
19773
17958
4614
25980
2832
37584
25464
28449
7635
22266
24102
111
22632
3321
4095
32988
19965
3741
37818
15447
14091
10050
30249
27006
37209
12714
20550
9165
5676
3615
9063
38505
21573
26733
22485
37464
22317
5949
36969
1008
41271
19074
14178
21906
22395
18273
25950
360
35070
34824
28866
7164
2874
30171
34170
40083
885
12720
20304
19620
29391
423
16125
22023
27159
9669
17487
20532
28674
12456
34599
27948
31530
6777
20910
24981
25050
17916
38400
18120
10740
38322
38340
13614
26493
30513
11697
40437
14289
3057
18057
1683
16536
5238
36762
14751
14907
12249
35286
1584
37761
27885
588
40350
34662
21498
36387
30768
39414
32787
6888
8154
165
16287
34824
26661
4800
4521
38154
32145
20634
14211
4884
37170
32505
41646
9924
5415
24951
16266
20055
33771
15207
20643
32121
7869
13197
26508
38637
23667
30354
16581
31821
30519
32868
24645
28236
8724
222
24390
11928
33912
9657
29868
138
165
29517
23118
18636
25524
39384
38691
17295
12591
30390
7416
33516
1587
4983
1209
25254
6393
30849
28131
7968
34773
23832
36207
14556
37110
31653
26484
78
12369
14352
216
25590
14925
23337
15282
40452
33777
11973
15747
17427
13419
36222
8943
15006
41205
23211
11316
5598
12060
10503
26622
4833
34335
20829
32445
501
23541
16929
579
6966
2340
13851
3612
30321
37188
18894
28773
24
30867
15579
17451
2286
9801
39450
30348
22062
20661
12720
40716
3777
23223
25338
21669
28614
17226
12114
29115
40767
29046
750
18789
2442
14601
22401
32763
22848
41295
32595
22872
1218
6174
40323
16560
15975
37773
17964
38037
29493
30684
36753
33270
11907
20091
12939
11577
8373
25056
11748
20196
25158
12498
38985
27600
40155
32442
31419
21003
31737
22014
14931
4011
28188
13254
20571
15219
22086
38535
24312
9579
40275
32121
13905
23238
10215
26847
34815
31644
22959
17619
9843
6117
30117
6828
4773
41331
39273
36192
33390
66
29265
6324
4080
15453
19578
37707
1731
12720
34245
26043
22299
3576
16167
36207
26817
39438
34110
32688
29082
15069
8310
38925
34242
9483
16812
39015
8814
14085
4263
207
27207
33528
6531
31287
20040
39165
26997
21771
9888
32298
5814
3243
35874
35037
10506
33747
32475
15672
24438
32616
30741
32748
29541
22983
231
4353
33054
9048
31494
37320
22311
16704
28848
41898
19047
6888
39063
4044
41715
20007
7398
18588
23253
14331
11625
4815
6078
15159
20490
30516
5775
22287
21264
35316
16329
34554
10728
7383
14658
13278
2703
36969
29982
2610
36867
20088
22554
4986
37188
22272
24996
2589
40860
19305
16920
23541
37176
36054
38700
15666
37629
2475
9012
29949
8850
25341
22503
32634
32724
37161
3912
6486
3186
4953
9096
40053
25041
2706
16098
20229
24978
12150
35874
36894
2511
23850
31494
39687
17907
28194
26412
13536
1728
35424
14541
23634
18765
37047
27324
9489
32208
2292
29031
6453
7245
38127
17562
3342
40836
33660
36630
36870
3810
30504
2823
6321
25413
34317
17067
1320
33567
1479
27912
6351
7959
453
1041
26724
8556
28365
7269
11823
1716
36303
18276
22017
3486
35838
25362
15378
40557
33048
23307
2367
21552
26130
21747
4965
31503
9870
19341
36126
11349
18309
13536
32364
31821
27633
17088
11433
27057
37413
23256
28773
2772
12588
8790
6261
6429
5208
34695
4986
38256
16002
20409
30867
13188
13212
6888
2691
23082
39288
9876
5487
15597
36468
37851
18474
22101
25995
966
7158
21411
24222
35931
24183
36813
2724
1500
14298
20988
36198
32340
17247
10200
23805
6114
23391
37020
13002
39138
31158
10290
20070
36648
38946
14538
3555
28476
36642
29553
29442
14856
22020
24723
8790
17259
32592
24570
18762
4890
3558
26016
8286
33861
36216
32091
39975
30663
40167
10980
40860
29328
34326
18930
23976
31272
4527
40587
30807
12225
28140
18249
27081
8160
972
6927
25422
33564
31497
15240
9510
6114
41256
17796
39975
6528
20946
37953
37194
19113
19989
7110
6441
25371
39096
1473
27702
1623
63
16509
13848
41259
5814
11988
20478
6789
18915
16956
11409
21471
32196
33978
27585
2508
9774
25560
9036
1776
34569
17286
20892
25614
24396
40389
22044
21495
12921
7746
36174
12984
37311
21081
25299
1125
33069
3777
20970
9984
20733
3438
31455
23985
37416
30096
26493
18246
26715
6588
20025
19284
23874
40917
15957
19329
10362
38001
11880
23283
16803
19110
7323
12114
40191
32625
13239
31260
7458
5268
12303
28194
8706
14814
23235
4122
15969
20787
22368
684
27375
393
33024
22305
12366
20037
12690
22731
16038
24570
17070
32841
14739
24396
16011
12930
15021
29253
15249
22479
34521
40608
21729
1227
26478
2967
18405
447
23754
40773
1131
22185
41169
5214
2490
24591
25251
28239
5322
12348
23865
22395
16245
38604
17847
32259
9537
32868
32568
37842
26403
38145
36450
19191
10428
20928
35214
28833
21378
30024
27606
35565
10209
39831
40779
25755
22425
24033
11994
40803
36381
6918
34254
10626
3522
10101
13941
13059
969
4509
8901
40431
654
16407
30678
11082
37338
23892
39915
29772
11916
38580
23337
35181
36411
35175
31992
29892
17208
15045
28698
24645
21963
20952
6327
25485
31056
20271
9603
3081
24780
31560
14568
38493
5970
3246
7575
14364
27138
18549
2136
10110
15129
25473
16347
22596
18648
19398
10491
6912
34443
39189
2613
27462
31197
8943
24003
20253
270
33606
36393
38106
36225
8961
34599
195
12210
13233
27615
10404
2838
29751
33573
17967
26280
20976
11619
15987
40374
22110
22899
3873
32355
38571
2391
34611
18570
26397
12864
18840
31059
20313
28002
25284
29277
33660
38535
12543
17949
24150
36003
20787
24957
27576
9810
9240
19611
21429
25227
31041
14598
19182
34917
18009
28809
8364
10620
5379
34761
36543
37275
23823
14856
36336
20163
15189
27996
16701
27732
3945
11907
21738
24732
36867
20370
34542
17163
39981
27027
390
29025
41625
32628
34998
30693
19440
1362
41313
37875
36126
6912
4209
31005
21771
40545
9168
8016
26541
38925
35751
1542
8835
15489
26274
16758
35859
31872
33921
33843
16899
5367
33924
29583
9051
26922
18276
41547
28284
30645
37425
35466
8616
12690
24471
1443
11235
4698
9459
37776
1623
3210
10374
23514
31755
36648
40272
25617
39576
3249
30516
27531
8616
35496
15114
30726
20418
4446
30273
19758
6150
38754
13227
14766
9444
8754
29265
33735
13452
38724
567
28134
41937
10941
9648
31692
18645
20979
28365
16221
24228
29937
1755
3903
23433
29925
5685
14907
5430
35958
34668
24636
3771
18951
10458
26271
27705
39723
18009
12216
36447
18576
40350
7440
29520
21054
10191
6165
33
9612
35445
37320
39552
37200
12279
34041
38181
17964
6951
1611
11922
41619
39303
28749
18570
7761
13023
17331
5484
2088
603
12990
20664
12009
20430
21240
33066
1677
27408
4155
11292
33909
12531
21900
165
24810
13941
38346
774
20892
11016
25755
20511
8319
12504
10137
16083
38583
40527
21567
40671
41130
34557
19338
24198
26046
11634
15264
27723
10098
32475
10071
2007
3009
31971
2172
40875
3915
40521
41652
24807
22593
25407
16377
30912
8967
39570
4995
5553
9153
39621
4224
8286
3234
36618
32484
29280
6255
18804
28062
16353
22335
38133
18363
38400
28107
20535
37278
3078
32112
7986
27885
12705
33393
15318
1620
360
25947
19671
18969
35100
30348
23196
14442
33585
30870
4926
33921
37125
36786
33039
24537
30180
231
900
26580
28338
34491
34914
2472
37662
900
1413
8367
34293
16734
23043
5712
13737
13773
24681
6837
2121
18933
21282
6762
7806
39264
11742
15987
5109
15837
40524
35289
16068
12480
32925
15462
18030
25842
17934
13692
26742
19350
22059
32094
7140
16161
8862
20877
29934
4599
27714
3111
23535
20052
22932
2397
17319
34674
18384
35484
8511
29967
28773
37638
447
32754
11100
18477
16596
29037
32169
14397
6387
25287
4491
13527
41448
26409
5460
438
31008
33174
3549
25599
24285
26481
27996
12660
32211
17439
6144
11781
5406
5973
7419
18909
38727
31575
37389
13326
18612
40614
40779
38055
36957
16326
22638
7461
735
28098
7899
31743
32331
24507
15345
14616
22044
14397
27276
25314
31836
33420
37095
37242
39393
15570
27210
7176
5145
22599
33558
36816
34269
32337
32871
285
6663
13512
7746
20454
12666
28704
23256
2997
24267
9657
17613
17367
24054
15945
681
26949
7365
8832
35247
17814
24402
20457
38049
606
14112
29607
37422
6384
19947
41349
6669
39666
25917
27471
31179
38586
14175
12435
12639
9498
22092
1311
26868
17202
17256
27549
2151
37680
7440
37401
26550
2898
15858
22599
3504
29973
10209
11982
7413
1212
11334
27138
11934
37251
25665
1113
33837
10899
26604
4479
20397
19752
18846
5265
36957
36102
3873
10164
31782
11313
18621
29391
27267
34482
9990
30774
35511
33255
13812
13980
34467
25146
12174
17460
20400
37839
18573
25293
6738
16236
828
27138
35988
19674
3459
2001
26835
7332
12168
29673
31701
30789
17064
30027
36327
27057
31857
894
31368
3669
14874
36894
28818
27048
12354
20274
35946
1983
16623
684
18219
17454
40878
12210
8184
2340
14211
35019
22728
39435
22695
25488
28227
39759
13515
35610
37872
3372
36507
40299
7041
9381
35193
6915
7488
5547
27189
1434
7530
14871
15174
38808
32325
14055
22074
40509
16395
7341
4587
39123
4779
27282
22611
4062
38097
7182
39672
5028
10554
5235
3327
30654
27675
9576
37569
35163
15123
35817
7653
35709
8688
22827
3573
12069
36882
25647
23634
24333
32991
41277
21459
37770
26559
15126
12888
35715
35367
23616
11799
3921
28854
28182
5631
14529
37758
14259
20748
23937
8076
28401
17646
29820
22284
21222
12945
17169
17925
7635
41502
8916
6915
34017
17742
4530
20202
30630
40245
13569
25305
23100
30546
12159
9282
36180
26688
18096
8439
5436
33
29571
4893
17682
30447
27177
9960
14448
15402
27885
22083
27963
7860
28998
33036
38658
33531
11238
40347
2832
37863
23652
25935
39468
35811
6273
33648
33555
24372
13143
10047
37461
13770
14940
13143
15273
13173
36159
29721
28578
35103
9804
14541
14019
9861
18633
10677
1392
930
9024
17280
38793
3732
14271
36261
10599
20547
40965
2154
15975
25164
12201
11436
38934
40197
37638
12207
11373
2853
12984
11007
9012
22791
38604
23031
32652
15237
4767
5100
16167
26847
22380
26019
30582
36654
33336
41181
28257
3360
1338
15288
28524
26595
39780
38517
37851
35418
21780
7224
9330
34767
31287
18342
28614
27891
41376
32322
14184
4143
37422
30354
30990
30858
27429
32628
38568
18765
31812
37881
35181
4206
24225
21708
1857
22008
31281
39708
28482
11061
4932
37812
3828
36219
14157
3498
35166
26589
35820
7353
1788
2298
8763
3834
4215
36192
36465
783
26013
39333
9723
19197
1539
33948
11961
3396
27012
1242
14163
13497
12303
19095
22365
29190
26373
7578
32688
32595
34167
26511
39948
7011
28809
19767
10848
33024
27015
18369
4866
11031
28758
27645
1284
1353
32649
13245
4749
17664
14487
31968
2217
39846
9066
24582
27036
6495
32163
17727
10146
37386
2238
21153
2400
2103
40920
26304
6186
25938
15729
24108
8025
2487
22809
9309
3840
13458
22554
21645
2178
8097
11616
4395
5943
33738
28980
32982
11289
19143
21765
21435
14529
37059
588
29985
39162
12567
14289
16404
38505
1074
11568
4530
3561
34377
26895
7401
5838
7449
29049
8016
28602
11721
12414
34545
3459
12450
25527
14748
2649
5292
36183
30234
13407
7830
18222
10572
20397
3567
40032
16902
4644
9603
34488
8205
1980
19383
28665
20874
39888
28770
28893
26490
40491
12363
32091
1950
37869
28677
29754
40518
5025
36993
28752
18435
2823
18030
29007
23220
21600
40095
11178
39300
7698
16722
5505
9681
7161
5226
1611
5049
33996
30504
2595
32487
13923
34689
5493
9792
21366
35247
8310
39447
30243
8121
15882
33066
26151
15945
27345
5751
14043
9579
3051
21741
26304
21615
2478
33465
26841
4092
9573
31896
5652
12168
22383
32634
17913
40935
426
10335
34182
21795
7785
35481
29916
23667
39606
14067
39615
24951
32877
11658
34530
6984
4455
31890
41655
19992
23358
39555
37140
32931
29451
792
16155
22890
33426
5127
21825
4911
15462
27066
26706
36303
20547
27678
17973
18153
12801
28644
14160
3678
11358
19749
23721
15813
9639
23376
6861
4053
33987
2001
8040
21438
2796
24198
2331
7278
381
37212
12189
15843
22278
9951
23205
13884
37629
12234
3093
8433
40878
30312
25167
10236
8061
6888
39105
30756
1323
17025
34812
35310
19026
852
14751
21822
38106
30138
159
38487
25350
12348
25389
18687
35358
6594
32571
30987
18828
35664
39420
30762
23976
22590
12054
3093
534
22215
33852
1857
39240
39720
8226
16269
11628
22977
9147
20793
24171
9306
17280
20577
34713
13725
39264
28071
20319
29835
30114
10203
36558
40593
40965
31590
34239
11019
34686
34773
33237
39594
7689
30477
8370
15915
4746
19998
9948
26952
40791
34119
36258
29130
25752
27
855
23019
41154
34233
23910
29271
2436
31524
27864
1404
21117
20103
25479
26859
25932
29772
24453
4677
18252
3879
20592
36054
23877
1596
21006
35727
6771
28323
22857
32526
41406
36768
13545
40563
29001
8511
40890
2496
40038
26754
16956
19155
17913
435
17070
14901
30210
41523
19581
19518
16458
11229
26628
40335
12828
5637
5118
32655
5016
41031
23181
4422
6858
7782
16041
35859
16296
14931
9411
27390
12741
26367
4545
1710
39861
21615
16614
41127
34194
7251
18645
8652
31536
3273
20043
15420
21966
38220
6078
40038
37251
315
2463
15165
8100
18504
9027
37452
4494
31494
22842
17235
15864
40443
18948
26781
33114
6618
25908
38364
26925
15609
18072
16461
31938
9171
31884
11907
5391
37962
23001
13701
9333
25464
28866
17433
15027
8949
25941
19521
40446
19839
7812
27366
18282
26760
25203
22452
4434
9111
18816
31359
37776
36888
5823
27714
4062
8763
10677
9453
17781
33681
36210
27114
30201
23079
15606
16284
3084
41547
35805
1530
32445
14676
41952
8727
12492
25155
2238
16929
5322
21054
19344
1098
15945
38223
41871
33063
4986
23604
13572
35823
15285
7785
20940
16545
1920
36546
32829
5004
7149
39693
19593
39594
12369
32601
19380
37917
15759
21618
12846
21081
672
32193
35238
29673
41472
35109
33792
4461
29769
5367
40284
16113
26208
32280
32658
28128
26826
36543
4188
5034
5292
36837
2628
30717
27441
22008
26637
14256
14682
39483
6393
15357
732
41631
16086
207
5796
7881
17724
35568
26304
29064
9681
10512
19347
13395
9696
17229
7938
26940
35319
13233
21780
37950
1950
20277
31014
28587
34533
3699
39129
11982
32112
10917
24672
19254
24180
30468
40191
41904
37092
24495
27
17829
35007
19374
2280
2703
7659
23277
702
981
7566
35538
9987
22572
13815
12057
9162
19404
28812
19347
31386
31980
1320
14058
9237
25503
15585
7428
25407
23733
31926
38490
12621
37989
28920
14901
11751
36582
9234
12453
8619
16800
5991
18606
39375
19806
1719
19593
10266
30534
38940
12708
20514
40260
26769
29751
23763
13410
8238
20229
8199
11220
29775
20820
7209
16698
6780
18960
24336
16014
2469
32955
32817
8460
22617
1248
41322
24336
20841
9588
12870
17781
35355
4443
29097
33180
5250
23919
4590
13488
15204
25845
24708
2979
4668
2976
32733
24504
34992
15069
11574
37464
6024
15447
3924
41697
16695
16305
37092
37536
38949
7962
26373
32304
25461
26529
23484
30714
8448
41130
2202
36708
24978
39969
10743
702
945
1479
25206
35937
16548
36780
31401
35631
23286
6384
35328
39981
22689
30420
35520
32694
9441
19893
23001
34902
4422
4485
36672
25926
16674
38877
33690
41652
7902
2436
354
8847
16971
38616
15840
33519
4452
18300
40206
27738
37740
4593
25722
31485
6069
32298
22179
28566
10191
3180
21471
27672
20724
16143
24654
37398
26076
16347
8106
33978
31839
21516
13881
6810
18132
780
11385
22584
19080
22650
21381
14820
27243
18159
17361
33312
8457
39540
19881
31704
13779
12408
30432
5559
41607
13089
14013
38742
492
22119
1776
3387
1635
15660
23253
32823
16440
5694
26463
6576
28344
5844
34452
13587
24003
9813
17958
3516
20409
8895
35223
34188
34359
23655
39747
5022
7800
24816
1764
8292
4935
3543
11679
19626
32259
5988
10449
19755
11685
7971
26331
40029
13815
18783
24675
8877
41652
13689
12393
20061
22584
18672
25308
27999
330
36111
33021
8130
18930
34788
29481
36921
9387
12216
27606
12702
18207
9111
32457
29892
17082
29844
27921
1956
19683
10596
10833
19335
24285
36282
10452
17925
12957
35760
3924
13287
29874
8004
34473
19860
792
21954
14781
23235
34173
387
35937
23436
9501
39450
11328
26583
27294
39249
41595
4977
20904
10428
24312
16245
17769
5820
5229
30726
41583
22209
15069
29457
30213
20598
7317
2061
555
35154
25296
5784
35544
32289
29220
16101
29739
11604
13740
28089
21909
13338
33066
813
36822
28434
30117
12591
34257
35346
1317
4896
28611
29442
34353
16827
8043
12726
18888
21654
18936
15243
40494
25536
5532
40770
41637
6330
10374
26436
5475
3339
10830
38544
4155
5652
38034
5328
18246
1347
11730
32619
6243
40341
33120
11652
15168
12219
37434
34059
33873
14373
20358
3423
39909
38946
2193
10605
16332
25623
37041
21810
28962
5871
31410
4173
24579
27444
22557
825
28794
34287
4503
35037
32631
8679
17748
18855
20898
13182
23970
12771
27555
2328
29250
25467
41277
2499
7128
15609
41178
2169
37419
41196
21096
26829
3372
3675
25332
25929
17559
25182
31275
35118
31275
34962
1797
7023
11817
22695
20208
35790
6522
5763
9174
35772
2286
21507
9327
9414
37119
8505
24639
3594
7701
3735
1482
24129
20469
39870
8061
9084
23052
10392
2202
12327
3354
17055
19353
15171
10806
39561
22017
17328
16380
31194
24156
18669
23757
33483
28083
18876
13044
10725
35529
20745
27516
8067
2877
19041
5937
23994
28125
45
34386
1383
12372
8796
18438
2781
23967
29244
13398
17043
17628
29781
19293
12840
6450
1050
17379
5589
32985
30423
29370
39570
22227
27945
5637
25104
4986
24630
20154
4170
24675
12540
5553
8103
21336
23994
23943
16359
24294
37341
4458
12981
25122
23751
25821
2628
37860
1203
21276
28845
2682
8646
26415
24909
7647
3108
21069
12636
40794
41223
16806
36525
24819
35415
15684
17211
17409
39627
33573
12762
34971
38031
25743
31149
32841
22620
33780
28701
36879
13056
28602
10620
34758
26073
35529
408
29181
14601
26100
27975
26880
13962
35556
9702
7377
9240
26913
37845
6870
31542
21663
12897
40632
18462
2046
31473
41082
35826
31230
7020
19938
17832
17640
25755
1905
24225
39219
2142
38826
23319
1173
36765
37281
36729
4467
15714
3969
31380
11559
23895
33981
4278
36792
32613
22740
38841
22086
21825
3723
11316
41901
36720
204
17541
20475
2109
41766
17694
17307
9651
12069
18480
4416
20406
26265
21939
36120
30234
24375
18738
25188
16356
23016
19980
6969
3759
16821
111
38640
33603
24483
38541
28323
24687
27138
6798
39852
39960
37548
15159
20667
7617
4695
38139
28023
30960
18078
22143
32253
13512
11937
15441
29868
34956
35421
7896
9771
23301
8007
19467
14904
32493
16008
1227
15180
14202
21081
26091
12162
16629
41250
32832
24246
17004
28971
10269
5964
18108
3468
9273
31620
15408
24714
19488
21420
31194
27384
31191
12495
6450
21714
27399
38943
8778
41682
25179
22980
20763
9270
6198
37392
21579
39030
32694
38583
39060
963
15603
28224
17487
24879
17844
32895
7593
8388
25371
38787
6831
27618
22338
13281
7332
20793
23280
16110
20475
6459
39090
12294
15732
16347
20742
8367
26433
11436
4950
23493
25455
33609
9717
945
16488
40617
4896
37140
7008
1326
4983
13839
28944
27324
40176
36279
19173
21456
23445
39651
27915
33594
23001
14703
7941
14802
23070
34374
26238
41076
28926
22752
32688
9699
36753
20232
8319
12705
15372
15327
14031
20358
222
978
18738
40398
8313
8967
19854
31758
19674
5769
36408
678
33531
2349
15480
14601
7782
12774
26736
36708
35526
17424
4407
1335
37656
12726
14043
24087
41109
28074
15501
41331
108
5295
10785
8421
14262
30639
11238
33939
7467
5646
34617
40998
21054
21153
26655
28836
33927
24447
36600
40512
41871
41007
41847
8586
24792
13890
32673
36957
13023
19230
7347
13131
24525
18132
34611
38787
19830
16905
30726
27297
35607
36399
39351
14661
15552
37062
14553
20538
19512
9153
19050
32439
21219
31953
41025
4011
16902
2754
40968
29925
21984
6315
14112
4509
37506
6723
14355
15336
23628
3081
633
30294
10539
11040
2955
26091
19158
30567
17685
38670
39720
36735
168
18939
26691
12249
36006
1593
15006
34977
2574
8046
12348
16686
25614
7854
23412
39969
23190
18096
14106
36879
19446
24645
18975
22404
21795
9192
10971
39480
18918
21747
34218
19086
11745
31965
31338
5751
4614
17400
40728
7188
25446
24135
36930
9060
3045
31398
7029
39294
20553
21138
5229
39999
3783
37263
20403
38634
4455
2430
36117
23373
37236
41391
462
6981
31356
31800
12732
7026
7200
24519
27270
3702
19710
22200
12765
22755
11601
32850
20049
32154
11988
38337
30153
28830
33600
21615
25464
38055
37101
32637
19428
32337
32028
32946
10374
21384
35802
23109
41466
14058
18684
26736
17763
38394
6939
30528
32205
18540
34434
23313
8694
4425
19650
9903
4311
11250
31518
831
20361
39678
33471
10845
30015
23499
1794
11448
15942
37596
34557
15408
9657
24297
147
40476
33747
7086
60
23952
38682
34494
5265
18432
9975
37971
28335
14286
7221
30912
28176
40638
28590
19647
9486
29661
14202
11280
41109
30144
19932
4722
16611
645
29019
29814
41121
20766
7956
41181
15777
4638
33678
21042
36126
1653
30072
22461
28998
8349
24429
15174
6990
11019
5877
16476
11739
20079
40812
10848
21282
18744
15573
37893
32448
15648
25707
31569
7473
4719
1809
23250
9357
6543
15348
16539
21252
3420
39000
8250
11772
34488
36480
18762
16563
357
6294
28302
33495
5106
39153
12777
36906
25782
21726
27354
41430
18489
29982
19959
23208
31791
1209
3621
38334
16560
20160
17586
33036
30216
38895
2808
22704
33375
34626
10326
4791
40920
38628
38286
17082
6837
22119
11991
3675
14901
10401
16164
33390
40383
36123
27654
1230
37335
31275
10620
24951
22491
28209
15987
10707
38160
18798
4470
591
11424
14796
18438
23403
24480
27780
40485
31320
7899
23532
6051
22800
33936
22215
27246
3375
16341
12900
4608
24732
15231
15228
7683
37722
14493
23670
6432
23709
13524
23958
24303
38007
38754
13797
19410
21234
41580
17895
23610
20535
41430
29664
1338
33366
22935
41640
7797
39276
12543
25461
35064
40830
11748
747
36555
26241
37476
14043
21009
22056
38001
16368
18063
5811
30165
37473
27045
29745
13371
21714
8283
12801
22434
22677
17223
3369
22317
38076
13704
5916
21540
6768
17805
33288
20574
12360
30585
29106
26403
9594
9162
35460
25962
27228
41271
27186
22701
26316
14931
7128
19086
36270
32985
41520
30003
21264
15948
23379
17343
29652
29295
38883
7476
5100
30171
41106
30516
31812
28212
27975
41409
37377
21435
38427
35661
20706
23613
16362
18081
9603
36549
8223
16929
27534
7746
4935
6801
36750
28314
24144
24402
28665
34083
2934
4824
35310
2043
35340
25122
1311
21318
37587
38688
13809
34017
3405
5574
28686
19770
23655
9345
27375
31878
26277
12909
10680
31212
32766
5430
17526
14910
888
4191
20049
16881
9015
13359
18924
15414
38484
20235
7788
5127
29982
21597
39144
33387
27171
38889
24213
21882
6234
9588
24819
3567
35556
35499
34779
26322
11988
23361
12291
25932
40611
32340
813
20682
3702
19737
36096
13242
11031
1884
18369
12069
36540
28572
16512
34767
25461
40728
14652
2751
21372
39471
6321
14928
4026
12156
12309
29070
35520
24600
13005
34131
14940
13818
12813
31698
4614
19968
2940
28701
34908
34368
40770
504
20940
15282
35274
17457
27066
20982
33264
6441
31509
39585
34425
6591
22800
4734
35664
29376
390
6669
21507
28389
33543
5376
18087
38157
38400
21030
24858
2367
13398
36684
2871
5394
9969
38145
22851
8091
30183
14115
27588
19692
24759
20016
26286
18615
37806
19950
5991
9255
39675
40554
37644
31218
16986
13731
40434
13389
5817
36348
15756
32271
31035
31683
37665
12060
27831
31572
20151
29070
16746
5742
6765
12561
38814
33051
31176
5676
24057
8223
14931
34788
6777
10575
24006
36819
37365
35496
8208
1182
29847
37020
4512
18882
26706
177
30942
25593
2808
22149
12663
32610
27891
32484
3171
37761
36591
5403
1440
31704
26682
16371
24492
33459
40005
19557
28278
35370
13053
7545
7608
13956
15621
12120
32838
13383
25356
34836
10032
28164
14988
35754
31830
13935
26238
6057
9699
33888
11460
24195
23592
9198
40566
6087
657
9627
25644
41991
16053
9753
20592
23664
23712
36216
35784
27606
20655
32196
20445
30690
31416
6489
24444
21246
33480
21738
27303
14235
13626
9819
38430
37221
19017
8055
1308
32730
17682
40008
3780
33738
20817
24372
28458
2529
31644
35298
1194
10302
25497
21639
12048
14913
41184
36492
7218
32664
16230
34521
4902
915
15399
1332
38136
34416
22443
10500
38205
40128
21564
41985
2922
381
37413
31380
15969
27060
24678
30219
8418
8175
9858
20466
36147
22098
28014
1365
25818
15300
6942
1776
16215
22341
16167
25407
27816
38610
6963
24021
36738
28527
37062
39660
41967
32475
96
28992
30591
24777
17211
10065
32952
40125
1587
27099
33279
29601
41520
17097
15960
6465
18876
32175
28806
6099
28641
27678
2709
35604
9699
10506
35190
17817
21222
35157
21351
21321
35205
9942
4098
10416
33066
8106
21597
34653
6264
12876
35313
5784
29973
9273
25305
19905
12504
12114
26004
41145
39792
28716
5808
20550
10278
40998
9423
31500
5211
30774
10821
40416
11775
27975
8832
2841
36084
30429
8550
348
1305
1863
19188
2334
11136
2496
22242
23643
27666
19302
35844
38514
19074
41652
30120
29352
11706
39546
18855
16917
41376
732
15333
11151
28710
37221
27048
22794
38706
35601
36198
11067
8520
26442
13404
19659
28938
6702
14358
27660
26004
21258
24177
3081
33969
25353
3489
3675
22899
22344
20595
22278
23079
35928
4485
9789
31152
2592
3639
40914
38193
39837
9984
4713
37335
23388
37428
37332
30090
22842
22992
27150
15159
18225
1287
7128
1581
4779
23859
37536
40179
2454
30870
21258
9441
35358
2103
11649
37950
5742
10563
5199
16635
20547
22968
25029
1935
31455
20361
3081
25353
1353
1290
40512
32637
15633
18696
5274
20412
558
810
31650
3012
31683
10908
25509
38097
26070
37158
5103
2868
5724
23358
32562
39327
17382
15591
12321
6837
35952
28458
3249
8361
29748
14817
12054
3384
33516
17328
36852
34074
18141
26502
8142
20880
8469
4710
30033
5595
41868
6192
8463
18648
606
12081
15978
17988
40728
41355
37884
5736
27813
41133
14100
28620
27006
39210
3060
18522
14541
39912
23652
3738
37473
2853
24618
16998
7563
25707
22593
20487
31899
2112
39138
32505
14196
26172
21549
12924
25527
17433
18663
24396
29622
3819
11016
14631
1029
14076
4209
28626
11991
27864
32364
20520
1773
14982
37518
9336
11745
31167
29823
1644
33279
40017
5205
18531
37245
26757
31458
33828
15246
21177
16227
2871
38052
27243
30558
39081
12378
34767
38766
37425
20631
29130
15945
22404
15171
24519
2796
26916
13686
3678
41619
18021
14751
4824
36555
9999
2637
39069
14883
30942
18246
31110
33813
14298
29412
35427
24435
41790
28194
21201
37215
19884
8334
24216
13344
36561
6735
16143
21477
33477
32877
34152
9498
5628
10035
4053
15627
12672
1122
30513
1614
19368
32679
6483
4722
33147
41910
216
32937
41163
34473
41208
19047
13863
23424
32391
8424
1215
19590
29904
34692
10467
22056
2193
16098
32091
6246
2781
15822
20427
4350
30492
10851
8088
8034
15576
41235
21000
28848
32175
20163
21321
2439
10266
35187
38922
660
1611
40137
33306
2571
3888
1776
37686
6081
17874
27777
25383
33711
14655
3810
38064
16206
27720
4152
24240
1296
3387
3240
1200
6618
36462
22521
22116
4728
15708
19038
18444
17322
30231
9753
19893
34119
24585
15579
40200
13515
14415
36642
5226
126
11508
14346
16332
39228
31554
40572
11580
6000
14871
12780
12618
9333
35304
5790
27117
22068
24828
3564
39390
13062
26373
30342
5181
22014
16977
16440
35529
2448
24138
40755
2577
35646
26160
18909
3933
15714
30540
15513
21714
16467
41352
5391
25800
5712
11181
23973
27780
36012
40593
25173
20130
38022
26571
38367
18036
1548
12807
11565
17055
36945
23379
19632
1650
7539
9597
5583
36309
11193
21096
16026
27660
33504
34473
24516
39216
3654
19548
24999
10722
18141
21228
1908
14166
5799
40278
32202
20403
11085
14826
37458
19089
9261
28146
20739
16800
8802
26322
24165
33051
18474
11247
18714
9981
3720
14286
20253
7377
33834
3252
31155
23034
24480
33066
37200
1335
31344
40458
21741
13485
26340
30255
32574
35601
29460
24369
23457
9318
8691
5625
369
40224
16872
32139
21261
20595
4428
41514
41028
9318
2769
1239
32352
40305
34305
40608
41643
36705
10125
34440
8193
36465
35751
11823
30069
23211
36195
24582
3585
2886
30207
3957
14166
18138
36096
35427
9789
11580
34944
8817
20901
8769
10056
24309
7074
15420
22920
6717
10125
4101
41157
18318
40566
34911
30144
41691
29178
37395
37332
32766
40281
25539
7779
25506
14733
1875
18933
24522
26514
24933
33339
18471
33702
14454
13836
40779
930
7812
18552
11055
11913
30768
432
23538
23679
1632
23229
23913
39027
31617
27735
8364
15159
35514
33870
29892
8448
23862
25473
34962
6795
16812
24489
40500
2322
38325
10335
3252
4140
28887
27366
16053
17655
27798
39591
12390
486
33879
7362
39513
23496
35097
18933
9711
28614
10806
10662
8118
5724
36135
14136
12519
24003
38625
24075
39384
6006
34410
13692
10146
21300
41058
39258
10011
39912
7905
22404
40398
12840
29766
8967
7395
35919
27903
30162
35589
9765
40824
1707
15489
6015
15843
41064
1077
25524
23142
11517
2589
15552
25209
12735
7908
24270
23049
17922
35238
2013
11382
33639
14853
12204
13662
35304
19179
41565
23469
12771
22386
35349
27534
8931
12423
14436
7998
13500
39960
31140
25017
549
17748
21282
26343
38715
3552
20448
14637
38793
22461
39075
1488
8373
22335
15150
1677
41514
27774
25146
12285
21216
18498
39822
30150
30921
12258
9204
15477
23274
11400
11550
36882
29148
32832
34281
38919
7443
12729
11556
17292
35193
21687
31836
1566
2022
4986
3243
1539
3816
41448
13824
25035
31002
24702
26241
32979
8016
35445
6456
31293
4845
31062
39231
5049
21894
31512
1971
393
2241
26583
17685
8490
6273
20577
23112
21351
25566
39414
22890
438
38862
7773
38529
40920
3531
22770
31899
11550
16215
9411
13899
34116
40473
11130
10224
33423
13698
25251
4875
28995
22890
35616
37488
219
14196
18600
21573
10818
29070
15519
11256
38988
23292
7788
37908
39882
30558
27807
9432
17832
37218
36387
23004
6747
5517
4284
11229
19215
29535
16104
6210
23484
22776
14754
23703
36972
4413
3276
5790
33483
31854
17049
30474
26202
37893
26382
24084
26451
25248
33516
15339
33522
40959
9402
11328
4476
13686
35613
36747
14280
22773
14016
37764
3549
41826
19467
40524
4239
35802
4314
8781
38712
34419
10311
22914
30312
7749
5001
27822
4053
9573
14217
37578
8535
23619
19962
26067
37308
13575
33873
9588
36348
5889
18408
39897
18771
8931
38421
36069
2733
13794
2850
41445
6213
26217
35418
7584
33966
40419
6462
9078
21048
20679
4656
29583
2301
24618
26709
39609
38193
18582
20253
32541
37527
9717
1494
14298
18648
39918
8367
34440
24768
24273
4941
2037
21546
40359
9621
26571
9834
16083
35649
30885
36765
11361
31524
10122
35979
16233
20787
3228
34815
41040
6825
1398
21813
8319
15699
40461
19293
37122
3957
2061
32454
8901
4101
25056
20316
13722
9627
30153
864
3276
32094
8685
14637
21618
18807
21672
37854
39594
37956
1725
9690
2781
3126
31503
11103
31881
1020
1452
40059
4980
3516
1569
26937
7617
26628
5253
34395
36255
6462
6315
10590
38556
15000
38283
18177
33807
31014
27087
31401
26970
41868
12147
29754
16050
1650
11913
5931
2673
13365
17049
20709
29937
18618
5646
8610
3246
10899
14064
10560
17364
20379
34206
26976
6438
30489
3153
11301
19503
1296
705
17532
1167
25908
5286
17217
27561
30255
36207
1290
14676
11256
21999
2616
930
27645
24282
17235
9600
38346
40851
40020
29784
33057
24999
36222
34602
41208
5523
25164
507
19284
696
14730
3195
19038
3003
1812
7293
39210
3102
35025
21522
38157
37641
22455
23802
32982
10746
4458
29328
9597
2481
17112
654
40536
24390
6312
10800
29916
31476
11307
20256
3228
39093
23451
22266
99
25263
615
10365
41421
35643
31890
37578
2340
25401
32436
35322
36147
36897
22653
16800
10434
10821
17454
22026
35214
36822
32826
36186
26301
15192
14442
29529
12285
8952
9798
25440
5271
23469
35808
4695
17112
38754
13329
19455
22155
3768
25833
29358
11721
19542
4158
35211
30366
34668
15237
36636
29490
6063
30822
26847
34311
16320
14379
17655
25272
37233
1095
30546
31758
7959
6297
6873
4713
19626
39384
39924
23394
23217
40338
6171
762
15552
41382
2184
21276
14619
38820
8769
33741
40698
6672
39108
15018
21051
14763
40293
29340
28917
41895
19101
36876
6192
39030
12648
25818
7470
23628
20271
30687
35025
39498
2505
8577
38883
17745
29856
24558
14565
9681
29355
26319
16353
26466
41340
8463
41229
10689
8859
41202
10584
41016
7137
16776
9102
19785
13650
16572
14469
4977
18318
7494
2478
20823
29130
41361
38571
30042
36975
24192
39723
24333
8514
27132
8799
7854
35595
21084
31599
15513
20289
183
14529
40482
30015
23634
18267
14721
40206
3792
19701
29580
24345
35235
8406
24531
5652
18033
12573
627
225
23352
38016
21795
8484
4815
705
15138
38958
32304
30651
30303
32487
16236
28785
33558
10926
18108
6282
22191
34956
39039
9771
17301
32274
18177
41832
37926
7266
12405
9609
7494
6813
5628
345
15300
23499
1053
30438
20457
33357
32145
21816
36903
19437
8601
28461
30366
39765
5799
10557
32724
2838
20328
8025
35112
9564
20916
2094
16830
4377
24762
37380
11193
30390
37728
26493
11889
38781
27987
3405
1194
31188
25221
38097
8625
4881
24561
38991
2646
30360
20604
35370
33201
11991
14454
39369
21555
35370
12522
9441
39747
37284
17880
21996
38730
26664
19545
21675
23445
18588
25080
37695
7776
21360
33795
29460
26241
16356
26451
41943
17772
18114
6372
22029
30105
20826
32457
9660
27252
2979
32157
38055
11319
8037
18054
8049
34701
37599
29724
29202
14190
25863
24900
21966
5223
16695
22482
2520
4107
19992
15519
21879
38106
21891
14967
26211
13773
5424
6927
41025
8403
10140
37083
32778
18180
13137
40827
23937
21792
41607
11142
35982
25470
7098
29007
1749
36849
9489
17325
40956
29481
32847
33891
38643
25794
6858
22854
39570
12282
837
38595
33741
10980
4734
24519
29160
17871
23346
24153
39666
36012
35295
4704
19482
13449
33711
34290
8298
14259
9615
20310
14796
13518
12204
11442
39315
32118
5352
36885
2403
6192
4536
7200
17172
9273
31722
17388
40200
26124
41541
8922
20136
5895
13629
10677
19344
18396
16023
40701
3711
38694
19011
18510
10215
2271
29952
7530
34392
35304
15471
7851
12552
20007
15051
29724
336
17829
18168
40539
1956
30768
7461
35148
36663
21090
16881
27063
10545
3960
25764
14256
657
15834
32766
10872
18105
33774
31458
10497
27081
4929
18348
39633
37992
4458
40416
38331
22287
16584
36870
37299
18408
2331
1506
13071
36480
31443
11193
5025
35406
8013
19281
36063
23847
10050
17991
41955
14880
7449
23508
41961
12378
12915
10653
8370
17373
22125
17757
39660
9765
12627
6018
28176
28017
7524
12303
22497
38967
23496
27522
32373
2568
17859
39492
26415
40965
15483
39426
13848
22932
33993
26865
6366
4908
37518
27795
22281
30699
3552
32997
40467
29238
10071
26643
15255
17595
38946
37752
27621
33501
36330
17994
36069
25245
28545
33540
24213
2028
2025
9117
38019
36018
35982
2385
40926
2559
1236
34263
33258
17847
38316
2781
5085
6390
29424
20340
37041
39429
29148
22662
30930
36534
11715
38055
19779
40260
29595
15048
13344
2676
37221
9363
38694
2262
24807
8676
4821
26043
13995
9135
1890
10314
11919
6975
29760
41343
40371
37857
9828
27519
18522
11814
35109
1293
7869
25947
12609
8523
12051
25953
11199
7275
35319
7896
9537
18126
29628
27414
2169
1626
36549
17118
24996
19524
24093
25812
31926
35523
21669
41754
21042
11247
11571
27210
25596
19440
11157
38205
41019
36264
22161
10221
14595
15480
31173
24132
4662
18801
22602
6831
33483
17154
37005
29535
36678
19101
13347
39660
12624
6075
39417
4722
17322
8988
2988
13977
41484
27201
10182
11562
21468
32343
21783
36063
18879
24012
31254
23541
13869
11856
1431
5355
66
38436
34890
7803
15537
19296
5463
41217
25371
2880
16998
13749
24924
19986
27726
37467
5190
37911
7029
26658
41310
41868
33777
18192
36936
23031
41733
8805
34890
1164
27216
6012
39603
33165
13815
26196
10461
19281
38472
35832
35217
13470
20637
18144
33456
19422
26667
38646
15333
4752
36360
27699
4620
28140
3891
41556
22227
16683
21417
28173
17847
6636
34188
28506
39801
6003
12705
8262
38340
22233
15150
31560
35703
6843
20760
27159
26265
5427
36864
12654
10179
2280
40356
27855
1476
2247
40467
36762
31986
19884
22935
7836
26520
15123
7398
24321
34185
33159
3639
30525
13392
31845
33141
7095
38691
24957
5313
22956
30384
13233
35613
11619
15513
33969
10530
30048
7272
8997
24810
39261
41940
5745
18153
26460
33927
25551
21840
39168
29769
38535
40749
1161
28383
31893
8259
25074
14850
26628
6030
16293
39861
12699
40968
26430
17724
22557
14478
24999
2610
10344
35316
2550
29148
11469
69
21075
8076
34965
18243
37845
31500
16992
10065
30939
19941
31380
27069
5850
16008
4158
35199
26925
16857
34167
11355
34584
14724
38892
30639
30393
20292
23955
32943
7440
6480
33012
28515
27612
39033
17814
23460
28536
5865
4581
30531
25806
35961
15603
31656
9969
19761
24855
36894
36618
30081
19305
258
15861
29253
30897
4254
7548
25908
8256
14988
32388
12324
14562
18003
9360
32376
12519
8952
9297
17100
39483
35106
24117
13086
37818
34086
32847
33732
36
40524
34869
19341
40782
21786
6597
29682
39099
27201
13590
5355
189
17037
17679
27807
6096
27039
31242
31671
35991
40539
19827
4533
4701
1944
17619
522
36030
21525
5310
7122
20049
11235
26463
31887
33021
4116
32625
30120
31317
4218
6531
2565
34311
24213
30372
40407
22308
19614
1134
29358
31212
20961
33891
35913
22905
22566
7491
29991
2091
12801
37113
35196
37092
34632
25086
41172
9807
28767
29292
41124
32985
35826
14745
38352
31095
16176
7815
11403
6846
8949
40761
38058
29910
3708
31974
23871
26277
39465
11862
41424
23325
20031
5679
18417
12666
30765
30645
22473
30588
17940
34653
21576
24822
20457
30984
13917
36633
38802
38376
14535
5751
37140
10596
6720
11904
570
30591
38181
11091
13512
37608
34416
4599
1287
23892
30321
3108
12537
10794
33696
1533
16506
26328
39411
8019
15315
11328
15708
25173
20763
30243
30924
28959
40839
37644
40863
12465
26238
37047
36615
10806
3711
87
15405
18054
23979
3729
34218
7575
27579
38970
22164
15141
23301
19578
23160
9672
1962
38868
34845
35781
40170
36825
22740
10065
32472
21606
22533
29766
16653
17148
11628
33420
17235
27033
9474
12273
1818
14748
32904
29400
11718
26124
15597
6075
16758
38760
15747
31779
6684
21648
25560
17910
29532
6303
27978
20004
27909
21567
20826
15618
9771
3510
20094
40062
30543
624
10335
3420
15372
14295
32820
27090
11478
6417
33168
28236
16233
19971
18015
35976
12678
14634
11886
210
20937
10920
33270
19902
32487
12096
35520
258
15606
13614
40323
17205
27294
21714
20625
666
7068
24501
27756
18546
1977
31980
17838
18210
23010
35856
25242
35688
8490
8187
35898
483
19107
27168
20385
9597
10320
26961
22911
38982
11631
21234
14187
38925
14007
5871
39591
21075
30372
38403
39621
32349
28386
28515
21618
9396
35427
17916
16140
14973
26103
10038
15456
3213
8262
35841
25866
18582
20802
6777
15564
32433
28014
807
414
13077
6678
40005
34152
8109
36411
2829
40458
35853
31344
33132
16305
24774
9051
32445
39747
35154
483
26262
9423
8745
33159
35289
40383
11964
69
13947
15453
41139
14754
15870
12216
34491
26931
17424
600
21342
20253
12114
28251
22653
3249
2556
18483
25356
35001
16233
18510
6540
13551
40992
28341
4710
34281
26724
29730
5406
11727
3186
17601
39540
32112
29817
32031
30099
18297
3687
22500
38550
15801
8751
32262
32106
24366
8745
15462
30423
38034
5031
36966
9585
4023
36363
14298
9360
34146
2028
14769
16929
18270
32370
14469
21438
33246
17556
9540
9543
21243
32040
19152
8103
40791
9414
40209
36213
18159
26730
24639
14196
31761
32661
23781
35784
40080
38079
3144
32226
11166
30969
7158
29436
21342
34683
8877
25644
10242
18417
35187
2541
21513
12339
10644
33360
21753
21912
27576
10971
6642
10215
25167
38403
876
20004
3243
40956
29142
19443
2241
40308
8415
22455
40800
813
15138
7677
26457
25380
39150
19644
40980
18663
3042
9624
10026
37851
31536
8658
6822
9234
18873
3045
5637
32805
36108
21936
2817
23250
41382
18114
34614
7797
40569
33414
21666
13710
12150
6123
10146
22356
38823
9126
12078
12921
18753
35160
8775
21345
1818
15597
30582
20691
31701
7275
24552
25809
29214
40425
7059
28596
16542
12729
7449
15111
17199
29115
28821
405
6294
38970
22764
16173
6096
34842
29097
37905
41058
37872
30309
876
24525
18891
34623
14226
39222
17175
11091
26436
15600
31206
13032
32142
1935
33537
18312
32193
33708
5133
32598
40002
15159
13362
14178
34314
19260
14331
1275
18318
10203
31584
32250
5784
21531
24873
33069
18756
13104
2160
3192
28707
33369
29283
31905
6360
20820
21273
38553
12531
39465
29154
23589
12624
13572
8823
17994
3891
23154
19272
35265
4413
8856
25518
10200
30390
21447
1269
7146
34554
16485
23394
34317
20910
10677
37278
27273
2556
16554
36882
28143
14019
37092
9732
39699
8667
18558
15696
25614
12768
6024
18879
17184
27936
15453
40440
16326
36903
12765
36528
29457
29250
30981
34830
8163
41658
30108
6492
2214
4662
14430
30357
31737
9525
11148
495
31248
762
16191
14862
13530
35271
4797
1770
21207
20253
210
8592
15156
12975
16176
15669
13284
5157
8499
34503
4818
9663
12051
20088
27384
26481
21504
17121
7062
32652
17616
38310
4470
4863
24228
18000
40134
84
19773
32400
20337
33039
40992
6549
17073
28224
35274
30357
33384
14829
22860
9258
24492
5967
29346
9876
32448
21906
27000
39513
25614
15672
6879
30084
33594
2166
6087
31728
2250
38916
35184
35643
1011
5232
192
18084
33459
6522
19497
24843
21351
13413
34101
3843
19380
34503
13722
9831
27468
11778
20400
11082
40506
40335
41169
32100
13557
5256
34887
15807
15228
28071
22506
16239
33306
22698
5382
24765
276
24879
20664
21627
38295
25821
25473
28731
31380
10251
38562
16848
22029
30018
27933
20535
41412
27102
23694
12969
3414
16581
28779
31698
2652
22341
18993
7014
3042
24375
2835
16374
20313
23499
38004
29664
20376
21477
16395
9759
31728
26016
39663
24813
27090
25596
16404
26502
23754
40098
39474
40224
14679
39309
29922
30390
19650
6918
37404
35748
2349
40242
10125
22662
34797
6129
10326
13176
40662
39780
35991
1446
23796
33654
39315
8886
30309
13719
35391
12063
24876
3921
10290
10611
1230
11268
41001
33936
18186
36408
27687
20538
5706
8868
14256
11559
14997
37641
24735
26715
35421
31782
28161
30273
36495
25476
39159
24804
10251
3606
7923
35127
7527
31269
3741
21813
540
15798
26808
31782
23262
12495
10320
28968
34419
37635
40530
20472
33276
36321
5187
39753
39162
4404
28026
33657
29880
25185
16461
11187
41850
24384
17373
20433
26712
34170
13305
27252
7968
40113
17034
31233
23664
40413
31257
16083
36048
843
36555
40380
37167
12798
38133
34329
17202
24159
39042
18138
20400
13503
29325
20250
8943
17754
40686
35655
9924
25047
20907
30951
23160
9000
20184
17880
7413
22497
33963
14517
23343
41574
12897
31566
12372
9030
36951
29574
33189
33993
5712
11589
18552
6093
2898
27495
23850
14640
34209
33774
39687
26172
22725
20847
35172
13965
9783
13641
7521
1746
28158
30864
14376
41055
33486
26748
8085
41493
27378
12330
4542
33090
23922
23094
39183
39876
21645
21033
12516
13854
25866
10203
11085
19647
2106
4257
33615
11889
17901
12192
26691
4059
14112
41067
16173
5598
25815
37314
18147
11193
7647
22689
15339
2625
16839
25578
501
38484
17670
13017
23397
1536
36276
5538
34239
38382
9795
38910
21327
40752
9102
6018
2814
23214
5085
32043
41868
1956
27357
18015
26205
35004
40704
12600
8685
28599
38178
22242
38142
26904
35259
32595
28440
591
38133
33738
38973
5928
30648
18300
4683
39753
37374
20553
34023
13515
23652
33894
28527
9009
9909
12732
15072
21672
38388
23757
8271
5625
4002
17469
32529
10317
8064
32028
10911
4197
23766
20940
23184
25470
10299
40923
23223
5673
19476
28305
19191
1128
20199
5718
23193
1164
31509
38265
22836
27897
33081
2166
4578
8139
19635
37110
18456
27702
27138
423
2955
21960
21366
26139
5430
31665
25062
41712
8394
2538
28017
27585
16722
6216
4362
39918
7380
35871
7239
1275
34824
40320
16497
39405
6459
36132
5571
37974
34890
32709
38397
37848
12669
30819
21987
31155
33540
5052
30867
41937
20646
16884
40578
8427
36156
2940
19401
14595
9867
26640
15870
15750
38019
32367
26211
15534
39555
31782
11508
32448
35547
20964
28296
19272
22839
8283
8427
27438
26391
39297
27375
18096
27237
39009
26523
21396
41952
3924
35991
22875
1620
22917
38625
10695
26340
22836
26232
23895
25674
8796
14343
19221
816
13695
38493
23658
35037
17979
9096
19428
15276
7527
37524
513
17592
35103
34965
30600
39027
12
11478
11706
22929
21159
22401
7269
15054
19689
2223
40728
28488
16566
17952
360
1320
27501
24018
36357
3480
4170
26841
31812
24753
35424
3384
348
28527
38349
30948
38613
38364
13482
8319
32349
34644
1776
10677
7698
21468
12900
6426
21012
522
37434
21372
1842
35994
16449
38199
39474
33675
36099
29289
16431
29523
3729
29835
16050
78
31839
12663
9498
3324
34038
12906
9024
6873
23583
16722
28341
36483
36204
20409
37005
2697
41781
38850
38691
16230
6105
7221
20964
204
7566
37395
783
11295
38286
16836
24432
28125
555
4986
2505
5652
17892
11529
12525
41475
41307
11922
35958
6570
32331
2022
9267
32112
11928
19014
19401
31089
26235
40365
2352
4860
6816
3135
16155
16158
19971
11643
15339
33585
16632
17847
39237
34524
432
9762
5058
12798
34740
12072
19368
25071
14094
28635
28239
39078
18705
18696
28170
2940
30117
30522
20856
7989
33657
37014
24147
24687
19713
39489
29328
36345
28392
26565
41928
41880
7383
4986
12678
123
30114
32046
38250
15267
31737
24489
12345
8442
1188
11571
24441
31305
93
3297
39297
4809
11367
34500
552
31083
3045
936
38484
2493
27501
9468
2376
5940
27510
15054
19119
15627
18159
15369
30894
20952
39858
1239
29397
12102
25869
24894
14466
39018
41247
24819
1827
23673
17319
15435
25812
33423
16371
22296
35916
14928
2823
38292
33924
30333
24405
11043
3960
13620
26412
34854
34572
37329
7152
35025
20487
33021
17919
34953
30039
30225
30828
2925
11898
19206
31416
8766
10629
18846
2118
4545
4830
4941
13896
38757
35277
9357
20856
39237
22977
18327
3150
15549
26712
10302
8577
5199
14379
39552
11211
15474
40833
39
31455
23787
19245
20874
32553
29874
10776
34674
5478
15606
39615
19374
25419
32892
28731
4278
1188
22764
22605
4338
38313
20373
27696
17946
25572
75
28557
36783
28605
27390
7881
18063
22236
27126
9993
12789
28059
20769
5463
33537
7431
16137
23967
32853
7029
23754
8187
8217
4518
1848
25611
13887
22221
11307
31836
18849
24438
31449
26691
11046
29895
34572
165
10131
32754
23214
22923
18813
1983
41442
23406
22470
15579
18429
26379
35667
183
34566
14940
4701
7470
40554
18591
29691
22917
21483
19599
5358
10932
4290
29460
11883
38862
681
22017
29616
23895
15996
19488
38934
15438
13950
32460
31020
32382
16842
37743
3621
22464
10683
8325
29937
22293
39972
30684
3213
32511
8283
21627
1443
25629
22143
13326
22491
22824
6399
23166
17775
22395
654
14709
37836
27660
18225
39912
18042
35067
6711
21666
28590
17394
1047
16527
39690
12075
18267
903
2586
39609
35586
17085
23238
15729
1467
16788
38553
7869
39954
14328
1320
11664
93
10212
10380
18318
21180
41481
24444
27891
34203
11034
3288
35250
40617
14034
18381
29940
27993
20967
27549
21579
9108
21846
37308
10575
9690
33861
31500
7644
19245
32823
32364
32394
14091
744
21768
35274
225
17268
21165
5484
28302
37509
40734
39975
9543
30171
27918
37536
22194
26523
17115
31302
6369
12423
12936
16059
17340
15492
36759
7641
19371
40179
11091
33465
11982
3918
26739
25263
21186
18960
30750
20547
14472
540
18522
24015
30714
4440
19554
10908
30966
7725
13269
8391
20151
26205
37509
8547
41697
3324
29247
19071
1506
40338
10536
13488
2256
8331
9807
23445
27291
40557
1992
41763
41100
33570
36837
29814
38013
14391
11778
40035
35172
25047
6426
26379
9252
14991
34929
22008
18318
22176
41079
19824
33570
22671
4368
35829
31002
14175
30330
16293
25791
3378
29115
24891
36948
23952
25761
4017
9399
8595
2052
2571
4701
21537
28953
13953
36528
34938
7017
25902
15114
19152
16782
6684
41823
34206
13569
1881
19440
1899
18177
3231
18333
18348
41178
13284
300
37995
30357
22755
4590
32412
25326
9291
25005
25335
36303
32589
18273
14376
29550
4443
33531
4332
24186
33354
38541
37755
35238
15981
10713
24471
19212
102
13875
31446
26442
27231
27441
14802
7986
3087
18270
4368
25437
1275
29706
19740
4920
19035
34116
34470
36537
38703
38805
18723
30060
6402
27534
36354
35439
38247
18825
25707
9408
3756
15153
35850
30987
594
8652
38973
16737
26922
14397
174
41253
2103
32970
17232
34197
25089
9702
28734
21792
19563
18513
22908
39021
4047
17262
32460
13353
7143
16167
22761
10899
31320
16611
12942
2970
25266
9915
19710
23244
24315
32940
35556
39474
23913
10788
2727
20058
33546
2517
12906
24168
21030
35817
21189
25080
24135
11652
9489
2337
27819
32250
26292
30198
6861
39237
4224
3183
20208
23934
39486
15579
27933
33042
26112
9846
14886
28839
29904
6432
2415
810
30600
23445
7683
22848
19581
31821
34500
29070
5214
33375
32376
31506
34629
10296
41799
38856
13479
20010
33846
24021
6645
19779
28119
32757
681
1005
32655
30585
20496
35070
31398
22152
29571
10137
3000
20211
41958
8556
7281
18228
12990
39660
7737
5619
7956
20592
15531
34491
40602
20436
29571
18306
11271
15690
9063
11955
29754
12774
540
21306
18900
2994
1458
6474
13134
4461
26685
26148
26073
5022
2379
39063
15738
23172
15741
36750
1764
2328
300
13425
22764
29871
31731
34038
16617
11850
3993
17427
24627
17589
38733
1527
20586
40194
21057
33720
15711
18798
30924
41784
36879
33303
9906
10617
27531
25647
5370
29298
27975
18726
723
21798
19653
32454
13836
36270
2304
30885
24756
39987
6474
21489
12573
27060
32739
33630
31836
6450
10431
33819
19293
5310
38178
29199
28983
23712
25902
5409
11010
24933
24135
24789
4731
1788
28299
31623
9117
1659
33564
33873
41649
40041
13362
12222
38157
4104
16908
41052
23610
40395
32871
903
16761
29049
1158
3747
10761
40116
9156
34827
36108
4350
30672
11895
6138
30027
1521
28311
31689
6141
20184
2394
4182
4605
27672
342
8709
2580
41394
3375
978
3321
17337
17739
32370
31551
34542
14190
29670
1701
20073
23778
19107
8748
35673
25245
9831
8250
11559
41520
14394
2799
1914
31632
7404
642
3030
29169
3225
2424
32547
17259
18801
7884
34998
9174
10491
40599
36420
40161
300
14493
34995
32463
36297
41727
15708
4131
7977
40323
16707
35427
14181
31680
25062
21585
32322
28092
8757
35547
1575
12360
10806
20376
33300
16863
606
1791
15462
37026
13011
28818
22578
6006
32337
29931
5733
6045
34062
26769
17427
8772
33252
31608
40452
29370
24249
1830
15465
4062
37380
30096
16422
19242
21528
20778
7161
35193
22572
35679
30219
35583
35553
23853
12645
25890
11787
18381
2994
3849
16206
33477
25677
7458
36141
37185
36831
18390
39018
23352
22455
5454
24504
9933
24696
4032
30714
2916
39225
11286
38595
40503
17925
3207
22356
30570
29097
34143
20007
3147
9051
7269
36624
5784
14730
30765
972
22617
7158
11046
3969
669
16500
41529
23658
12252
3561
12372
15168
13845
36714
24822
25404
12639
28029
5760
14268
28182
10962
5331
31332
33069
12603
25956
38853
40389
27780
10881
21006
5994
21927
38031
6663
38427
37560
30321
8682
12177
13752
36906
26022
8466
19728
9426
34164
18813
28245
19488
4998
10263
37875
7386
1332
8478
33342
40185
6867
32178
22125
40929
38172
2052
36960
15891
11538
3576
17271
33276
15756
31023
28182
12834
10545
18969
35319
15765
37782
21564
35253
13836
2883
31131
21222
4215
10665
25623
15456
30591
28857
37581
29520
25032
10692
37539
40923
22230
41115
16194
13506
27927
18273
41688
40764
28821
31713
34083
2586
27498
26703
8898
12390
29586
11085
4671
33801
21750
1350
20313
23397
30207
15897
23976
26295
26589
19515
25221
6819
31686
12471
33381
17616
30747
33069
29436
17568
22785
21519
33210
21339
6222
108
4785
35808
11193
22512
40665
4002
23862
18978
27399
25128
5931
9375
9423
3576
41946
34644
23451
2691
5118
14832
33363
6921
18960
20799
24489
12801
318
15699
34140
19596
28866
9981
13404
11115
32496
25125
15117
27414
2103
13575
10542
21093
22950
33024
24669
35955
25668
6123
38646
1842
20955
30009
8763
39915
8808
4308
23772
22182
33066
28968
41778
19932
38952
26238
31047
504
9363
17223
27918
24522
30798
9519
3615
24804
543
28287
31815
39267
5466
28461
12168
39477
29526
33987
8451
9390
38298
32223
31572
420
19194
2406
20352
16146
28644
22455
16650
9063
10734
15624
33588
41532
25143
8259
37395
38742
36546
27210
36012
13068
26730
6180
10548
27312
40167
18999
36705
7521
9222
26277
7941
28416
41742
28293
15618
28386
21807
3324
8508
32541
18951
96
3132
15150
21411
11583
11895
29016
9849
5907
84
7635
25143
10632
34950
23310
29631
29655
30834
9912
26988
9831
38328
26730
9183
25005
26175
30990
28329
34683
34587
18336
5835
8775
33489
27246
33414
16440
27318
1266
22347
27405
8901
18546
38037
14907
12912
38727
2562
1746
6639
609
24636
16023
27339
33819
41028
24570
22809
27360
30309
28452
3696
7200
8286
8241
34449
41700
24681
19767
966
18084
18228
22926
36630
14268
37833
7545
24051
11454
22347
30690
12063
4983
4713
10458
38802
3744
35031
32667
2160
23340
19122
5856
30543
27408
14100
36048
27108
38781
26871
41133
14868
16158
35115
22554
30426
2004
30099
25533
13458
10449
14223
25521
28488
31992
7038
25293
35736
69
15960
37896
36465
6138
14811
38064
4602
28911
3168
2769
38748
1098
1902
24672
17256
8073
5229
5682
10077
35328
31215
23538
16833
16494
20115
3324
6486
27153
41673
13281
40278
15633
22233
5802
34830
37044
1866
39432
37011
18093
201
33762
19191
15159
29490
36447
23232
34719
13185
33312
41106
15456
27906
28995
31950
6021
32319
9492
4233
3048
22773
2511
31740
16065
21369
24570
11109
36294
22002
19179
12387
35262
23997
31578
21477
11487
26025
2712
17265
10266
7080
16371
25722
34986
16422
28728
41007
19800
38220
16296
22848
32052
31866
12588
6117
11235
37158
30282
5529
30219
20517
17916
36537
2514
20550
16014
14004
17631
18726
2325
27897
38862
31752
11619
31848
6174
40347
1914
25974
7626
18210
6825
10734
21132
32469
29907
32370
27630
18189
8955
28905
9765
39930
23442
12279
18480
10512
39339
36114
297
41664
22011
39159
31416
4689
29010
8649
16092
1980
34623
23718
33246
12504
5508
12381
2976
35415
15807
1662
24663
24762
30567
34428
35748
25065
4707
12231
35577
15105
19401
35874
14769
12468
33036
17244
17157
33102
25893
4308
6138
18516
41082
39384
2079
4593
22821
5055
40008
38628
6717
35727
34449
37284
28155
28197
33405
3921
11484
26982
19026
30885
20859
4851
14412
24951
22095
2625
29109
19044
6933
35247
8619
6018
32631
10698
10611
13455
28809
21675
23139
35526
15405
15588
1866
14616
14844
35271
31593
39384
20253
8619
28272
12168
26529
13740
8175
19680
16365
37284
38727
23301
30531
18402
29319
21165
29100
10986
5676
15909
32661
41871
22491
19122
15462
24357
33741
1362
30684
23334
40746
21993
3012
40074
5220
597
11814
13395
20277
41238
8682
30060
22539
39213
6462
22914
31434
6618
4956
37110
35583
37617
36984
16074
27798
23502
11487
32595
37920
13227
13929
36666
35223
29997
5799
40443
1650
30669
11838
21930
29907
20520
23046
10446
30792
567
4416
20226
7185
9372
28395
13827
18048
36435
29901
3846
30993
12447
36441
26913
25674
21426
34635
31953
22482
40434
30396
24132
29106
13293
17118
17013
4869
11223
40518
35661
11790
15990
13890
32031
25365
285
3858
14469
7776
4818
18315
38769
30321
25812
23682
13995
5238
29373
17007
27720
27810
5403
22911
27972
31752
40029
2985
36624
9252
14559
30285
34098
30552
15231
24132
26973
28572
41046
41442
36348
16920
30813
33117
5241
14625
27855
32295
19863
15231
7302
18642
14097
25761
41553
69
15516
10638
16110
23196
19893
30672
11481
25047
32280
26715
7179
17253
26343
6228
29751
20694
36204
18564
24867
41448
33189
10725
31743
24108
39012
10101
750
11109
35862
13359
11178
22434
37056
27288
3630
28005
29016
15114
11052
32352
12885
18234
7605
10284
37518
8412
30978
31722
26976
13848
2226
31221
37629
5025
13332
5697
15126
27138
16806
8991
40500
41040
2481
35556
39384
6114
21561
26403
34284
3669
16755
5169
21903
37419
28509
30477
16887
17490
33258
1866
2394
35484
33087
11079
40512
17475
16776
26694
2616
4638
35685
14172
3678
38169
20784
1062
15339
13401
40521
7623
17070
28335
25848
38976
36810
12357
40509
11697
903
31767
13563
3297
38310
17709
27432
7878
35184
2208
34572
8856
6846
41316
23028
23580
8541
1812
24645
23880
15213
36222
31503
32286
22557
28407
318
17367
40764
40827
123
41670
1653
13686
16023
11019
2451
1458
18897
8694
3666
24525
17550
23571
23841
40581
5151
3438
393
852
27318
15609
8133
29877
18951
30690
16284
19269
19116
28107
31152
19239
27777
3861
3981
1800
14880
19491
16314
4833
28185
33039
29361
3735
14610
24258
2316
32817
27699
15768
4728
26073
2433
12861
13953
21384
14607
1293
40653
33723
29400
861
24018
28233
4725
41058
1092
32661
18549
17406
37497
4734
8445
37914
8469
36111
33228
23844
26931
18927
39612
31659
16059
45
2520
1068
34485
17127
2361
4194
21909
2820
5055
16983
2109
9780
16041
3201
13500
34590
20610
8997
39324
111
4911
18852
36225
38139
696
21156
28125
11364
23871
15240
24465
39447
16308
16950
27630
31725
21144
20595
5601
39255
37581
7713
20094
11622
10914
33594
4215
2580
13647
14595
2694
31614
33447
38919
40809
5199
31131
26934
16563
26058
174
12084
23505
29538
90
22191
19266
34290
789
24867
31548
38370
3636
9642
7992
14553
14292
25263
30189
27939
39861
32883
17553
2364
858
16362
7566
3045
14355
37185
29103
27585
20328
23664
15126
20418
3858
5448
12711
4647
1371
2259
1017
5010
24957
22065
32619
10305
18387
20808
38244
29304
24750
26853
31668
38664
1215
10290
12768
28626
18534
12927
14214
38862
36594
396
17280
40452
18900
29991
16155
20271
3306
30228
38337
41319
23349
28956
9624
41736
20823
5868
29040
3573
3777
31767
13293
18051
57
26061
4677
18591
38991
31947
28509
33585
3399
3792
3093
22299
4839
32304
13629
8148
33588
23022
7467
14937
23037
30150
27732
1860
7074
14772
18489
10854
17595
31782
28905
17655
28902
4638
7302
25893
36588
35814
30534
11043
10662
4683
4401
15501
8043
31086
36705
41631
12108
15231
14568
35145
3381
300
37005
23511
28131
13494
34365
3726
16335
34326
34437
3237
38967
12798
186
4611
19668
30720
15654
30330
6459
20055
16887
14502
9141
24651
14133
34308
39882
41757
27453
14319
13116
35517
37830
41247
7011
1254
16029
36402
35580
21525
39639
32547
34323
39825
8214
11991
41601
23871
13377
6060
14982
30264
20562
37182
12915
5751
29490
23853
5511
27999
9228
18627
21516
18117
30930
41586
19371
18015
35988
26007
39540
4686
29613
2919
15567
37827
27966
28227
19698
41343
34287
5739
29610
25908
921
13581
2715
1467
8493
8226
29466
17721
39909
22041
35838
41895
21627
26265
17913
28671
10275
28509
4413
10944
31431
19983
6771
30453
19266
39528
29799
11553
3267
30465
8517
17244
2046
24291
31767
23595
3573
32289
41319
1485
12330
6213
14436
5013
3537
3405
33687
26868
31917
38100
37812
34404
29139
2583
22857
6405
111
23712
31017
16434
12177
10590
4734
27282
34881
36501
8877
38457
26793
21252
10998
10179
27468
25434
15195
2061
28842
6882
28929
31815
16038
37797
24219
16236
11436
18132
22641
11550
41847
24714
41040
25080
35307
3777
10362
41244
40278
19242
37701
38127
40494
6699
6309
39018
3192
21504
41079
32034
41442
41064
21849
15480
36861
17124
31716
6300
6312
25416
30906
19215
8130
1002
2298
14493
4779
12660
13740
16116
2958
9441
12243
1455
29199
18552
11529
32391
40056
10611
35481
10554
22731
28386
26037
30651
16566
28809
8007
22878
25281
38913
13152
4470
39915
15450
18963
15753
28110
3759
31869
31071
26259
2112
3582
26514
33723
15111
29961
2835
38778
23442
13392
19512
22884
10485
8163
39450
10350
29226
33384
35634
26139
4536
11160
37110
33042
1179
23919
19155
4941
13788
21282
31200
28959
24864
15714
33738
11031
3675
36573
7812
40173
7965
40380
21057
31506
19599
31563
41859
6825
36003
6549
4020
11598
17709
12186
15696
18888
36108
5907
23829
20952
27189
26085
20967
23109
12855
12705
5199
29586
7281
13011
27759
28302
24447
19872
17811
2046
22491
17670
21927
29553
24219
25947
12207
41928
38133
27903
31872
3297
33813
13704
24252
19002
10845
16275
13170
23703
28983
18369
11289
36264
2436
10107
22566
26883
1035
11433
41985
23529
29103
21912
24138
24378
18915
36345
24306
28104
22248
27237
2460
14061
40941
26712
4122
22842
14043
30348
4545
1026
6717
28893
8346
22209
39000
1971
20148
40035
13404
20133
34620
510
13101
16758
37944
3072
11103
33309
31176
4410
18546
33636
31527
17487
31404
35649
40329
3450
37053
15933
17532
14826
2826
25881
37035
12882
27852
15183
10917
41256
6372
16596
12822
19473
33354
8769
22545
15516
78
24780
19926
18624
29472
9453
7167
31935
16161
18552
35385
11214
5541
23973
26043
8367
7854
34134
34305
6762
7320
16281
6021
13692
32877
31899
4224
37287
40668
26769
10803
11802
22605
30729
1482
10080
11241
8649
15
27402
40260
6456
38616
3801
30429
35715
25227
9342
27852
17532
16104
6228
33813
35181
19920
37746
25083
24144
33036
36807
21972
1839
19668
2577
3627
21150
25713
14868
858
25728
270
41118
3240
9942
15975
4728
3660
41202
14070
2568
29793
30174
8796
34662
36414
41772
30411
19497
23919
21447
27360
16947
23286
5028
19524
26913
26181
3240
12837
40095
24
13107
10269
3267
23052
26244
7995
39768
38505
35121
13392
26298
36351
22188
18960
30765
21960
7371
8262
16935
41874
35625
33882
36219
40653
24465
34188
37890
27705
5028
35985
40785
18135
4254
15108
12243
1557
36159
23067
40062
29280
36459
37416
23634
29703
14376
12399
9666
34806
33720
39657
5736
40401
31542
41955
10110
14007
34146
6003
12768
10230
13044
11553
28365
30357
39720
11667
31914
33879
34734
1032
21162
252
38448
2796
29955
23880
28251
10677
29742
19971
8337
35481
31428
10935
6492
41541
37998
11694
5544
8766
21924
31644
33375
21348
20001
31095
33015
22971
22977
38805
37059
15195
10113
33507
31047
40071
28446
17298
21804
29244
8328
1197
35781
39756
12132
276
39297
8130
25026
15897
29952
4953
18600
34386
39357
9657
36537
1428
32631
30570
40233
27690
3765
8349
32256
34812
19476
31758
23169
41280
19002
31497
480
12786
309
25668
26118
39609
4857
9144
26562
5865
27153
3162
11307
24510
12822
5847
25938
16509
7473
37230
2199
11241
16635
5511
17109
36111
8325
40278
6447
27330
831
19983
11172
1143
16710
37290
11808
21567
4434
38370
27432
31590
41535
38742
27156
25413
15645
11097
41922
23118
19383
15177
5415
36018
20691
22527
1185
29016
33861
20688
27402
5751
40674
38574
6894
15384
33864
31758
8007
9357
28128
6495
12003
40719
16293
39159
24132
31938
21312
37110
26115
40695
10290
31530
34713
2037
25113
6954
2109
16977
27645
29514
22728
26319
26088
678
12759
31011
32436
33822
40368
31620
40317
23427
1398
14613
20586
38586
17607
12957
33699
1722
11652
1989
33255
17424
17082
16368
24378
19191
4401
10023
6705
40185
7398
3852
40863
33213
34863
2355
25035
4287
5034
36411
27714
6432
9024
19356
16074
26631
32313
7773
28356
1968
22818
32667
32448
39900
7035
14826
17094
11439
37908
36855
22680
16362
40707
21546
20634
4626
36957
3669
8913
41991
40080
36627
19479
20160
13986
6612
4794
17355
27441
4206
19323
8262
36873
9771
19218
14964
37656
7368
39459
4620
15282
20142
20982
13989
41688
41616
18618
7701
16344
40587
20751
27480
35217
40230
18699
20259
4842
23493
37614
32286
40755
27996
11604
35628
8823
1878
8592
17535
22305
6054
22155
37587
26196
14196
22632
38940
26868
12306
17697
1212
10896
38448
41751
17169
36681
18450
8484
12579
12999
17154
15921
24810
16206
40581
18438
25032
13518
40086
567
35823
17196
35781
2466
14448
7977
38154
24444
34845
8463
144
7116
32415
38592
19923
20640
4329
9429
180
29967
35484
17334
3888
18294
33543
15528
7788
29631
29046
5874
1254
22869
36129
37035
38391
21633
16068
5601
4080
21972
27120
17280
144
17535
13872
20067
9231
31260
29496
9411
19227
36036
26748
36171
12330
31347
9699
20118
32034
38745
25992
33288
32670
33177
41382
117
12813
28506
5721
29949
8478
32841
5229
8622
21435
19101
41745
30666
21417
297
40080
11700
36333
37884
5874
6663
40287
28629
26781
30321
25377
23832
34665
29103
28065
5103
29223
40878
4668
6000
28827
13146
38841
34056
34827
18276
24216
5628
20001
16689
5928
31137
28392
13317
27021
34266
33039
38364
20895
30876
39741
17328
12708
3462
17490
11832
8568
17769
10710
13236
23769
10596
39438
20610
15708
3321
9945
10980
8952
29946
27672
27936
32139
14064
12309
17160
19386
3348
26580
11337
34227
37377
41724
17991
40839
17214
29823
20463
34983
11592
4755
16752
22188
15252
8418
8952
18573
31419
19935
40581
32421
18663
26517
22560
32727
9885
10776
23169
13233
8412
34506
5460
3789
34230
36510
2631
22500
24333
23094
15483
35925
40908
3291
29169
14160
24768
9180
32733
14187
29115
2373
17667
5778
41946
40227
9561
9831
22062
3786
23067
30474
38292
41583
34266
1581
36093
7953
24081
18429
31047
10623
25410
1011
13914
25638
15171
38682
34818
18963
23928
34989
21336
41595
11823
21282
10878
34440
31116
3996
38226
25239
34473
5574
24822
39795
20211
18918
5748
2295
8403
7851
25974
33813
8865
10944
30507
24036
7629
23325
999
2613
29370
35391
15264
12249
14676
26142
4689
16848
1197
13971
87
35670
19548
24909
33465
39759
1827
39213
13110
10230
5064
10140
15102
26985
21087
3609
9024
28716
39993
23079
2385
40419
29529
17649
10671
2205
14847
28416
32109
16044
390
32196
22770
32994
28161
14235
1809
29991
24504
27978
11277
627
38118
39435
27612
17205
1047
7692
16977
12096
1830
19362
10515
31359
8067
34242
4620
35973
20661
36729
23073
34107
39981
3846
38157
26142
31137
39966
14133
13644
25944
38469
27327
35121
35904
12939
10326
8007
33690
40362
20103
35520
30780
1677
37935
38850
6975
555
3879
27636
8340
26952
32799
6321
30798
28956
32463
32994
39981
17655
17694
36981
27180
3021
30102
21084
29016
11487
150
20706
9849
33309
27282
40629
34986
23217
8535
41964
23772
12414
40656
32112
39369
2514
9489
41223
2526
41955
32217
13563
30666
7911
8547
15846
10932
9705
7986
11007
34248
8136
31713
2097
41448
16998
13785
