15000
43149
2658
38331
5745
23379
25005
16158
1476
34947
19263
37086
30081
26070
15177
23289
26778
1620
10278
27516
2208
30633
1104
37701
19287
2346
19590
23586
30369
27201
39405
11787
44406
42066
24174
24207
39501
4179
40368
15033
39126
33687
7119
43263
14757
41352
40611
15594
42972
24945
43110
19239
10578
18273
11940
29868
20619
5586
27510
5988
6843
21915
17775
6252
18981
16008
4515
32538
20187
18939
2571
33372
26685
28746
31635
41442
25101
1302
31092
42129
26250
3261
35424
36828
21534
2364
40752
16209
7953
23262
22197
14796
180
14028
40104
38217
30036
18678
25758
24282
37617
2385
31710
19302
31134
37401
34803
30291
38706
39951
1476
19956
17268
36903
30840
12858
13323
26595
29067
40332
4857
25320
29187
24093
39351
24291
17313
43443
17025
17127
41781
28701
38568
28491
22059
43758
20895
30918
29049
33657
25872
4584
8613
17196
41487
13509
30057
9810
40104
14124
5145
19020
39447
8388
17169
7854
6735
8538
25353
23763
25665
22137
7464
38292
24684
29523
37050
579
34500
21102
8292
15372
44742
35961
32568
41229
4473
36681
25095
44577
5808
4296
37653
19311
12684
9825
1221
19422
18363
26574
43185
18087
3711
24705
11379
2454
28284
3429
3033
17784
43587
11328
7212
43329
2289
13839
13614
25818
5520
38712
44454
30384
17064
37107
23751
29751
20988
24972
23229
13410
6549
40470
31497
29316
20175
16932
31770
22515
39417
8862
14358
38007
39246
40626
10392
15591
28521
43065
41412
34044
10833
40866
38484
27897
7029
17238
31704
28020
16266
9933
41430
22815
5403
1983
26190
44634
18915
12960
41208
13332
40878
10566
25395
35124
25248
9846
24774
8772
7911
21186
16872
37800
36108
10356
20697
43137
1650
7404
213
17919
36393
41643
14790
41799
17682
40980
15489
36597
8943
11697
23988
23877
41319
23439
14004
21570
33285
38778
4398
15252
34020
21270
8052
25128
31626
2808
42321
7335
29268
42537
25254
20661
13236
40044
36516
4977
36027
7008
15630
19026
37761
39618
42903
8139
37116
30963
3765
44457
43797
8163
14712
32817
29433
41820
32001
35115
18684
3381
42450
2952
19974
41760
42672
7266
36807
34188
12243
1890
15252
27876
20916
8016
41550
37875
16155
33666
42897
19920
33126
41694
2139
21894
3570
31572
37770
9627
40743
11457
13008
38196
33465
32982
9012
31137
14307
819
20328
26550
21765
35580
9426
16737
17652
5979
9615
7863
13701
7512
1839
20883
23262
3978
42777
26832
9606
9606
10518
5352
21063
23526
17604
28584
30567
26616
14724
44874
1494
9108
26424
23259
18744
9909
39999
36399
34944
23670
44262
22701
5238
1104
43587
28500
24138
41364
29391
33747
5970
39909
39099
1089
37491
30759
29676
23058
12375
18456
41988
32925
27564
42471
11187
1308
7380
25242
11763
16380
3912
30084
39081
9150
5244
37668
11706
29382
8091
41097
18129
33117
36006
31284
34209
28500
17043
37941
25614
3477
30453
22605
36402
13017
20076
21645
33381
1512
1887
147
17892
24855
4287
31029
34005
9531
23700
714
38913
5847
15867
31101
38964
6876
17385
2229
9432
8487
40170
35046
31020
25623
31707
41478
12696
6783
18126
1080
27351
39069
20283
243
18927
24570
31275
26988
34101
29031
27702
2070
34878
43572
33171
28842
24504
24615
31074
33936
7158
300
43038
38178
44982
29748
34656
31734
10587
26838
6870
37941
20910
27153
12240
13893
25779
17571
40881
33936
20658
42642
10065
10536
15270
43236
13437
13830
41907
18567
21822
4065
37923
19860
16299
11961
23664
25014
43698
8310
6852
5568
1251
1818
6780
32547
15711
6615
24177
30651
40554
44835
2349
5619
10374
17619
22911
42867
31449
19821
16434
8271
42942
28413
2187
33300
40377
25854
13314
39075
34164
39222
18699
9471
41043
25479
16074
30810
32097
40251
35517
1707
40089
37866
26382
24519
29541
4293
22386
35046
43170
12876
17373
15171
15345
19563
3471
10722
19473
35841
23853
27693
30063
16611
11220
162
42090
27294
30975
3243
22548
40548
24006
36693
33417
5388
16212
37014
28740
12654
27063
26910
44586
44436
16137
14931
38055
19608
44712
12528
10449
42621
14277
14571
14232
25497
14733
30381
26850
708
7680
23454
15315
31689
15147
3732
11133
5415
14802
39873
37125
41865
40842
10767
41304
11979
44754
8415
5646
44466
20946
35151
42090
9279
4722
30378
34779
19458
15759
16629
39222
23442
14139
9537
10131
29286
32325
21264
8757
2130
35196
882
18051
31038
30705
33411
17073
30459
41829
22719
3984
17775
12873
20130
27054
36651
5508
35889
30165
21270
26574
24390
44712
40713
7983
28899
44055
14367
24219
7812
35553
14415
27750
8604
19509
13455
42018
36585
43917
38847
33360
2901
30678
20289
23031
31788
11943
2595
22680
42108
23865
23310
40554
42633
19026
22596
588
37137
36963
24810
44952
27516
13281
27702
36120
6849
15216
7194
17490
33189
1041
5850
36090
31719
26142
33177
37566
12141
35772
15246
28305
33696
12612
23862
31329
5694
1458
31920
42834
12477
30786
42786
14049
18123
44544
5169
24972
33816
12366
42462
22005
32463
22371
13095
38241
3513
20328
30807
15654
11103
20109
43959
44799
32721
41877
5184
38418
17391
11160
36252
3924
16002
8094
17973
34128
26694
23145
33156
15513
9567
4677
37518
42030
27048
24672
9327
4617
0
40134
39327
30159
15243
12342
4014
2967
28278
9201
15441
669
20361
6693
4596
36366
33843
41625
44550
15537
19770
6762
31050
3393
11439
23571
19482
12543
3243
28809
17160
22299
23946
30543
7461
13245
42888
11475
16212
26166
20676
31653
891
15096
12402
24543
25518
1245
21171
44124
16785
14997
5886
21891
37449
17328
462
11931
3927
22761
14796
40146
63
12798
25689
26580
26046
42633
38055
42258
42855
32790
2970
43749
21942
34428
42348
2460
35676
37575
1584
26517
7575
7470
3408
19080
43854
22929
31011
2784
19746
19863
42930
38865
32664
42675
20445
13710
40311
32559
30024
38166
20349
7050
10971
42291
41481
27378
18807
6213
19953
39447
32730
1584
1917
10194
20664
19830
7179
25731
41670
26928
597
13656
20793
33261
11331
15297
1971
25698
2856
6051
37923
23205
13104
3894
39552
9585
5328
32415
15798
25284
26862
22584
924
28779
6834
21591
22665
14016
2322
19335
15000
21975
32991
9849
10236
18381
25146
31263
44079
28002
37317
37002
25263
24477
14955
38871
34062
20283
26286
23916
19623
8148
20556
20550
10986
1446
16197
33651
15462
18519
27045
4518
14553
34092
14370
24789
7473
39516
30111
25611
41577
41484
17613
21840
20961
32568
34770
10023
26910
16056
7995
1533
24207
28551
22083
9249
4053
12336
42900
19518
4914
44001
43092
19467
33096
12462
18312
14625
26037
3423
40236
22614
44907
31908
18510
20868
38532
8280
4947
20442
43395
12942
21978
41658
15549
18117
5907
19605
30456
22863
13179
35370
21867
30327
28893
29019
42792
2205
43644
42885
5631
12939
20499
24594
44847
13065
465
38379
40404
24468
32880
38799
11469
9858
9513
1074
2031
15420
39735
6543
38283
26970
15969
15150
12300
44862
18225
10092
21126
16872
7977
26757
3867
2532
25407
3714
34653
44928
16149
30057
24399
4029
42912
35868
32943
7425
10998
9033
41901
5736
15576
35187
32706
5604
24393
6
24522
42621
29154
648
33549
37131
1461
37416
13719
26871
15186
3375
26799
5391
7488
25254
9423
24459
35178
16422
5940
1179
25455
2844
6915
15090
12087
13677
20694
36480
13686
19272
8157
42840
19923
41706
9030
40440
8178
22749
41367
42420
26124
23169
2814
7671
22479
31293
32130
12660
2715
38070
13839
28173
40914
39810
43263
8001
8487
38013
18540
41229
12285
26697
39072
6264
42462
22158
1707
24696
44907
17130
22119
90
40299
43989
7761
36837
30282
13947
4497
7053
7017
37392
35226
21990
6258
7545
4047
14745
558
41643
30033
31902
42399
43161
38166
39861
20319
13929
19557
20226
31062
15732
39372
417
33777
21189
37254
19059
35136
15807
26115
16212
8199
35397
38202
14457
42945
16305
3261
17559
32007
7350
4461
29406
5511
16686
24267
25830
30615
17880
20112
35733
7671
14487
10209
41448
35676
2463
34566
25815
37329
34737
16083
19584
25134
28341
8100
42135
44646
11361
14697
31653
37767
19158
16059
43278
35844
14382
24108
40518
6321
18276
31251
13992
32763
41460
10440
42498
17982
19062
42369
10311
8799
13452
3951
33936
41793
12051
5127
15495
42468
19824
21207
35235
38985
37266
33513
3885
25707
31677
44403
32028
4956
4713
1020
11775
20229
30516
9273
12267
4581
25698
41634
32436
39150
588
21372
9999
12639
558
25497
10110
20382
1704
345
33423
13026
7917
37311
12789
39594
10770
44817
18606
34539
19893
30384
9771
5412
13713
22038
29049
39414
18675
16485
7620
19263
11916
36678
31902
12474
17175
16068
32856
37935
16416
40338
25017
24333
32649
37809
37983
17475
37626
30648
7017
12522
16032
16788
36990
3801
12882
21039
17271
31557
11580
43950
24876
23496
35628
30837
35970
26859
1905
42885
19794
18321
38223
44811
16710
44928
37620
28752
17403
30249
14400
43476
16827
4488
34320
8817
8289
2205
3912
44619
7818
15492
43569
6753
13047
8253
37590
4017
35112
39495
20958
9906
31875
33237
28773
22641
7221
40452
6393
43683
44757
20793
42159
16584
25281
31482
44457
7629
7743
3369
26304
15561
37917
43929
22314
5964
7182
33960
29040
42294
28458
24054
26256
34389
12294
29085
12030
19515
24537
18426
18198
24294
13275
34416
14934
38559
20898
14391
20244
28641
36816
1548
18258
29736
477
14631
35700
7659
3591
38796
24009
6105
17853
24321
40494
30147
27462
26583
23718
7002
9
15975
5352
13284
5391
20289
25899
345
34680
1143
3042
555
2691
21300
30291
22224
9987
40047
3939
32637
7902
27948
38742
25755
26325
8295
29958
8790
34878
8676
34848
34887
43707
14256
22227
4098
34545
22185
23499
43284
23328
26541
43839
78
21900
3186
41358
31887
17289
300
19524
25191
28248
32325
5946
28632
40620
9960
11478
4554
37695
20382
13497
36402
34638
35724
14559
24186
12909
38058
41526
10296
19602
14421
29430
41502
17607
25788
2445
8952
26088
21972
34146
28395
28353
14148
31083
43029
24111
42561
2583
16806
17943
16080
27264
26637
25860
41823
24879
38772
34884
21405
23124
9486
35826
26610
5988
27489
7398
8433
10500
7545
4461
18702
9996
6870
32850
41079
4899
31017
38640
7482
21879
30639
23562
4146
31332
4425
969
11214
17253
35853
32619
14433
19395
42504
41043
44439
44049
22497
26931
28605
30042
31392
2307
40038
12321
9216
10173
17220
40233
22869
43761
36171
8508
41379
40317
39843
19860
15342
25113
37113
25254
31788
25602
44649
29292
40701
44091
2400
18201
26022
31005
22299
31470
7371
36396
17847
16587
1569
35070
30876
24441
7887
22047
7005
4266
36420
20904
24129
6765
1017
35298
6075
32808
34959
24780
36156
30660
23871
12612
3861
23949
43620
26163
29478
5991
36615
21381
41634
38184
30507
27510
36681
38394
4560
43689
42663
40980
38649
40848
21801
39669
31146
27876
1533
21105
7659
37689
25824
5586
5304
29685
3594
22980
29904
7128
3027
21519
28509
44661
33762
14019
27171
25443
26469
5787
43188
24132
20826
36840
39036
42627
5565
44241
44562
7098
39402
26277
18843
20226
5919
43203
4914
9513
40239
8874
35697
43266
4452
38265
16983
12270
26340
18213
11769
7809
24000
9960
6000
44826
20856
36
16512
26421
44277
16074
7575
38682
42351
474
13908
3270
43680
37878
31842
38919
20811
41595
11244
25263
34860
28227
11589
16200
20496
23358
24012
44499
7374
4068
18381
28230
4104
34893
28707
3384
25023
10338
16122
22374
10815
30030
44703
9495
41967
5601
22470
17778
2196
33714
17097
11115
36000
28686
1371
11496
7044
25383
30051
14421
3507
22491
16707
7614
12384
417
30054
37410
10755
1176
33840
40626
5262
7599
5121
2229
13200
1650
39063
34455
35364
11160
570
420
13902
1941
30975
20949
1383
35082
9426
4890
12573
189
31560
24960
19662
16614
36426
4476
17790
25266
102
23055
6924
24282
44340
20124
25932
38406
28635
35352
4566
3261
35775
18471
5205
40806
13476
25644
30888
41958
4590
17520
42147
36153
16536
35868
7767
7962
40344
44616
7284
40446
22671
33264
19728
22011
8391
660
15417
11082
36015
39042
14346
846
31569
38607
15708
45
19251
20652
16059
42897
38172
32262
34050
9708
23130
15876
36726
18474
15492
18069
13923
38163
6333
7707
34230
33780
8370
23706
44865
18441
17748
33267
38343
4317
26874
9051
23418
1125
29703
13533
44022
41934
795
7131
25698
23928
23007
36483
42402
38499
28608
30381
5718
8997
38091
39948
42780
20517
37710
16701
38958
10458
24024
32301
33831
5898
15408
31305
26079
111
44838
44157
16101
636
6288
41802
43620
3351
33285
41022
41850
16893
26406
21624
25890
38553
16575
42726
14070
28341
33483
8028
38802
12507
14385
1689
18405
29793
7053
18540
3960
6891
17700
20064
26583
23988
35922
25203
27342
24207
40284
43248
15156
40746
19875
41046
34299
10506
12831
3369
38847
20370
30453
6705
32880
44838
8397
25341
3687
34506
43884
7647
41397
16584
1767
42039
14628
37689
41298
41970
35952
36582
14277
6108
32328
34152
21213
21627
18714
8100
44052
31617
28470
29505
38325
16350
29343
20778
15750
7086
10284
14634
33792
25737
5274
35559
41832
19902
2307
38133
35931
12315
3771
5208
18426
36102
13416
13695
31785
32130
21795
4896
18747
24321
34401
31128
40674
37803
6906
30480
44889
36246
114
33681
36042
5388
43299
32874
25290
19662
26007
16221
31977
29781
40485
5403
39939
8901
38154
780
15087
34005
5676
7893
13329
14136
39021
28059
6939
19986
13539
25884
30288
13653
14568
21330
38097
31923
9207
37443
6585
9270
8667
38562
13107
23208
18024
8046
32112
11178
27885
2199
19242
33561
10092
32571
21753
23172
15630
28692
17214
29169
9579
2502
16878
43203
23835
9975
4182
7098
2418
10767
16368
30141
23385
29478
8352
41409
11580
14520
26646
39465
16719
19944
2085
870
7515
23838
43098
42201
26589
15312
26370
10224
36870
17304
27483
15705
27279
31665
22803
3753
42432
13230
7953
39873
16764
16305
10341
28344
30825
11043
41868
21600
30987
43953
41526
38502
41847
13680
35703
42492
28992
36129
7716
20865
8433
35199
10626
9768
40920
7488
32577
12408
39774
40530
7284
11538
30891
17625
39882
35772
28668
36750
12375
14655
9759
27957
27213
25665
41640
36972
23157
44688
28101
4932
39609
10590
14187
5238
20358
10110
31782
7935
41574
26556
22524
3858
38094
8415
40539
7032
44190
43263
17841
30621
31974
27600
32634
14187
27321
29274
6159
24537
3021
8316
3525
42630
18906
17712
21924
13320
1878
8706
21258
43455
9318
17838
21369
2412
26253
16911
28503
44499
34230
1344
4176
21207
3000
36813
9450
30324
40143
34668
9861
43164
42984
13386
14853
35949
5154
36777
4269
7035
19542
44583
24546
2916
17421
19971
24387
17733
36882
7890
17232
171
9234
21411
21378
12234
32280
4884
42558
27423
39552
26475
44646
11595
13917
14499
2544
19074
25332
25869
165
18930
25455
43767
21849
16932
18738
1236
34665
29679
9126
6900
29850
18360
2367
25284
4650
34647
30168
2211
36126
24723
2742
35772
10374
16662
24327
31974
9792
4662
12843
9957
42648
12354
27780
19497
29289
1518
39789
18954
31197
3915
44910
35103
41331
21333
15387
984
30036
558
22251
21165
44337
44049
11937
28767
15711
36267
15741
44559
14985
2640
28572
12633
14997
11352
32133
18342
31929
978
11352
18126
4896
30321
27288
20283
6654
42675
40323
36693
17289
36630
12858
35682
35682
43851
38505
25449
9174
9246
25011
24159
30945
27639
10851
942
38994
17040
38340
25923
18018
4692
18105
22914
9069
393
17256
15726
17127
31635
26475
8472
23268
13389
18213
33006
12240
11718
13455
40473
20967
12522
19632
25968
40164
30483
26910
8214
2523
39306
34137
20544
18054
26298
17514
27126
750
8826
42852
17877
40464
43383
405
37788
11772
18618
25794
43068
30339
13305
38541
25362
44886
32232
6330
14106
36771
7296
22320
13353
20658
30513
33897
38712
30867
25467
20838
31617
8352
37746
23550
3816
36129
23958
41604
21957
42576
41454
20028
1971
9759
32625
1389
9645
19857
26775
42807
11631
8127
20127
44040
28785
24696
6993
22500
10566
32460
43338
16239
14868
36087
39792
18684
1272
18750
34344
23232
35382
4854
17316
11412
14616
4941
12801
43317
43857
39579
41127
29544
21762
35310
28584
5550
34065
35577
28050
18687
42093
444
34926
11964
36531
29718
4704
11862
22524
13107
35094
12909
17961
7410
24321
6633
31407
11178
24009
4320
24813
39192
33864
1578
3558
17448
7128
37623
27081
9234
30366
24177
9678
20295
10197
1212
24069
14901
13074
1596
2064
22224
33561
20028
3690
12882
717
9153
43116
24726
13476
22932
18918
2340
43566
22479
38847
5694
34158
39984
14928
19527
19161
24606
13878
3414
44874
37947
37374
32004
39543
39438
28284
2160
33522
31974
15042
34242
15186
32217
13968
28662
29205
6945
31002
27771
3480
43905
7521
37638
38892
22449
12165
32109
21111
99
35526
40044
38049
27900
1104
6648
22338
3447
8811
10863
9477
42909
19161
24663
30126
33129
8325
14331
14130
13386
16158
17610
12291
23679
10251
6183
20184
41472
12351
41298
41574
2877
10398
8679
30777
30558
15327
27171
34005
24138
12090
43485
41106
31251
23148
288
38439
31476
14622
7569
18918
30780
25182
31209
28518
9489
11451
3702
25017
23802
19056
40647
26679
29454
4326
31512
15015
38712
32739
23076
36906
44832
21561
33012
31083
18768
33303
43578
5244
21981
6150
24162
26817
5388
29427
10335
33933
40878
14040
33006
38736
33096
28656
39471
36609
7038
25983
25680
750
32781
3756
37659
32613
25320
25671
37752
18144
33030
36333
42444
10011
16539
40662
36831
40983
25089
21222
3972
40026
35262
36978
33762
42417
20634
2292
34026
27675
2331
14706
2481
35112
18462
40140
22725
17838
39870
15480
35982
27900
25869
33426
11970
16464
29088
22857
12447
28236
44079
35475
23262
34344
27453
31080
31761
22146
33372
20787
23877
35706
9549
26358
25818
28011
21501
22602
19908
35427
12138
10890
18327
38007
18375
4353
9471
21519
27210
40974
4755
26292
31449
28017
34692
32958
33156
40509
10104
21528
16296
33981
31290
44901
34398
12111
27912
10899
34713
21876
20382
1851
6825
12765
13914
25200
17121
42441
1719
44331
12471
6477
44679
17976
8550
34371
5934
41706
29880
16041
37293
20232
24078
23583
20133
13476
35694
22104
43431
44463
43980
18813
20370
24861
5637
8340
5061
22758
24837
25839
22089
37308
6372
40827
10284
14922
30198
35277
30687
15081
25374
22980
35313
4452
20619
29505
36987
30372
6609
9474
29835
24645
2346
24264
4509
7983
32604
28626
30741
31500
9465
26886
23808
34893
22713
8151
23874
7914
43428
9561
42051
23802
6597
6420
2310
27216
9981
13353
12588
35646
22830
16482
15294
25176
40746
38859
33159
2406
41541
37956
7962
25065
19842
31773
14958
16614
13980
38832
43584
31464
22449
40635
10266
3102
21111
31632
30321
31095
44988
16965
21741
22818
33447
11091
22050
3249
24006
10209
24714
20550
3165
32676
615
42063
38505
15573
32733
7485
28464
31317
38949
24969
1008
23271
28074
41178
9906
13395
27273
28950
30360
23070
25824
37866
34164
2874
15171
13170
13083
39885
33720
35304
1620
8391
6423
40125
43023
39159
21669
26487
44532
34674
6456
19599
12948
34530
15777
41910
21981
43050
44916
26400
21120
25740
38322
29340
28614
8493
42513
41697
22437
5289
6057
24057
13683
31536
38238
30762
44751
14907
12249
44286
4584
37761
18885
36588
1350
34662
33498
42387
6768
33414
23787
27888
14154
36165
31287
16824
44661
28800
13521
41154
8145
38634
20211
40884
25170
32505
26646
24924
2415
12951
43266
26055
24771
36207
17643
26121
25869
25197
23508
32637
32667
21354
34581
1821
12519
20868
18645
31236
23724
6222
27390
5928
18912
21657
20868
18138
9165
2517
17118
30636
34524
15384
11691
14295
6591
3390
40416
6516
28587
37983
13209
16254
33393
21849
37131
19968
16773
29832
6207
14556
10110
7653
20484
3078
3369
41352
21216
31590
17925
38337
36282
7452
27777
2973
21747
8427
25419
36222
14943
9006
29205
2211
44316
17598
24060
10503
11622
40833
40335
17829
29445
24501
44541
4929
27579
21966
20340
22851
27612
12321
16188
18894
19773
18024
21867
15579
26451
2286
6801
15450
30348
10062
17661
3720
1716
15777
14223
13338
30669
28614
5226
15114
8115
4767
20046
9750
789
14442
32601
28401
26763
22848
2295
20595
40872
43218
36174
22323
19560
42975
37773
23964
8037
29493
27684
9753
270
41907
23091
30939
44577
2373
1056
26748
26196
40158
36498
26985
9600
43155
29442
10419
21003
31737
31014
35931
4011
22188
13254
23571
39219
25086
2535
21312
9579
4275
5121
28905
20238
28215
14847
19815
4644
34959
20619
30843
30117
12117
12828
13773
29331
42273
24192
24390
3066
29265
15324
7080
6453
28578
4707
19731
27720
7245
41043
37299
30576
1167
21207
5817
3438
10110
44688
8082
69
20310
38925
4242
6483
25812
18015
35814
23085
16263
15207
207
528
30531
7287
26040
33165
11997
771
15888
38298
41814
27243
23874
17037
22506
3747
20475
6672
3438
2616
6741
23748
41541
10983
30231
22353
3054
21048
19494
19320
10311
19704
19848
14898
1047
888
3063
13044
20715
38007
25398
36588
20253
23331
8625
16815
27078
3159
23490
30516
5775
4287
9264
2316
34329
13554
43728
37383
8658
37278
11703
18969
11982
5610
33867
32088
25554
10986
19188
1272
3996
44589
37860
43305
22920
20541
34176
24054
23700
12666
28629
29475
36012
11949
5850
25341
25503
23634
17724
34161
15912
3486
27186
1953
9096
16053
34041
8706
1098
8229
9978
24150
26874
21894
41511
23850
16494
30687
2907
40194
17412
31536
43728
8424
17541
23634
33765
43047
21324
6489
32208
11292
29031
33453
13245
38127
23562
21342
1836
24660
3630
30870
3810
30504
26823
321
28413
43317
5067
31320
12567
22479
36912
30351
4959
9453
28041
38724
26556
4365
19269
32823
34716
3303
21276
22017
15486
44838
43362
36378
43557
21048
41307
2367
6552
23130
21747
34965
40503
870
40341
27126
23349
6309
31536
2364
34821
33633
41088
35433
12057
34413
23256
1773
11772
18588
23790
27261
18429
41208
37695
16986
17256
34002
38409
42867
31188
34212
6888
26691
35082
21288
27876
32487
27597
33468
34851
36474
22101
4995
966
34158
39411
24222
35931
6183
42813
14724
7500
35298
29988
198
26340
2247
34200
38805
114
20391
28020
7002
21138
37158
28290
23070
24648
29946
11538
33555
40476
33642
38553
41442
41856
7020
39723
32790
32259
11592
21570
39762
1890
6558
14016
2286
27861
3216
41091
27975
42663
43167
34980
37860
35328
37326
15930
14976
22272
1527
22587
36807
9225
16140
33249
6081
23160
27972
12927
10422
39564
34497
24240
15510
15114
38256
17796
42975
15528
32946
25953
13194
31113
34989
25110
21441
1371
15096
10473
42702
16623
33063
34509
25848
23259
41814
5988
20478
24789
18915
4956
38409
27471
29196
27978
42585
41508
774
40560
12036
7776
40569
44286
38892
4614
24396
34389
25044
39495
18921
22746
30174
6984
31311
30081
4299
28125
36069
24777
26970
9984
29733
39438
37455
32985
22416
9096
29493
42246
23715
15588
5025
19284
14874
43917
42957
13329
7362
23001
26880
26283
19803
31110
7323
6114
16191
11625
34239
7260
10458
35268
36303
40194
29706
2814
2235
7122
30969
5787
4368
9684
21375
9393
3024
10305
27366
20037
42690
34731
43038
24570
35070
17841
29739
42396
43011
930
9021
32253
27249
19479
22521
37608
33729
7227
14478
35967
33405
447
41754
37773
10131
37185
2169
32214
2490
3591
7251
19239
38322
24348
17865
28395
16245
2604
44847
14259
3537
8868
20568
4842
2403
17145
42450
10191
43428
11928
20214
31833
12378
36024
24606
41565
28209
831
28779
4755
4425
36033
23994
16803
15381
15918
19254
31626
18522
19101
19941
22059
27969
40509
26901
4431
12654
43407
33678
11082
10338
8892
42915
41772
44916
41580
38337
2181
42411
41175
25992
20892
32208
24045
37698
21645
39963
11952
27327
13485
31056
2271
9603
33081
42780
10560
11568
29493
8970
246
40575
38364
9138
12549
35136
28110
9129
28473
4347
25596
24648
4398
1491
30912
28443
39189
26613
42462
25197
8943
30003
11253
30270
39606
18393
2106
24225
29961
31599
33195
30210
1233
615
13404
32838
35751
15573
41967
38280
38976
41619
36987
43374
43110
22899
873
11355
23571
17391
10611
6570
2397
21864
36840
16059
14313
13002
40284
44277
18660
2535
3543
38949
3150
36003
26787
12957
6576
42810
6240
19611
39429
43227
37041
11598
40182
37917
42009
37809
29364
7620
44379
31761
3543
10275
2823
17856
42336
17163
36189
15996
19701
39732
9945
41907
30738
36732
9867
11370
34542
35163
30981
3027
33390
23025
14625
2628
34998
30693
40440
19362
38313
13875
6126
15912
43209
28005
33771
40545
168
44016
11541
38925
38751
40542
35835
24489
32274
19758
35859
40872
9921
21843
43899
17367
18924
32583
39051
8922
18276
8547
28284
30645
22425
8466
20616
39690
36471
28443
35235
10698
27459
1776
4623
21210
16374
14514
19755
3648
34272
10617
18576
18249
6516
36531
35616
44496
24114
3726
8418
16446
12273
10758
21150
8754
19227
41766
3444
29754
44265
12735
40452
26724
33567
19134
2937
4941
33648
22692
27645
41979
7365
1221
15228
32937
37755
24903
32433
35925
2685
14907
26430
14958
25668
21636
42771
18951
37458
20271
3705
36723
33009
18216
18447
21576
37350
40440
26520
54
37191
9165
42033
18612
29445
31320
6552
22200
30279
13041
32181
32964
27951
13611
2922
8619
9303
19749
27570
1761
40023
5331
38484
2088
42603
30990
23664
9009
26430
24240
9066
37677
33408
25155
11292
36909
30531
36900
33165
15810
4941
20346
3774
32892
8016
25755
41511
17319
504
43137
19083
14583
22527
12567
16671
20130
43557
40338
3198
44046
38634
12264
36723
1098
11475
22071
38007
42009
13971
26172
31875
18915
1521
35652
6807
28593
16407
22377
912
35967
39570
19995
5553
36153
6621
22224
11286
24234
36618
14484
23280
30255
804
34062
31353
31335
11133
24363
2400
25107
5535
34278
18078
26112
43986
24885
9705
15393
21318
10620
6360
34947
4671
30969
26100
30348
8196
11442
9585
18870
25926
6921
4125
786
15039
9537
6180
231
33900
8580
25338
13491
16914
17472
13662
15900
16413
23367
31293
37734
8043
11712
1737
31773
42681
27837
17121
24933
39282
762
43806
39264
26742
21987
14109
15837
31524
20289
16068
39480
2925
15462
27030
19842
32934
40692
35742
4350
19059
41094
16140
1161
26862
17877
32934
43599
714
24111
23535
14052
43932
41397
8319
25674
18384
41484
41511
23967
16773
31638
18447
38754
2100
477
13596
35037
41169
23397
39387
34287
19491
10527
35448
20409
2460
42438
19008
3174
21549
16599
36285
20481
12996
18660
20211
5439
15144
35781
29406
5973
22419
21909
44727
43575
22389
13326
33612
37614
10779
2055
957
4326
31638
10461
24735
34098
7899
43743
11331
3507
15345
2616
43044
2397
21276
37314
7836
36420
28095
37242
42393
24570
33210
16176
23145
10599
3558
30816
22269
14337
32871
42285
18663
19512
7746
17454
27666
34704
35256
38997
12267
24657
41613
29367
27054
36945
21681
8949
28365
23832
20247
44814
3402
8457
35049
606
38112
38607
31422
15384
7947
38349
12669
666
31917
39471
37179
14586
29175
27435
27639
15498
7092
43311
44868
8202
35256
21549
17151
37680
19440
37401
11550
41898
858
1599
42504
38973
40209
2982
28413
22212
41334
15138
41934
28251
28665
34113
42837
31899
35604
25479
2397
16752
42846
2265
24957
33102
42873
16164
25782
17313
27621
11391
33267
28482
12990
30774
41511
27255
7812
43980
4467
4146
33174
20460
32400
16839
9573
4293
3738
19236
3828
6138
35988
1674
27459
35001
8835
25332
6168
8673
16701
33789
20064
24027
36327
33057
28857
6894
34368
36669
5874
12894
40818
39048
33354
2274
29946
16983
25623
33684
36219
29454
13878
27210
5184
41340
17211
14019
40728
42435
22695
31488
31227
42759
10515
41610
4872
39372
3507
13299
31041
9381
26193
915
22488
14547
3189
7434
31530
2871
15174
41808
32325
29055
43074
37509
25395
34341
25587
21123
31779
3282
7611
37062
20097
37182
33672
44028
31554
11235
12327
36654
39675
12576
37569
17163
27123
14817
43653
32709
17688
13827
3573
24069
42882
1647
35634
42333
35991
35277
18459
22770
38559
126
33888
32715
11367
41616
5799
42921
7854
37182
8631
2529
4758
20259
38748
5937
35076
37401
38646
26820
25284
42222
24945
23169
17925
34635
20502
8916
24915
13017
5742
37530
32202
39630
25245
43569
10305
5100
15546
18159
42282
24180
20688
21096
44439
14436
27033
8571
25893
20682
9447
6177
36960
8448
3402
9885
43083
42963
37860
22998
30036
17658
15531
17238
31347
14832
34863
41652
19935
24468
14811
36273
3648
9555
12372
22143
43047
13461
4770
23940
34143
33273
4173
159
41721
7578
29103
39804
5541
41019
36861
9633
13677
7392
930
24
41280
35793
15732
35271
15261
4599
26547
37965
14154
12975
34164
12201
26436
38934
10197
34638
27207
14373
8853
42984
41007
12012
37791
20604
8031
29652
30237
40767
11100
31167
14847
7380
41019
30582
42654
30336
35181
43257
42360
4338
30288
31524
35595
30780
44517
19851
20418
780
34224
3330
43767
4287
15342
10614
24891
23376
14322
29184
19143
25422
15354
33990
6858
30429
38628
23568
15765
28812
40881
32181
7206
225
18708
16857
31008
37281
36708
25482
38061
25932
28812
36828
30219
44157
21498
29166
41589
35820
13353
34788
35298
2763
42834
16215
33192
36465
39783
23013
39333
9723
10197
1539
9948
2961
18396
15012
40242
29163
40497
33303
10095
43365
44190
14373
16578
20688
17595
13167
11511
30948
22011
1809
7767
19848
18024
15015
30369
31866
38031
43758
15645
22284
19353
44649
25245
37749
14664
20487
40968
29217
27846
6066
27582
27036
39495
44163
2727
31146
31386
14238
36153
8400
35103
43920
2304
27186
13938
6729
33108
26025
5487
22809
3309
24840
22458
28554
36645
11178
23097
32616
40395
5943
12738
22980
32982
26289
22143
9765
12435
8529
43059
3588
35985
33162
21567
38289
34404
35505
19074
41568
16530
24561
19377
38895
4401
41838
22449
41049
8016
19602
2721
3414
25545
15459
450
13527
41748
41649
23292
9183
24234
40407
31830
15222
28572
8397
27567
37032
43902
1644
33603
34488
26205
7980
28383
4665
23874
24888
19770
31893
44490
22491
9363
44091
37950
28869
31677
8754
25518
29025
36993
4752
24435
23823
39030
8007
32220
21600
19095
5178
42300
7698
13722
23505
15681
16161
2226
13611
41049
21996
504
14595
44487
28923
13689
11493
12792
366
20247
38310
3447
12243
17121
27882
36066
11151
9945
42345
32751
29043
21579
30051
36741
35304
27615
26478
6465
29841
40092
21573
25896
14652
36168
25383
17634
23913
10935
30426
43335
31182
42795
1785
17481
14916
29667
27606
26067
39615
24951
32877
23658
1530
36984
34455
10890
38655
34992
17358
42555
4140
38931
23451
18792
4155
22890
36426
2127
33825
40911
462
39066
38706
21303
11547
27678
5973
39153
27801
19644
38160
15678
17358
13749
26721
6813
24639
20376
15861
16053
36987
20001
29040
15438
38796
33198
38331
4278
9381
1212
189
9843
40278
12951
5205
25884
40629
30234
39093
23433
4878
6312
13167
22236
20061
39888
3105
18756
34323
38025
34812
26310
13026
18852
41751
6822
26106
9138
30159
35487
10350
30348
19389
24687
17358
24594
5571
12987
9828
44664
36420
33762
5976
4590
30054
93
18534
7215
18852
7857
240
27720
8226
13269
20628
4977
39147
20793
33171
24306
11280
17577
28713
4725
42264
1071
29319
2835
33114
13203
21558
43593
1965
1590
22239
32019
1686
40773
39237
39594
22689
39477
41370
30915
7746
16998
9948
20952
37791
43119
258
23130
34752
3027
27855
32019
23154
31233
8910
11271
44436
4524
9864
1404
6117
32103
7479
26859
1932
20772
21453
43677
15252
36879
29592
42054
8877
13596
18006
20727
30771
37323
43857
20526
14406
768
7545
37563
32001
35511
22890
5496
40038
32754
25956
1155
38913
33435
2070
14901
9210
23523
13581
43518
34458
17229
14628
43335
30828
32637
38118
35655
44016
11031
11181
13422
30858
37782
25041
17859
28296
2931
42411
42390
9741
23367
43545
22710
30861
615
37614
14127
43194
25251
12645
32652
16536
27273
5043
21420
33966
17220
12078
7038
28251
42315
20463
33165
35100
504
6027
37452
22494
22494
34842
32235
864
7443
9948
5781
27114
21618
19908
44364
20925
6609
6072
37461
7938
30171
13884
41907
2391
25962
23001
4701
42333
43464
37866
32433
18027
17949
43941
40521
40446
7839
1812
15366
15282
11760
40203
16452
7434
15111
15816
28359
40776
21888
20823
3714
7062
8763
19677
9453
8781
42681
33210
6114
15201
26079
12606
7284
18084
11547
2805
13530
38445
23676
2952
8727
9492
43155
44238
16929
32322
15054
19344
28098
36945
14223
5871
18063
22986
44604
1572
5823
42285
34785
11940
31545
34920
24546
38829
8004
10149
15693
40593
3594
39369
17601
31380
22917
15759
30618
39846
3081
672
14193
5238
11673
2472
11109
3792
25461
29769
5367
31284
1113
14208
17280
32658
4128
41826
543
31188
26034
35292
837
29628
3717
18441
16008
26637
8256
20682
21483
30393
21357
9732
35631
7086
12207
20796
10881
11724
5568
35304
17064
6681
4512
34347
13395
27696
5229
13938
32940
5319
4233
33780
34950
7950
26277
25014
34587
34533
699
30129
38982
41112
13917
3672
22254
180
24468
7191
11904
4092
42495
3027
29829
2007
37374
17280
29703
16659
5277
36702
21981
28566
44538
30987
10572
25815
30057
162
34404
4812
4347
28386
19980
37320
32058
42237
37503
30585
4428
4407
8733
1926
26490
12621
22989
37920
29901
26751
9582
9234
18453
5619
37800
17991
36606
3375
43806
40719
22593
7266
534
26940
9708
20514
19260
41769
17751
11763
1410
41238
35229
29199
17220
35775
41820
40209
28698
780
21960
12336
10014
14469
17955
2817
32460
28617
25248
5322
24336
2841
12588
24870
29781
41355
19443
23097
12180
11250
8919
13590
7488
18204
16845
24708
8979
13668
38976
11733
33504
34992
24069
17574
4464
42024
39447
36924
44697
19695
16305
43092
22536
2949
22962
26373
44304
16461
23529
11484
27714
32448
44130
35202
24708
15978
33969
7743
3702
27945
19479
37206
17937
43548
9780
22401
14631
23286
33384
14328
42981
4689
12420
20520
26694
9441
1893
26001
25902
25422
37485
27672
31926
10674
17877
30690
26652
25902
38436
30354
8847
31971
41616
840
30519
25452
42300
19206
3738
4740
7593
1722
28485
39069
41298
10179
22566
43191
36180
3471
42672
2724
31143
3654
13398
23076
34347
14106
3978
1839
18516
31881
33810
15132
6780
38385
40584
4080
31650
18381
8820
39243
39159
11361
33312
35457
21540
10881
7704
31779
33408
24432
8559
38607
28089
41013
35742
36492
10119
13776
12387
28635
660
20253
17823
7440
32694
32463
30576
19344
5844
13452
13587
3
24813
20958
9516
20409
5895
17223
7188
13359
41655
15747
26022
43800
30816
16764
35292
40935
30543
2679
43626
5259
41988
16449
31755
29685
22971
17331
4029
28815
30783
36675
2877
29652
31689
12393
5061
37584
3672
31308
24999
330
21111
6021
44130
6930
22788
8481
21921
27387
30216
39606
6702
27207
30111
38457
11892
8082
29844
15921
10956
34683
7596
13833
19335
39285
282
43452
5925
3957
29760
30924
4287
5874
11004
22473
31860
33792
30954
8781
35235
16173
3387
41937
17436
33501
9450
29328
41583
39294
249
26595
28977
26904
40428
3312
40245
14769
20820
20229
18726
5583
25209
42069
11457
36213
38598
43317
44061
24555
26154
34296
14784
29544
5289
32220
37101
14739
35604
7740
28089
9909
34338
12066
36813
3822
34434
6117
18591
10257
26346
37317
34896
25611
8442
1353
16827
2043
18726
15888
654
18936
24243
34494
22536
29532
40770
14637
18330
31374
41436
20475
15339
4830
32544
7155
8652
41034
32328
27246
25347
32730
38619
15243
13341
21120
35652
30168
42219
28434
1059
42873
2373
44358
6423
24909
2946
2193
13605
40332
7623
10041
15810
22962
14871
22410
4173
42579
18444
10557
24825
43794
43287
37503
14037
11631
32679
23748
15855
29898
7182
35970
27771
9555
35328
8250
34467
38277
29499
22128
33609
11178
32169
4419
8196
21096
26829
12372
18675
19332
22929
17559
37182
40275
29118
25275
25962
16797
4023
41817
1695
11208
32790
3522
20763
42174
11772
29286
9507
15327
6414
43119
26505
12639
21594
34701
33735
22482
21129
26469
15870
44061
18084
8052
13392
2202
33327
39354
38055
37353
36171
13806
3561
43017
17328
43380
40194
3156
27669
23757
18483
34083
21876
19044
1725
17529
8745
9516
14067
29877
10041
29937
2994
28125
12045
16386
4383
372
29796
42438
11781
20967
11244
34398
38043
2628
32781
7293
24840
15450
31050
17379
23589
26985
36423
44370
18570
19227
27945
32637
4104
37986
36630
26154
40170
3675
42540
44553
23103
27336
41994
8943
22359
27294
43341
34458
3981
31122
41751
28821
20628
1860
1203
18276
28845
11682
17646
2415
30909
19647
9108
9069
12636
19794
35223
7806
42525
6819
26415
39684
8211
23409
3627
30573
24762
1971
20031
28743
7149
35841
31620
27780
37701
6879
1056
40602
37620
37758
17073
23529
12408
26181
32601
44100
975
41880
25962
17556
3702
7377
12240
11913
4845
15870
16542
3663
36897
10632
6462
44046
1473
38082
26826
13230
19020
1938
8832
11640
13755
25905
9225
219
26142
41826
44319
1173
12765
25281
18729
16467
6714
30969
28380
11559
20895
18981
34278
12792
29613
40740
11841
31086
33825
12723
44316
26901
33720
27204
38541
2475
8109
2766
2694
8307
18651
21069
9480
31416
20406
2265
21939
27120
33234
24375
12738
28188
43356
2016
40980
27969
42759
7821
33111
5640
39603
6483
32541
28323
33687
138
30798
15852
21960
7548
24159
14667
28617
7695
20139
4023
9960
42078
31143
17253
40512
17937
441
38868
19956
41421
40896
36771
23301
29007
16467
17904
35493
4008
1227
24180
23202
6081
14091
162
13629
38250
14832
42246
20004
34971
1269
29964
6108
6468
21273
1620
24408
21714
40488
18420
37194
36384
10191
15495
39450
714
33399
29943
23778
8682
28179
1980
14763
42270
21198
28392
9579
36030
44694
29583
60
963
33603
25224
26487
9879
26844
5895
31593
41388
43371
23787
6831
27618
13338
1281
28332
20793
5280
7110
29475
33459
9090
18294
30732
4347
20742
14367
14433
20436
43950
14493
40455
6609
39717
21945
16488
40617
1896
22140
37008
19326
19983
43839
1944
33324
19176
30279
28173
24456
11445
12651
12915
39594
5001
17703
43941
44802
32070
13374
20238
5076
1926
34752
11688
15699
30753
2232
11319
6705
24372
3327
26031
44358
21222
27978
6738
40398
32313
8967
19854
43758
40674
32769
12408
678
24531
11349
480
11601
43782
39774
35736
708
29526
2424
16407
34335
4656
27726
41043
3087
5109
22074
21501
26331
24108
2295
40785
11421
11262
15639
29238
6939
22467
41646
7617
1998
27054
27153
32655
25836
21927
42447
600
25512
44871
17007
14847
23586
18792
10890
26673
42957
7023
22230
43347
31131
24525
39132
16611
35787
28830
19905
42726
6297
35607
24399
27351
17661
6552
34062
17553
2538
31512
18153
28050
5439
9219
16953
29025
28011
1902
29754
25968
8925
6984
24315
14112
31509
37506
30723
41355
21336
5628
39081
27633
15294
37539
29040
32955
44091
37158
24567
20685
23670
42720
3735
3168
6939
20691
6249
9006
22593
36006
34977
5574
17046
33348
19686
22614
25854
5412
18969
2190
30096
32106
3879
19446
24645
6975
7404
42795
18192
31971
18480
15918
3747
22218
19086
29745
16965
25338
38751
13614
35400
28728
19188
7446
36135
12930
30060
36045
37398
4029
12294
41553
36138
35229
15999
15783
16263
23403
32634
34455
29430
6117
5373
7236
2391
24462
36981
19356
4800
30732
7026
40200
33519
270
21702
43710
13200
6765
34755
5601
29850
2049
2154
20988
11337
18153
10830
27600
15615
43464
17055
19101
23637
22428
26337
26028
20946
37374
384
44802
23109
26466
14058
30684
26736
35763
29394
39939
42528
38205
540
1434
14313
2694
22425
25650
39903
7311
8250
10518
24831
44361
3678
3471
40845
30015
29499
16794
41448
3942
16596
19557
30408
30657
24297
12147
40476
27747
7086
12060
20952
26682
13494
35265
3432
9975
34971
43335
17286
43221
27912
16176
16638
31590
19647
12486
35661
23202
29280
32109
27144
19932
25722
31611
24645
5019
17814
20121
32766
43956
32181
27777
25638
678
18042
3126
10653
27072
1461
1998
44349
3429
18174
15990
35019
11877
28476
44739
35079
31812
31848
36282
6744
12573
22893
5448
36648
40707
25569
43473
13719
31809
26250
39357
6543
18348
16539
36252
420
18000
38250
44772
40488
30480
15762
4563
42357
18294
4302
6495
5106
36153
42777
30906
22782
39726
36354
14430
9489
35982
31959
23208
22791
13209
36621
29334
31560
8160
20586
6036
216
32895
5808
40704
18375
40626
19326
34791
13920
23628
41286
38082
33837
13119
23991
30675
26901
34401
19164
36390
25383
6123
33654
22230
19335
25275
25620
24951
7491
1209
30987
7707
8160
36798
22470
591
32424
41796
9438
20403
39480
24780
13485
28320
37899
11532
33051
19800
936
7215
30246
375
13341
18900
22608
6732
18231
3228
31683
25722
23493
17670
33432
5709
28524
29958
6303
35007
26754
34797
10410
21234
14580
23895
23610
26535
35430
11664
1338
36366
37935
5640
10797
6276
24543
7461
32064
16830
29748
18747
42555
8241
10476
5043
33009
13056
35001
13368
3063
35811
3165
13473
12045
17745
37371
9714
44283
27801
40434
19677
38223
33369
25317
23076
13704
23916
30540
768
14805
15288
38574
12360
42585
23106
17403
30594
36162
26460
43962
39228
17271
21186
7701
29316
38931
19128
13086
12270
20985
8520
6003
33264
15948
5379
11343
29652
29295
41883
4476
44100
12171
17106
30516
28812
40212
21975
14409
31377
3435
32427
44661
20706
8613
7362
24081
21603
549
11223
7929
21534
19746
13935
9801
9750
19314
21144
39402
22665
37083
17934
40824
23310
35043
26340
7122
4311
3318
40587
35688
25809
28017
9405
20574
10686
16770
44655
6345
36375
10878
14277
12909
4680
28212
41766
14430
2526
17910
27888
25191
29049
19881
21015
7359
9924
21414
14484
14235
43788
29127
23982
24597
12144
33387
171
41889
24213
18882
3234
15588
3819
36567
2556
8499
19779
44322
41988
41361
36291
43932
40611
20340
18813
35682
27702
28737
12096
16242
17031
10884
369
15069
9540
31572
22512
28767
28461
1728
2652
5751
36372
6471
42321
38928
34026
36156
12309
5070
32520
3600
4005
28131
23940
22818
18813
25698
25614
4968
41940
16701
34908
16368
31770
18504
2940
9282
2274
5457
30066
23982
30264
21441
4509
27585
34425
12591
37800
1734
17664
44376
24390
21669
27507
22389
18543
20376
3087
44157
44400
30
15858
8367
16398
21684
26871
38394
30969
29145
43851
35091
27183
29115
30588
31692
30759
20016
44286
42615
40806
16950
41991
39255
12675
43554
16644
31218
37986
19731
4434
37389
38817
39348
756
29271
16035
1683
22665
21060
30831
40572
11151
32070
43746
41742
18765
3561
35814
18051
1176
5676
9057
17223
44931
40788
15777
16575
27006
27819
10365
5496
20208
4182
44847
40020
7512
15882
41706
30177
36942
1593
44808
22149
33663
17610
18891
26484
21171
28761
18591
41403
34440
1704
32682
34371
42492
3459
25005
43557
31278
35370
4053
25545
13608
22956
39621
21120
38838
10383
25356
4836
31032
25164
26988
38754
16830
19935
20238
12057
3699
12888
8460
12195
14592
15198
1566
12087
18657
627
10644
23991
10053
33753
23592
23664
11712
18216
44784
24606
2655
44196
29445
33690
43416
30489
27444
15246
24480
21738
27303
2235
34626
9819
14430
4221
25017
35055
16308
17730
35682
1008
15780
738
8817
39372
43458
20529
31644
17298
19194
34302
16497
3639
42048
14913
8184
24492
4218
32664
1230
31521
34902
9915
15399
4332
14136
40416
13443
4500
32205
4128
24564
2985
23922
33381
16413
22380
27969
3060
39678
21219
11418
11175
24858
8466
147
7098
7014
4365
13818
27300
9942
22776
37215
25341
1167
25407
39816
14610
3963
27021
18738
28527
4062
42660
35967
20475
39096
37992
42591
33777
14211
28065
44952
13125
10587
99
39279
17601
23520
8097
18960
33465
30876
11175
13806
6099
10641
27678
20709
14604
9699
13506
17190
32817
30222
8157
27351
24321
20205
24942
13098
34416
27066
32106
21597
37653
6264
15876
29313
29784
23973
3273
37305
28905
33504
6114
35004
44145
33792
10716
32808
17550
43278
4998
24423
28500
32211
6774
7821
7416
5775
39975
41832
32841
27084
18429
44550
33348
34305
28863
37188
32334
32136
29496
16242
20643
9666
25302
38844
17514
10074
26652
9120
8352
5706
33546
36855
37917
14376
18732
333
20151
13710
16221
27048
40794
8706
26601
3198
17067
29520
14442
4404
16659
43938
39702
11358
27660
20004
24258
177
30081
24969
28353
12489
30675
16899
4344
23595
31278
23079
23928
25485
36789
40152
26592
6639
22914
8193
9837
39984
37713
43335
44388
28428
16332
39090
13842
43992
33150
12159
18225
37287
37128
1581
4779
41859
37536
28179
20454
42870
6258
18441
23358
17103
32649
4950
23742
10563
32199
7635
5547
43968
25029
4935
1455
41361
18081
34353
40353
25290
1512
32637
36633
12696
8274
41412
9558
810
43650
30012
43683
4908
22509
41097
41070
10158
20103
38868
20724
26358
20562
327
44382
591
24321
837
41952
16458
9249
11361
41748
29817
18054
33384
42516
26328
3852
7074
27141
2502
11142
44880
26469
7710
15033
41595
17868
9192
35463
12648
9606
30081
12978
8988
4728
11355
28884
20736
27813
38133
32100
43620
42006
24210
6060
39522
5541
9912
20652
6738
31473
5853
6618
31998
13563
40707
28593
5487
4899
38112
18138
14505
23196
5172
42549
27924
16527
26433
3663
18396
38622
9819
17016
35631
34029
23076
4209
13626
32991
24864
20364
38520
4773
26982
25518
18336
41745
28167
23823
1644
21279
16017
35205
18531
40245
32757
1458
30828
33246
24177
4227
26871
8052
21243
36558
42081
18378
40767
29766
25425
20631
5130
18945
25404
6171
18519
17796
2916
1686
15678
23619
42021
5751
13824
15555
999
20637
36069
5883
27942
15246
10110
9813
23298
5412
20427
39435
23790
16194
24201
4215
10884
29334
42216
10344
9561
15735
28143
12477
36477
17877
10152
33498
23628
43035
4053
24627
18672
40122
30513
1614
10368
14679
30483
7722
39147
5910
21216
17937
41163
19473
41208
7047
22863
38424
17391
32424
28215
19590
44904
19692
37467
10056
8193
16098
8091
12246
14781
822
26427
19350
21492
10851
8088
26034
18576
2235
6000
13848
20175
2163
33321
35439
28266
11187
2922
660
43611
31137
39306
17571
24888
31776
1686
33081
2874
9777
19383
36711
29655
810
11064
25206
30720
19152
6240
4296
21387
12240
37200
15618
33462
25521
25116
16728
36708
28038
36444
35322
33231
30753
7893
13119
36585
9579
1200
13515
38415
39642
5226
42126
14508
35346
22332
228
28554
28572
23580
24000
14871
15780
39618
3333
41304
38790
39117
7068
21828
30564
42390
10062
35373
24342
23181
1014
7977
43440
14529
20448
12138
19755
17577
26646
29160
39909
933
12714
42540
24513
36714
31467
14352
5391
34800
29712
44181
2973
36780
21012
7593
34173
5130
17022
32571
2367
18036
40548
807
32565
35055
12945
26379
7632
13650
10539
21597
14583
42309
38193
39096
34026
24660
27504
13473
33516
12216
12654
10548
3999
7722
18141
12228
31908
35166
44799
34278
8202
14403
35085
14826
4458
22089
15261
31146
35739
25800
26802
5322
42165
39051
18474
5247
18714
981
18720
26286
32253
31377
36834
36252
13155
29034
3480
66
19200
22335
34344
1458
36741
43485
35340
15255
20574
5601
20460
30369
5457
21318
35691
2625
15369
28224
7872
8139
3261
26595
34428
35514
32028
318
26769
19239
29352
4305
19305
22608
26643
27705
43125
37440
26193
33465
26751
20823
39069
2211
6195
18582
42585
41886
21207
12957
44166
3138
21096
2427
3789
29580
37944
35817
29901
38769
10056
33309
43074
3420
10920
24717
31125
28101
17157
12318
16566
43911
33144
29691
20178
13395
22332
17766
10281
43539
4779
28506
20733
25875
30933
24522
29514
42933
15339
33471
36702
44454
40836
34779
21930
25812
33552
8055
8913
24768
39432
44538
23679
1632
29229
17913
15027
25617
9735
44364
24159
14514
27870
44892
14448
32862
43473
43962
30795
13812
6489
22500
32322
2325
31335
9252
28140
19887
36366
37053
44655
30798
36591
42390
6486
39879
34362
21513
20496
44097
39933
18711
13614
22806
37662
2118
29724
36135
20136
15519
24003
26625
12075
30384
3006
43410
13692
31146
18300
5058
42258
37011
9912
7905
34404
16398
21840
23766
11967
16395
41919
6903
9162
29589
3765
1824
31707
33489
12015
6843
23064
10077
7524
35142
14517
29589
33552
28209
15735
25908
33270
32049
17922
17238
14013
26382
33639
35853
24204
19662
26304
40179
26565
35469
24771
4386
11349
30534
11931
42423
11436
34998
7500
18960
25140
22017
3549
32748
24282
38343
32715
12552
44448
5637
29793
13461
6075
37488
23373
4335
12150
4677
44514
12774
40146
24285
36216
6498
9822
3150
3921
21258
12204
30477
14274
11400
26550
36882
44148
5832
4281
5919
37443
3729
11556
41292
17193
36687
7836
40566
41022
19986
243
40539
6816
14448
19824
43035
40002
3702
20241
17979
44016
32445
3456
13293
43845
4062
24231
17049
9894
28512
22971
21393
32241
8583
17685
23490
273
44577
38112
15351
19566
12414
10890
438
26862
4773
17529
40920
27531
37770
13899
26550
25215
36411
13899
43116
40473
38130
34224
24423
40698
31251
19875
1995
13890
11616
25488
33219
11196
18600
3573
4818
5070
33519
5256
5988
38292
22788
1908
39882
15558
15807
21432
14832
7218
9387
32004
21747
2517
40284
20229
43215
26535
40104
210
14484
25776
44754
2703
36972
37413
6276
41790
42483
13854
2049
3474
26202
43893
5382
21084
14451
40248
42516
3339
21522
25959
9402
17328
28476
4686
11613
747
5280
25773
20016
19764
6549
38826
22467
43524
31239
2802
40314
2781
35712
16419
25311
16914
15312
4749
38001
3822
19053
9573
26217
40578
35535
35619
31962
38067
40308
43575
12873
588
24348
32889
39408
30897
771
35931
29421
6069
38733
43794
8850
29445
15213
8217
20418
4584
12966
13419
27462
6078
42048
8679
1656
32583
44301
33618
44709
39609
32193
12582
14253
11541
19527
27717
16494
20298
18648
918
26367
31440
18768
9273
34941
8037
36546
10359
12621
23571
42834
40083
29649
39885
3765
5361
1524
22122
38979
1233
35787
228
13815
5040
30825
7398
6813
2319
27699
25461
22293
28122
30957
41061
11454
20901
4101
22056
5316
16722
627
3153
30864
30276
17094
8685
35637
18618
30807
3672
19854
21594
22956
7725
690
8781
15126
7503
11103
16881
7020
7452
19059
37980
3516
4569
32937
7617
26628
38253
43395
27255
15462
3315
31590
32556
12000
41283
6177
42807
19014
87
19401
41970
26868
39147
5754
16050
1650
35913
32931
8673
43365
26049
20709
20937
30618
8646
2610
12246
1899
20064
13560
17364
23379
19206
23976
9438
15489
30153
26301
34503
4296
705
5532
31167
13908
11286
2217
15561
21255
9207
43290
38676
35256
18999
14616
39930
27645
36282
26235
3600
11346
13851
40020
8784
33057
18999
18222
22602
23208
44523
31164
27507
19284
36696
32730
33195
22038
9003
22812
43293
18210
21102
11025
27522
14157
25641
22455
41802
35982
22746
19458
2328
36597
14481
11112
24654
7536
3390
21312
4800
2916
7476
32307
41256
18228
39093
29451
40266
3099
7263
12615
40365
2421
23643
22890
16578
23340
19401
32436
14322
42147
6897
16653
7800
40434
1821
32454
22026
5214
27822
26826
27186
35301
33192
23442
8529
27285
26952
3798
4440
8271
35469
44808
10695
14112
41754
1329
37455
16155
33768
25833
32358
14721
16542
40158
29211
18366
1668
6237
42636
29490
33063
24822
38847
40311
22320
2379
41655
4272
25233
1095
12546
34758
19959
42297
3873
16713
43626
15384
6924
32394
41217
13338
21171
12762
27552
5382
5184
3276
11619
2820
32769
18741
1698
672
33108
24018
3051
29763
28293
2340
4917
14895
37101
24876
12192
15030
15648
10818
4470
41628
17271
687
29025
12498
32505
11577
17883
11745
14856
3558
14565
21681
41355
35319
22353
29466
14340
44463
14229
16689
20859
38202
31584
32016
37137
43776
21102
7785
28650
25572
23469
19977
318
7494
32478
32823
38130
5361
44571
27042
27975
33192
3723
24333
23514
132
8799
37854
44595
42084
28599
39513
35289
15183
26529
1482
33015
2634
9267
35721
28206
6792
10701
2580
33345
17235
35406
531
41652
9033
27573
24627
42225
5352
23016
39795
5484
31815
6705
24138
2958
35304
18651
12303
5487
19236
13785
12558
40926
42108
3282
43191
22956
33039
771
11301
5274
36177
11832
1926
19266
39405
609
16494
18813
23628
30345
24300
29499
37053
3438
32457
27357
41145
18816
6903
34437
32601
19461
30366
3765
41799
28557
26724
29838
29328
38025
35112
39564
23916
11094
13830
37377
30762
4380
11193
9390
34728
35493
38889
26781
12987
405
28194
28188
19221
35097
17625
25881
9561
2991
29646
6360
5604
11370
36201
8991
23454
369
3555
2370
30522
36441
39747
16284
14880
24996
44730
23664
34545
12675
5445
21588
13080
7695
4776
6360
42795
41460
32241
7356
44451
35943
32772
24114
21372
43029
33105
44826
17457
36660
21252
2979
2157
35055
38319
17037
15054
38049
40701
4599
5724
20202
26190
37863
27900
30966
44223
25695
1482
5520
7107
19992
15519
39879
44106
36891
11967
32211
10773
29424
42927
32025
32403
19140
22083
44778
36180
37137
37827
5937
15792
17607
26142
41982
10470
28098
2007
28749
27849
3489
8325
34956
23481
23847
3891
41643
34794
15858
28854
570
282
837
32595
6741
19980
28734
6519
11160
20871
44346
36153
36666
36012
17295
7704
1482
19449
9711
4290
2298
32259
12615
11310
29796
10518
15204
26442
315
5118
29352
885
5403
30192
7536
31200
5172
36273
37722
35388
31200
11124
26541
41922
2136
17895
4629
22677
37344
33396
1023
13701
39711
32694
25011
24510
43215
14271
5952
43530
19392
35304
18471
43851
39552
26007
30051
44724
36336
41829
9168
22539
7956
9768
19461
29148
27663
24090
25881
39063
31545
960
7764
26256
33657
6834
5766
31872
21105
30774
4458
40497
21081
22929
39348
15633
22992
43458
34416
14331
40287
43584
36870
22299
27408
11331
25506
10071
9480
25443
23193
41025
26406
5013
22281
15063
11847
28050
20991
32955
32880
25449
2508
8961
3378
15915
43653
26370
14373
7125
14757
9660
24765
6627
6018
7176
37017
31524
36303
1497
11967
14496
42522
38373
38568
38859
27492
5415
40965
3483
12426
28848
28932
33993
11865
6366
4908
10518
6795
19281
36699
21552
2997
16467
2238
28071
23643
39255
14595
14946
40752
621
3501
12330
38994
42069
25245
40545
21540
21213
44028
8025
24117
2019
42018
35982
8385
1926
20559
34236
40263
12258
29847
17316
2781
32085
390
26424
26340
34041
15429
41148
34662
18930
27534
2715
35055
7779
43260
11595
3048
16344
38676
1221
18363
35694
11262
807
11676
31821
35043
25995
18135
19890
43314
20919
6975
17760
2343
7371
25857
36828
3519
15522
29814
5109
37293
19869
31947
9609
5523
9051
25953
44199
10275
44319
34896
21537
126
20628
27414
35169
1626
549
29118
18996
40524
36093
10812
16926
17523
36669
8754
21042
26247
38571
210
37596
13440
32157
2205
38019
15264
28161
37221
44595
27480
1173
21132
1662
21801
22602
36831
42483
23154
40005
35535
18678
31101
1347
9660
3624
12075
18417
43722
38322
11988
17988
4977
44484
24201
7182
11562
39468
35343
3783
39063
36879
24012
34254
38541
19869
11856
4431
17355
9066
44436
7890
1803
30537
28296
11463
8217
40371
29880
25998
7749
15924
43986
12726
34467
23190
19911
1029
17658
29310
23868
30777
21192
21936
20031
14733
41805
31890
19164
33216
15012
18603
15165
16815
23196
43461
28281
5472
38832
32217
31470
20637
3144
30456
7422
11667
8646
27333
31752
360
30699
10620
31140
6891
32556
25227
40683
3417
31173
14847
36636
1188
7506
6801
18003
30705
5262
20340
10233
18150
7560
41703
12843
29760
27159
20265
41427
9864
21654
28179
29280
7356
12855
34476
14247
19467
33762
28986
22884
19935
43836
14520
21123
25398
21321
13185
30159
639
33525
40392
37845
15141
37095
5691
18957
38313
25956
15384
22233
2613
17619
6513
9969
4530
15048
43272
23997
3810
27261
20940
23745
153
35460
18927
25551
30840
6168
29769
5535
13749
25161
43383
28893
17259
4074
2850
29628
30030
37293
6861
6699
28968
32430
35724
7557
2478
33999
5610
25344
35316
26550
23148
35469
36069
42075
35076
40965
3243
19845
1500
16992
19065
18939
19941
10380
42069
41850
40008
1158
8199
20925
7857
37167
8355
43584
44724
29892
6639
24393
29292
41955
5943
7440
6480
42012
4515
15612
12033
26814
35460
13536
17865
28581
6531
37806
38961
3603
34656
33969
4761
42855
9894
12618
9081
37305
30258
27861
41253
36897
7254
25548
7908
32256
32988
14388
3324
11562
30003
15360
38376
39519
2952
30297
23100
9483
23106
36117
13086
31818
25086
17847
3732
9036
4524
31869
1341
34782
33786
42597
26682
15099
42201
34590
2355
30189
23037
5679
15807
27096
21039
28242
40671
23991
13539
37827
7533
10701
28944
20619
42522
9030
12525
20310
37122
17049
26235
38463
25887
15021
10116
26625
30120
7317
16218
6531
11565
13311
12213
27372
40407
7308
10614
10134
5358
43212
2961
12891
8913
31905
7566
25491
14991
20091
801
7113
11196
1092
19632
37086
35172
3807
37767
20292
11124
8985
26826
41745
41352
13095
43176
10815
20403
27846
20949
25761
26058
23910
12708
34974
29871
20277
15465
44862
14424
35325
26031
44679
36417
666
36765
645
4473
3588
20940
34653
12576
21822
5457
27984
34917
3633
38802
29376
5535
14751
10140
31596
12720
41904
21570
42591
17181
11091
16512
31608
1416
16599
31287
11892
36321
42108
12537
40794
696
7533
4506
32328
3411
29019
15315
38328
6708
28173
41763
12243
42924
25959
43839
10644
22863
39465
8238
40047
24615
43806
711
87
15405
6054
11979
6729
22218
43575
21579
41970
25164
141
29301
28578
29160
18672
40962
35868
1845
11781
22170
18825
37740
40065
29472
15606
34533
11766
10653
14148
29628
30420
14235
33
36474
273
25818
32748
17904
2400
29718
17124
21597
33075
19758
5760
6747
34779
15684
27648
1560
11910
20532
39303
6978
5004
9909
15567
35826
39618
3771
39510
44094
37062
39543
9624
37335
39420
42372
29295
41820
27090
20478
18417
15168
40236
43233
40971
30015
32976
42678
5634
44886
18210
44937
25920
42270
28902
41487
33096
23520
258
27606
22614
37323
41205
6294
3714
35625
3666
7068
6501
30756
27546
43977
19980
41838
42210
35010
26856
4242
32688
32490
23187
5898
6483
4107
3168
35385
597
10320
32961
19911
11982
29631
12234
8187
35925
35007
17871
39591
42075
24372
44403
24621
23349
19386
40515
39618
9396
41427
17916
16140
2973
41103
22038
9456
213
44262
44841
19866
9582
32802
39777
21564
17433
7014
3807
27414
16077
21678
22005
13152
20109
21411
11829
43458
14853
7344
12132
43305
3774
30051
14445
6747
26154
36483
35262
423
35745
9159
20289
19383
41964
15069
40947
33453
41139
44754
15870
12216
40491
11931
44424
15600
33342
11253
33114
22251
37653
249
20556
15483
4356
35001
22233
30510
540
31551
4992
10341
40710
25281
29724
11730
14406
44727
186
29601
18540
35112
41817
14031
21099
15297
3687
28500
26550
36801
5751
38262
11106
366
8745
15462
9423
5034
20031
9966
36585
25023
39363
32298
24360
43146
44028
38769
16929
18270
23370
35469
27438
39246
23556
3540
9543
27243
32040
10152
38103
37791
3414
4209
12213
12159
38730
21639
17196
13761
5661
8781
38784
19080
41079
18144
17226
14166
30969
34158
32436
9342
43683
14877
22644
22242
18417
32187
23541
24513
42339
16644
36360
753
39912
3576
31971
33642
25215
4167
2403
30876
32004
15243
4956
2142
7443
41241
16308
38415
4455
22800
21813
3138
37677
44457
25380
30150
31644
22980
9663
3042
39624
1026
22851
34536
23658
9822
42234
3873
33045
44637
8805
39108
33936
32817
41250
41382
3114
31614
34797
7569
9414
30666
10710
21150
30123
10146
25356
35823
33126
9078
12921
27753
29160
35775
36345
7818
597
33582
11691
7701
7275
39552
1809
41214
1425
43059
37596
4542
3729
1449
12111
32199
32115
22821
27405
36294
32970
7764
1173
21096
16842
14097
22905
20058
4872
33309
27876
24525
21891
13623
32226
3222
8175
8091
44436
9600
25206
37032
14142
28935
12537
312
35193
18708
23133
17598
10002
30159
25362
11178
25314
16260
44331
22275
36318
4203
10584
38250
2784
6531
6873
9069
9756
34104
17160
9192
43707
42369
20283
31905
360
32820
6273
35553
6531
3465
8154
35589
33624
7572
20823
32994
42891
20154
10272
8265
43413
20856
1518
1200
27390
27447
10269
37146
16554
1485
20394
34317
17910
40677
40278
18273
2556
1554
27882
28143
5019
10092
18732
12699
17667
39558
696
34614
33768
30024
42879
32184
24936
18453
7440
7326
903
36765
18528
17457
38250
12981
25830
11163
8658
21108
3492
11214
22662
5430
39357
1737
15525
32148
33495
7248
762
34191
41862
34530
38271
13797
40770
18207
32253
3210
44592
33156
39975
37176
24669
7284
5157
5499
37503
13818
663
15051
44088
42384
20481
12504
44121
10062
44652
32616
17310
19470
40863
33228
9000
34134
21084
4773
26400
8337
27039
25992
15549
41073
37224
14274
3357
42384
38829
40860
30258
39492
29967
29346
36876
5448
15906
36000
15513
34614
42672
6879
9084
12594
14166
18087
1728
35250
41916
2184
17643
43011
2232
33192
39084
39459
21522
16497
36843
15351
31413
22101
9843
16380
25503
1722
21831
15468
11778
11400
5082
28506
37335
14169
41100
25557
32256
16887
15807
3228
19071
7506
1239
21306
40698
14382
15765
36276
30879
26664
6627
17295
22821
16473
7731
22380
37251
29562
37848
4029
15018
42933
32535
26412
12102
2694
6969
18414
19581
22779
40698
38652
4341
15993
34014
42
30375
23835
10374
35313
5499
17004
26664
2376
33477
34395
24759
25728
38016
36663
3813
27090
34596
10404
8502
20754
13098
15474
13224
32679
12309
8922
390
16650
24918
34404
35748
29349
13242
1125
19662
37797
18129
1326
40176
25662
9780
38991
25446
2796
30654
3315
29886
39309
13719
38391
15063
876
27921
28290
7611
40230
11268
8001
30936
36186
42408
21687
20538
29706
41868
14256
41559
14997
34641
36735
14715
44421
4782
40161
21273
9495
43476
6159
3804
31251
18606
37923
32127
1527
40269
39741
15813
6540
21798
20808
16782
38262
42495
37320
22968
13419
25635
19530
2472
15276
30321
17187
33753
9162
31404
10026
18657
29880
16185
22461
35187
8850
15384
41373
29433
29712
10170
19305
36252
31968
40113
8034
25233
11664
19413
22257
25083
48
15843
27555
34380
1167
18798
23133
10329
5202
33159
3042
9138
23400
25503
44325
32250
14943
14754
16686
44655
24924
10047
35907
30951
5160
18000
11184
35880
37413
7497
15963
11517
23343
17574
897
43566
36372
24030
27951
41574
12189
30993
5712
35589
30552
24093
41898
495
38850
32640
19209
18774
42687
29172
4725
2847
2172
34965
12783
13641
16521
28746
25158
39864
20376
26055
12486
11748
5085
14493
27378
36330
19542
33090
26922
5094
12183
42876
24645
6033
30516
43854
43866
28203
2085
22647
5106
4257
12615
17889
17901
3192
20691
43059
17112
41067
43173
29598
7815
22314
18147
35193
13647
37689
42339
14625
16839
28578
12501
41484
8670
43017
14397
7536
276
35538
4239
5382
39795
35910
42327
31752
39102
18018
29814
11214
14085
2043
14868
40956
24357
33015
5205
38004
25704
21600
26685
16599
5178
13242
32142
32904
11259
20595
40440
30591
11133
18738
35973
5928
9648
33300
37683
3753
25374
41553
34023
13515
17652
3894
28527
42009
36909
33732
9072
36672
29388
35757
8271
8625
4002
14469
41529
34317
35064
11028
19911
1197
29766
29940
26184
13470
37299
37923
17223
17673
34476
25305
31191
7128
29199
14718
23193
40164
22509
32265
31836
6897
42081
14166
34578
20139
28635
31110
9456
18702
42138
3423
38955
960
33366
20139
14430
25665
13062
5712
17394
2538
31017
3585
28722
15216
37362
6918
10380
14871
13239
16275
40824
10320
4497
30405
30459
33132
35571
13974
25890
32709
17397
19848
33669
24819
39987
22155
24540
8052
27867
41937
29646
13884
19578
32427
3156
11940
13401
32595
867
26640
3870
15750
11019
8367
20211
15534
15555
10782
29508
41448
17547
20964
16296
25272
19839
11283
2427
18438
38391
30297
15375
42096
18237
9009
29523
21396
20952
42924
8991
40875
43620
31917
11625
28695
14340
31836
44232
29895
16674
2796
26343
34221
42816
16695
14493
17658
2037
35979
36096
40428
21276
25527
37524
39513
8592
41103
34965
3600
39027
18012
44478
11706
4929
30159
40401
19269
36054
13689
23223
7728
16488
4566
41952
33360
40320
30501
6018
42357
21480
16170
11841
16812
15753
23424
30384
24348
19527
20349
27948
32613
38364
1482
44319
17349
31644
13776
10677
22698
27468
33900
30426
18012
12522
1434
6372
7842
5994
31449
5199
27474
21675
36099
44289
37431
14523
3729
35835
34050
24078
37839
21663
36498
39324
40038
27906
24
27873
38583
22722
10341
27483
27204
2409
40005
2697
8781
2850
8691
40230
27105
10221
35964
18204
28566
28395
6783
32295
38286
40836
30432
31125
36555
40986
44505
5652
23892
44529
33525
17475
41307
17922
44958
42570
20331
14022
267
29112
35928
28014
43401
37089
38235
34365
29352
40860
36816
36135
28155
4158
31971
32643
9339
42585
28632
8847
3237
7524
27432
36762
44058
42798
28740
18072
40368
4071
32094
40635
7239
42078
42705
24696
34170
35940
33117
18522
5856
43989
9657
34014
3147
15687
40713
12489
32328
24345
40392
35565
5928
41880
1383
4986
39678
30123
42114
35046
8250
3267
4737
15489
345
2442
40188
8571
12441
28305
27093
18297
27297
10809
26367
4500
552
22083
36045
6936
20484
5493
42501
468
2376
17940
24510
42054
22119
21627
6159
30369
24894
29952
858
25239
32397
15102
7869
18894
17466
9018
11247
18819
19827
11673
23319
39435
7812
33423
1371
28296
38916
17928
2823
41292
9924
27333
12405
32043
3960
37620
17412
28854
22572
37329
28152
29025
26487
36021
2919
43953
39
33225
36828
38925
44898
34206
7416
26766
22629
27846
29118
16545
19830
31941
31896
29757
14277
18357
35856
18237
10977
27327
21150
33549
38712
4302
17577
20199
14379
39552
38211
33474
1833
30039
1455
20787
19245
8874
2553
41874
10776
31674
32478
30606
18615
19374
34419
32892
37731
25278
25188
22764
7605
1338
11313
20373
24696
2946
40572
39075
16557
33783
1605
18390
37881
3063
13236
12126
30993
15789
28059
41769
2463
15537
1431
40137
8967
35853
28029
20754
35187
8217
43518
16848
28611
28887
37221
8307
31836
6849
21438
22449
14691
23046
14895
7572
165
28131
38754
5214
43923
21813
1983
20442
11406
22470
15579
39429
32379
17667
15183
22566
44940
13701
13470
28554
42591
5691
10917
3483
31599
32358
25932
1290
29460
14883
8862
3681
43017
2616
8895
15996
43488
29934
36438
28950
26460
7020
23382
13842
43743
12621
10464
43683
26325
23937
1293
42972
3684
12213
20511
35283
18627
1443
10629
22143
16326
19491
25824
33399
41166
8775
4395
39654
38709
40836
42660
39225
21912
21042
8067
39711
33666
37590
38394
34047
16527
39690
6075
39267
6903
26586
3609
44586
2085
14238
21729
37467
7788
2553
25869
3954
11328
4320
17664
24093
19212
34380
18318
15180
29481
444
9891
37203
38034
3288
26250
28617
17034
6381
41940
42993
32967
549
42579
9108
33846
19308
1575
15690
21861
1500
19644
7245
5823
11364
5394
44091
744
42768
14274
30225
17268
24165
41484
10302
1509
22734
12975
18543
3171
9918
16536
10194
29523
14115
19302
18369
33423
39936
34059
29340
15492
27759
10641
40371
13179
35091
39465
32982
6918
8739
37263
24186
6960
33750
8547
8472
30540
21522
27015
33714
31440
43554
43908
15966
31725
37269
8391
20151
32205
16509
23547
2697
18324
8247
43071
31506
43338
37536
19488
5256
20331
30807
29445
27291
19557
37992
35763
5100
33570
36837
38814
20013
35391
11778
10035
41172
4047
18426
35379
36252
8991
13929
13008
27318
22176
11079
13824
39570
22671
7368
44829
43002
38175
3330
25293
31791
15378
35115
36891
3948
26952
4761
43017
36399
35595
8052
32571
13701
537
22953
4953
9528
10938
37017
10902
33114
22152
43782
27684
44823
25206
1569
16881
37440
4899
42177
24231
39333
6348
35178
43284
33300
13995
15357
43755
4590
23412
31326
18291
43005
28335
42303
26589
39273
8376
11550
1443
30531
10332
3186
30354
35541
4755
2238
27981
28713
18471
7212
42102
43875
16446
14442
6231
30441
29802
4986
9087
27270
10368
1437
25275
38706
43740
25920
7035
7116
37470
27537
11703
2805
30723
42060
12402
9534
18354
14439
38247
36825
40707
9408
9756
12153
23850
15987
42594
8652
20973
25737
35922
5397
27174
35253
44103
44970
35232
25197
7089
27702
7734
18792
4563
12513
34908
36021
22047
8262
5460
34353
19143
1167
43761
28899
13320
22611
18942
29970
31266
39915
10710
41244
315
11940
5556
18474
11913
40788
17727
38058
42546
44517
30906
21168
12030
20817
12189
34080
3135
17652
42489
41337
18819
41250
44292
6198
18861
18237
10224
24183
32208
20934
39486
6579
6933
42
44112
18846
14886
16839
11904
12432
35415
42810
33600
2445
37683
19848
10581
40821
37500
8070
11214
30375
23376
10506
10629
16296
2799
20856
40479
35010
15846
9021
15645
22779
28119
14757
15681
43005
5655
27585
29496
41070
25398
37152
17571
37137
12000
2211
32958
23556
10281
18228
27990
33660
28737
38619
4956
5592
33531
19491
40602
23436
2571
30306
20271
30690
63
35955
2754
24774
18540
6306
39900
17994
43458
12474
10134
10461
14685
17148
8073
44022
35379
36063
6738
38172
3741
30750
43764
11328
24300
13425
34764
26871
43731
10038
31617
17850
993
8427
42627
38589
14733
37527
11586
13194
24057
21720
42711
12798
12924
5784
30879
3303
15906
37617
15531
19647
23370
14298
30975
21726
27723
39798
22653
26454
4836
9270
44304
24885
36756
15987
18474
6489
27573
30060
38739
6630
25836
36450
19431
12819
16293
5310
35178
32199
16983
5712
25902
14409
20010
30933
36135
21789
25731
13788
22299
4623
42117
40659
3564
33873
11649
22041
40362
39222
26157
34104
19908
26052
44610
13395
38871
15903
37761
29049
22158
9747
34761
22116
24156
28827
27108
34350
24672
26895
3138
21027
31521
19311
16689
9141
8184
2394
31182
22605
15672
12342
11709
35580
38394
30375
3978
6321
20337
41739
35370
16551
25542
44190
38670
4701
2073
20778
13107
26748
2673
16245
21831
8250
35559
38520
17394
17799
40914
22632
40404
30642
9030
26169
21225
2424
11547
44259
27801
31884
40998
18174
22491
40599
36420
16161
300
38493
10995
32463
39297
32727
3708
16131
40977
13323
28707
32427
5181
43680
10062
585
29322
19092
26757
5547
40575
12360
4806
23376
18300
19863
15606
40791
15462
7026
31011
34818
19578
42006
41337
32931
29733
45
4062
44769
32427
32772
6252
37608
31452
35370
12249
34830
9465
13062
40380
24096
25422
19242
21528
17778
13161
11193
13572
2679
18219
44583
11553
11853
15645
7890
44787
381
26994
3849
19206
33477
10677
25458
141
16185
15831
12390
6018
44352
25455
20454
42504
24933
39696
19032
42714
26916
30225
11286
29595
22503
29925
15207
34356
570
23097
34143
20007
24147
12051
13269
12624
41784
38730
12765
12972
28617
25158
38046
27969
24669
13500
44529
23658
27252
18561
21372
9168
22845
6714
12822
19404
36639
28029
8760
11268
25182
16962
5331
4332
3069
18603
16956
44853
31389
3780
31881
15006
2994
24927
17031
27663
38427
16560
6321
20682
9177
1752
3906
32022
8466
16728
6426
19164
18813
34245
4488
43998
25263
28875
22386
28332
2478
39342
28185
33867
17178
34125
22929
20172
14052
39960
21891
26538
30576
2271
21276
39756
4023
25182
834
31545
15969
26319
24765
34782
15564
29253
7836
14883
13131
30222
43215
34665
43623
456
42591
34857
34581
20520
10032
22692
34539
31923
4230
20115
34194
25506
33927
12273
5688
34764
43821
40713
16083
23586
30498
5703
26898
12390
20586
14085
16671
18801
3750
34350
38313
20397
24207
27897
14976
8295
5589
4515
40221
9819
43686
3471
9381
32616
15747
15069
41436
14568
10785
12519
12210
15339
18222
39108
1785
38808
8193
37512
31665
31002
26862
24978
6399
25128
26931
21375
33423
6576
44946
28644
35451
17691
32118
44832
24363
21921
33960
20799
36489
18801
33318
3699
34140
25596
16866
9981
19404
44115
2496
25125
30117
3414
5103
10575
28542
6093
31950
36024
12669
5955
19668
3123
23646
25842
2955
3009
2763
36915
23808
13308
29772
31182
36066
37968
11778
7932
2952
5238
7047
24504
30363
11223
27918
9522
21798
30519
15615
27804
21543
28287
7815
15267
5466
31461
15168
27477
8526
36987
38451
6390
5298
23223
37572
15420
16194
23406
23352
19146
28644
4455
43650
33063
34734
624
42588
11532
31143
32259
13395
26742
15546
21210
42012
40068
26730
12180
22548
9312
4167
15999
15705
28521
39222
8277
43941
10416
5742
22293
3618
34386
807
21324
41508
35541
21951
39096
21132
27150
411
8583
8895
35016
3849
5907
30084
4635
37143
7632
13950
41310
23631
29655
24834
36912
11988
42831
2328
17730
39183
25005
26175
39990
1329
22683
4587
42336
35835
44775
24489
36246
27414
7440
318
31266
13347
30405
35901
24546
38037
23907
39912
35727
8562
19746
27639
39609
36636
4023
12339
30819
29028
12570
25809
30360
9309
4452
27696
19200
23286
26241
10449
5700
33681
10767
36966
21084
15228
1926
630
8268
25833
40545
18051
8454
34347
690
3063
25983
4713
34458
11802
33744
2031
11667
38160
11340
16122
20856
30543
39408
2100
15048
108
35781
44871
11133
11868
34158
32115
31554
42426
32004
27099
34533
40458
16449
35223
43521
16488
13992
7038
28293
2736
9069
39960
40896
39465
30138
35811
44064
43602
37911
33168
17769
2748
7098
28902
33672
41256
35073
20229
38682
22077
2328
28215
17538
37833
37494
35115
9324
6486
42153
11673
28281
25278
6633
43233
38802
10830
34044
37866
9432
1011
93
27201
3762
7191
30159
11490
3447
20232
31719
16185
42312
8106
18456
33906
19995
10950
24021
29319
36492
40233
15048
19773
20511
40740
37065
33369
6570
26109
294
16002
1179
387
17262
23997
7578
21477
35487
11025
41712
41265
1266
13080
4371
19722
1986
43422
4728
26007
1800
41220
40296
16848
35052
34866
12588
27117
23235
19158
27282
23529
9219
2517
23916
537
26514
5550
22014
17004
35631
18726
32325
36897
5862
10752
11619
7848
9174
16347
7914
10974
31626
3210
27825
40734
12132
14469
41907
35370
33630
24189
32955
16905
765
30930
17442
27279
36480
13512
18339
27114
6297
5664
19011
12159
16416
4689
20010
44649
40092
1980
10623
26718
24246
12504
41508
36381
26976
38415
807
34662
36663
33762
6567
37428
38748
43065
19707
30231
11577
12105
31401
17874
17769
24468
30036
8244
29157
24102
7893
43308
138
18516
44082
24384
5079
40593
34821
32055
34008
35628
21717
44727
43449
28284
37155
37197
405
30921
41484
11982
43026
27885
29859
34851
26412
33951
43095
29625
32109
25044
27933
32247
17619
27018
11631
22698
22611
1455
28809
30675
11139
5526
30405
9588
7866
41616
20844
8271
1593
36384
20253
44619
19272
24168
8529
19740
32175
25680
4365
19284
5727
32301
6531
42402
14319
18165
20100
10986
38676
3909
41661
23871
28491
1122
33462
36357
42741
28362
18684
44334
19746
12993
18012
13074
11220
597
32814
43395
26277
11238
17682
6060
43539
24213
3462
31914
16434
42618
16956
10110
20583
13617
33984
4074
33798
41502
14487
5595
43920
7227
4929
18666
20223
41997
5799
31443
16650
12669
29838
42930
23907
2520
23046
22446
792
567
28416
17226
43185
372
1395
37827
33048
9435
41901
21846
24993
30447
27441
23913
37674
6426
16635
31953
22482
22434
18396
39132
35106
22293
11118
14013
43869
8223
10518
44661
8790
12990
16890
26031
13365
18285
18858
20469
1776
34818
42315
26769
39321
43812
5682
31995
5238
41373
38007
27720
18810
11403
40911
27972
7752
7029
41985
6624
15252
26559
6285
43098
39552
42231
24132
26973
34572
17046
2442
36348
25920
18813
18117
20241
17625
42855
26295
22863
39231
19302
24642
32097
4761
20553
15069
12516
1638
31110
38196
16893
12672
44481
34047
26280
41715
13179
8253
5343
30228
29751
41694
30204
3564
33867
5448
21189
31725
31743
18108
12
25101
42750
32109
29862
37359
2178
16434
13056
33288
9630
4005
20016
9114
38052
20352
24885
6234
28605
4284
10518
32412
978
40722
35976
34848
20226
31221
40629
26025
4332
14697
6126
21138
1806
35991
13500
23040
26481
26556
30384
36114
30561
5403
19284
42669
25755
44169
3903
28419
22509
33477
34887
23490
3258
25866
32394
23484
12087
2079
4512
35475
16776
29694
11616
37638
20685
44172
15678
2169
44784
1062
12339
4401
25521
31623
2070
25335
4848
5976
27810
27357
13509
17697
24903
16767
43563
12297
14310
29709
33432
37878
20184
5208
22572
5856
42846
17316
5028
32580
38541
4812
33645
5880
9213
33222
37503
11286
13557
16407
36318
41367
43764
4827
33123
23670
40653
31686
10023
29019
35451
43458
21897
29694
3666
18525
35550
20571
35841
40581
8151
3438
393
15852
9318
9609
23133
20877
39951
36690
37284
31269
7116
10107
10152
40239
33777
24861
981
43800
8880
10491
16314
4833
40185
39039
23361
30735
14610
33258
26316
41817
36699
768
31728
20073
29433
9861
40953
24384
20607
7293
10653
27723
17400
39861
42018
25233
19725
17058
43092
2661
27549
14406
7497
22734
8445
4914
8469
42111
12228
8844
38931
3927
9612
25659
43059
39045
35520
13068
37485
11127
20361
22194
12909
11820
17055
28983
11109
36780
1041
9201
13500
28590
23610
20997
6324
6111
25911
33852
3225
38139
42696
42156
16125
26364
41871
33240
39465
6447
1308
31950
36630
40725
9144
23595
26601
255
7581
37713
11094
8622
1914
24594
37215
44580
19647
17595
5694
19614
6447
8919
31809
23199
25131
2934
4563
41058
36174
18084
2505
11538
24090
13191
7266
7290
36789
33867
7548
44370
636
18642
7992
2553
17292
19263
21189
36939
36861
26883
11553
17364
9858
43362
40566
9045
20355
19185
5103
30585
11328
26664
42126
35418
39858
23448
42711
31647
31371
5259
31017
32010
42957
13065
8619
34305
6387
29808
26244
17304
30750
11853
34668
14664
10215
4290
42768
4626
42534
21927
35214
8862
3594
6396
44280
43452
3900
41991
4155
35271
21306
9228
41337
38319
41349
4956
27624
2736
8823
8868
20040
39573
39777
28767
28293
24051
33057
26061
28677
30591
2991
37947
13509
6585
18399
12792
24093
22299
28839
2304
31629
5148
30588
2022
43467
26937
26037
150
3732
34860
28074
23772
3489
22854
26595
31782
1905
14655
31902
4638
19302
34893
42588
32814
15534
35043
19662
13683
31401
3501
35043
37086
27705
20631
39108
231
2568
20145
381
6300
10005
2511
4131
13494
25365
30726
19335
1326
19437
6237
5967
12798
15186
22611
19668
30720
12654
39330
18459
44055
16887
8502
36141
18651
29133
4308
18882
5757
24453
38319
31116
8517
40830
35247
22011
40254
40029
15402
41580
33525
21639
2547
1323
36825
44214
20991
41601
11871
34377
15060
29982
6264
23562
40182
24915
26751
44490
17853
32511
42999
30228
18627
6516
117
27930
2586
40371
42015
17988
11007
30540
13686
32613
5919
24567
31827
966
40227
43698
35343
10287
2739
41610
7908
42921
40581
8715
16467
32493
41226
14466
17721
33909
40041
17838
35895
42627
32265
32913
34671
43275
37509
22413
4944
43431
1983
36771
18453
16266
9528
8799
26553
12267
24465
8517
29244
20046
36291
19767
26595
6573
8289
44319
40485
3330
36213
5436
20013
42537
12405
9687
14868
4917
32100
19812
22404
8139
11583
40857
24405
21111
23712
25017
7434
3177
7590
10734
42282
43881
30501
23877
5457
38793
42252
19998
16179
33468
25434
36195
5061
37842
882
19929
16815
7038
13797
39219
34236
44436
9132
13641
20550
32847
12714
2040
10080
20307
12777
7362
38244
43278
31242
43701
11127
28494
18699
27309
36018
18192
18504
41079
11034
38442
35064
27849
480
3861
41124
34716
3300
24312
22416
42906
31215
35130
19002
41298
29493
31779
3660
22740
4116
8958
21441
15243
37455
14199
42552
2529
32391
16056
43611
17481
28554
7731
19386
29037
30651
34566
37809
8007
13878
34281
5913
19152
43470
24915
15450
27963
30753
19110
24759
34869
28071
20259
5112
39582
8514
21723
42111
14961
11835
14778
32442
40392
22512
25884
43485
8163
15450
10350
35226
3384
44634
41139
22536
17160
40110
12042
19179
44919
31155
43941
34788
33282
19200
13959
27864
27714
9738
44031
42675
21573
13812
4173
16965
10380
30057
34506
37599
19563
44859
27825
42003
18549
43020
38598
35709
12186
24696
9888
12108
29907
8829
20952
18189
2085
8967
20109
3855
18705
38199
20586
40281
7011
24759
31302
36447
28872
20811
29046
22491
20670
30927
38553
39219
28947
6207
29928
41133
30903
13872
27297
15813
22704
3252
34002
43845
31275
28170
2703
4983
21369
23289
264
2436
22107
31566
38883
25035
26433
41985
2529
2103
27912
15138
15378
30915
21345
306
1104
7248
33237
2460
23061
10941
5712
31122
28842
11043
33348
31545
16026
9717
28893
35346
31209
6000
40971
44148
31035
22404
41133
7620
24510
43101
22758
13944
3072
44103
33309
4176
25410
21546
6636
22527
32487
31404
8649
16329
42450
16053
21933
32532
44826
5826
22881
31035
30882
18852
30183
16917
41256
372
43596
39822
43473
21354
8769
1545
39516
42078
24780
19926
18624
5472
42453
25167
10935
25161
15552
8385
41214
11541
14973
41043
17367
37854
1134
22305
30762
31320
13281
27021
31692
11877
40899
4224
7287
4668
5769
1803
20802
4605
21729
13482
10080
38241
38649
21015
18402
28260
3456
14616
39801
18429
29715
31227
30342
30852
8532
16104
36228
21813
17181
22920
7746
13083
27144
15036
36807
6972
16839
31668
11577
12627
150
40713
5868
12858
16728
24270
41118
39240
12942
9975
31728
42660
41202
17070
2568
23793
33174
38796
19662
24414
35772
27411
37497
17919
42447
3360
43947
14286
35028
10524
26913
35181
6240
6837
22095
42024
31107
37269
36267
44052
2244
22995
15768
17505
14121
37392
41298
21351
31188
15960
765
21960
43371
38262
13935
14874
41625
12882
3219
31653
42465
4188
40890
3705
11028
17985
19785
42135
10254
30108
15243
31557
27159
5067
4062
41280
42459
19416
17634
2703
35376
18399
24666
7806
30720
12657
41736
1401
25542
44955
7110
23007
4146
3003
768
34230
40044
20553
31365
24357
24720
20667
10914
6879
25734
34032
3162
42252
8448
20796
44955
17880
13251
43677
44742
43971
11337
41481
19428
10935
15492
26541
7998
38694
29544
8766
27924
43644
3375
33348
23001
28095
9015
7971
34977
8805
16059
12195
25113
24507
7047
25071
16446
20298
42804
35244
38328
28197
5781
12756
39132
21276
39297
2130
34026
42897
29952
16953
15600
7386
24357
12657
9537
7428
20631
18570
16233
36690
30765
41349
35256
37812
40476
25758
32169
38280
16002
25497
21480
21786
12309
34668
17118
6609
10857
6144
23562
14865
42153
39162
41307
21510
6822
5847
28938
1509
43473
19230
38199
29241
34635
2511
41109
30111
2325
28278
42447
18330
27831
37983
14172
40143
1710
31290
20808
12567
37434
44370
27432
34590
38535
23742
30156
19413
3645
14097
20922
2118
7383
33177
5415
42018
35691
1527
1185
38016
3861
17688
30402
5751
10674
44574
894
12384
30864
40758
44007
42357
40128
495
6003
7719
43293
36159
27132
1938
24312
22110
23115
31695
10290
28530
28713
20037
4113
3954
32109
7977
21645
17514
13728
32319
17088
33678
18759
22011
29436
36822
19368
43620
37317
44427
25398
35613
35586
26586
11607
33957
3699
34722
20652
13989
18255
23424
8082
22368
27378
40191
4401
4023
12705
37185
10398
3852
25863
3213
25863
29355
40035
19287
2034
6411
18714
27432
42024
28356
28074
8631
17313
31773
43356
37968
19818
35667
35448
27900
13035
17826
23094
17439
40908
9855
28680
25362
13707
9546
2634
13626
12957
42669
32913
14991
4080
6627
16479
20160
34986
18612
28794
26355
24441
1206
19323
44262
36873
9771
1218
23964
1656
43368
15459
16620
27282
44142
41982
40989
8688
44616
9618
40701
16344
16587
29751
39480
23217
1230
33699
32259
19842
17493
13614
44286
37755
6996
17604
29628
35823
37878
8592
11535
10305
24054
28155
37587
23196
44196
7632
5940
17868
36306
20697
34212
7896
5448
2751
5169
6681
36450
11484
579
27999
44154
18921
39810
25206
10581
24438
16032
22518
7086
27567
32823
5196
29781
44466
2448
28977
26154
27444
1845
17463
3144
10116
44415
8592
31923
23640
34329
42429
9180
8967
44484
8334
27888
39294
33543
12528
37788
23631
35046
44874
25254
22869
24129
10035
41391
633
13068
41601
28080
33972
33120
5280
18144
32535
13872
5067
30231
22260
2496
39411
31227
21036
2748
33171
15330
10347
699
8118
8034
35745
7992
33288
32670
6177
17382
3117
6813
4506
44721
8949
38478
32841
14229
11622
39435
28101
35745
24666
24417
12297
19080
29700
33333
40884
17874
3663
25287
37629
11781
33321
28377
38832
40665
35103
19065
32103
38223
25878
10668
12000
34827
4146
44841
4056
34827
39276
6216
44628
38001
4689
11928
31137
34392
19317
27021
7266
42039
26364
44895
27876
33741
2328
21708
3462
11490
14832
35568
23769
40710
1236
35769
4596
24438
35610
27708
33321
3945
7980
32952
41946
12672
18936
2139
2064
12309
29160
28386
9348
29580
2337
37227
37377
23724
32991
40839
35214
2823
5463
13983
17592
25755
4752
22188
24252
14418
23952
12573
37419
31935
19581
8421
18663
38517
10560
20727
24885
13776
23169
34233
17412
25506
26460
9789
4230
33510
5631
13500
36333
11094
27483
8925
10908
6291
5169
35160
39768
3180
2733
32187
35115
41373
14667
8778
8946
25227
3561
33831
13062
786
23067
30474
26292
23583
40266
4581
12093
19953
18081
3429
31047
19623
31410
16011
25914
10638
6171
20682
13818
27963
26928
22989
24336
41595
5823
33282
40878
28440
22116
27996
29226
19239
13473
29574
42822
27795
8211
9918
2748
26295
32403
7851
19974
18813
23865
19944
3507
30036
40629
17325
12999
41613
14370
11391
12264
39249
44676
8142
22689
40848
10197
25971
15087
23670
10548
12909
6465
18759
22827
9213
19110
10230
17064
13140
3102
14985
33087
6609
24
28716
42993
32079
44385
31419
17529
11649
25671
17205
38847
22416
32109
4044
3390
2196
1770
32994
34161
8235
25809
11991
36504
18978
41277
27627
32118
18435
42612
20205
25047
16692
22977
42096
22830
22362
28515
40359
8067
28242
31620
20973
5661
18729
44073
28107
39981
846
35157
29142
28137
15966
41133
19644
34944
11469
21327
41121
29904
18939
16326
29007
9690
13362
26103
32520
9780
28677
1935
17850
30975
33555
12879
36636
26340
11952
38799
21321
12798
28956
5463
14994
18981
20655
8694
27981
6180
30021
24102
36084
23016
14487
39150
32706
27849
39309
39282
37629
22986
41217
29535
8964
29772
42414
19656
11112
9369
32514
6489
41223
35526
11955
11217
28563
6666
19911
11547
12846
4932
9705
22986
2007
43248
17136
34713
26097
11448
28998
37785
8490
44271
41376
36510
29046
38793
30225
14214
22218
36795
39762
37497
27321
6717
3717
29943
13383
42684
15546
285
21675
25251
23271
23682
23502
14466
32451
23655
44970
35505
35496
27516
34779
5931
19029
37881
44724
23310
26151
40998
15105
20913
33495
16482
1686
11268
1425
34125
28011
16971
34410
4686
16281
31740
2424
13839
1206
34875
11550
1176
44439
21105
28692
8274
27036
21777
1155
816
87
1362
15870
34248
22278
23421
24789
23964
34692
270
32148
36759
36300
21558
15501
7581
8298
17925
40476
28560
26856
26082
3792
351
2187
32487
8625
3279
28320
28836
4095
2466
30201
39021
36714
7479
17445
35559
5499
26193
35832
37647
17952
27132
33264
33453
8769
15618
6378
23301
44181
7290
4383
2973
7644
25629
9516
16269
28908
37839
108
7062
40305
4365
1083
6075
30900
18528
41637
36399
44721
6525
3105
36729
33657
10425
25182
16482
26043
5616
39783
44280
31965
44166
2256
39609
43851
30828
29934
27762
42723
4098
8880
38028
8463
9963
18162
39363
2550
33855
4821
2271
40380
7926
39003
3093
37407
38241
19575
18450
43860
33414
17733
4881
6636
39045
44490
5490
24873
3480
7308
22599
7581
16188
34683
16044
26151
26901
10410
28701
34812
15231
5031
30192
42213
18090
7341
34620
11331
26916
27126
29247
34386
44859
34128
41025
12960
7674
1515
11892
11157
8823
8547
18738
44067
17286
34782
25218
18246
19248
27978
8058
34479
33009
38253
5748
6099
594
40368
36486
1569
22497
20736
10011
41412
28920
6036
28431
36597
26607
14379
2754
9486
22926
21492
8553
14268
30330
7830
32514
4581
35808
40575
13116
23817
7884
18867
3972
8478
33291
40458
29103
29844
35250
13173
315
19173
19209
28746
10770
19875
43125
32580
29361
40107
9072
37917
9375
13458
747
15948
18039
10611
11523
5214
8484
19407
24081
12456
1941
31428
26970
5103
16275
17223
18276
16590
10452
37485
19392
40278
12360
36573
27858
15780
31680
10986
27753
15111
24444
2556
31059
16542
13167
42582
21756
21651
36045
19893
8163
37989
6321
9189
17148
41652
26412
35424
13242
10920
1965
32634
6198
33384
24207
34056
4164
29943
42
5973
57
43545
8529
5172
15087
21696
21813
10899
17403
12858
30792
44622
24903
11169
8811
42051
7824
9282
6531
40122
20202
8499
27759
459
41883
26022
34515
20103
30024
8616
26076
4137
7161
34605
9309
22248
30357
31122
7203
21816
18039
12051
21438
16998
23220
4305
33108
5100
13587
39639
225
7848
3138
2040
8307
19077
2118
42822
39180
32142
25494
20256
36279
32655
28917
19647
28959
14274
24825
36162
10146
16920
3213
31584
33921
492
35892
22029
5592
23535
35724
24873
31383
12921
969
13746
31998
3090
30627
237
9288
11121
39549
19626
43779
23469
39273
1794
11799
19098
37959
41004
36021
41172
27588
43998
15720
37536
40083
21315
35130
30807
20244
40569
17784
21216
9318
4785
43362
14001
24078
26706
25122
18627
1332
42957
16152
40605
44754
2010
33762
11769
43014
43839
7941
44658
42837
42720
11253
11976
38091
1383
42783
13335
16008
15570
8607
25326
39411
6969
13383
37545
33678
38508
11172
9066
10521
1383
23730
10275
22449
12492
22044
20463
30387
4044
39177
28224
1764
5430
40200
39855
25869
12039
27246
41880
1665
35856
41262
15132
16881
9648
7677
24615
22212
37908
33684
32733
13347
12414
17067
35796
43962
13167
11259
29349
17211
5436
31629
38031
29925
885
6942
10794
12924
8247
26730
33648
44103
22995
22836
15984
6699
30516
40602
28911
42480
3342
35700
10827
15756
7767
1623
14718
20937
31938
44067
12204
11430
30696
24294
41355
31581
31236
26208
18561
39483
7938
26265
12642
4989
4104
2685
30744
8676
17343
14655
6156
20685
24414
36039
36441
32181
37662
25215
8118
24600
24282
39381
10086
29034
18675
6444
34671
23967
32652
27288
37509
14646
8556
5151
38694
31716
7836
24438
40392
44235
13152
20604
19920
37566
11643
11361
43803
23361
10632
25980
22017
34914
20361
32103
38004
39036
12603
1731
37059
255
29022
29568
33960
11634
8778
1710
43350
35670
26148
12798
34908
13356
7458
9828
5922
19101
40248
4728
16518
5880
30708
38535
14853
25125
44694
7857
38217
12300
9591
30276
31611
12669
33903
20571
24303
42681
22281
41709
33351
22488
9507
23259
35844
16965
7146
15825
10122
2394
20553
26640
27330
25317
39231
42183
5442
38925
24099
43659
6225
7746
2991
37839
39471
36894
32466
18774
34575
28806
34539
41985
6294
18102
39300
16194
9123
1446
32019
38301
22896
7572
19941
5229
6945
33228
21468
12387
1209
19623
30102
26493
27369
33096
19332
21840
24990
25854
14670
33624
9660
4209
30609
35010
41367
24909
6207
5490
414
38226
43791
23310
19857
37788
2595
26802
72
24066
13248
1284
43689
43350
27777
117
5502
21165
41013
4551
21075
10686
38175
30738
33951
42840
39804
4377
22749
20067
9867
42219
13296
27717
20532
7209
20505
23127
34011
20580
21249
21315
40920
38997
19668
23697
13170
44226
18918
9183
3777
39993
38925
16008
44787
1935
32904
39594
6312
10656
14661
16179
26931
2013
43896
2463
9222
38460
44649
17292
33096
39954
38607
29016
33951
32331
26769
2121
31560
687
30363
9393
40680
24288
44460
40470
26223
32364
9120
32535
17076
42837
22773
44010
18909
40725
20529
2187
34185
20178
19479
41337
15135
13089
25353
23142
19476
7122
44322
25092
7809
29685
34488
22548
8973
8004
37074
9255
40368
20250
15846
31503
37143
38619
30513
11052
8403
6042
13242
16644
279
6777
12984
15414
38922
38337
12612
13401
19518
11934
38493
1383
41619
2037
23931
24651
10041
35061
33906
24468
10311
4752
10971
21513
17430
15540
32565
25833
21582
19863
42477
40917
26643
10461
30387
39621
22857
43002
8022
16431
9936
20574
17814
25614
22611
15804
5265
6711
5865
13227
5235
35235
17979
16206
30804
9465
31746
18369
35298
27384
12291
6834
23304
12990
36351
8691
7611
14208
25749
34692
30639
35688
10266
22512
35358
6933
38316
40623
32700
18237
8850
37935
27528
885
28197
13332
29409
14943
5760
38763
16386
18051
597
13746
5097
36951
41493
12708
25215
22245
21456
10857
31989
5778
7425
22347
12714
741
37026
19470
18978
19932
12408
20565
39873
40605
33897
24282
29607
13713
