16000
4149
8658
38331
38745
11379
43005
40158
1476
13947
28263
7086
30081
26070
24177
5289
29778
37620
46278
27516
47208
39633
34104
43701
37287
5346
40590
8586
3369
18201
45405
29787
35406
6066
33174
39207
30501
28179
31368
45033
42126
24687
4119
37263
2757
41352
7611
45594
30972
18945
25110
43239
10578
24273
38940
47868
29619
44586
21510
32988
27843
18915
14775
15252
24981
13008
19515
20538
41187
15939
17571
372
5685
34746
37635
8442
28101
10302
19092
24129
29250
9261
32424
39828
33534
23364
4752
28209
19953
26262
13197
47796
45180
41028
28104
35217
6036
12678
7758
12282
28617
38385
25710
34302
25134
28401
7803
18291
38706
39951
7476
19956
14268
39903
24840
12858
28323
29595
41067
13332
7857
19320
26187
18093
12351
6291
5313
31443
32025
26127
8781
25701
29568
34491
25059
19758
14895
45918
38049
18657
37872
10584
38613
17196
2487
28509
30057
30810
10104
23124
44145
31020
42447
35388
14169
19854
6735
32538
16353
38763
10665
25137
16464
5292
24684
41523
25050
39579
4500
15102
23292
42372
38742
26961
11568
41229
7473
6681
37095
17577
29808
46296
13653
37311
33684
27825
22221
40422
12363
38574
31185
36087
15711
12705
41379
5454
19284
18429
45033
23784
46587
20328
31212
37329
47289
7839
43614
19818
14520
32712
2454
9384
44064
16107
11751
29751
8988
33972
35229
34410
24549
31470
22497
5316
44175
28932
10770
28515
12417
20862
17358
11007
6246
13626
13392
18591
34521
22065
38412
1044
19833
40866
23484
15897
22029
35238
10704
31020
34266
45933
17430
10815
29403
4983
29190
38634
33915
39960
32208
46332
25878
1566
22395
32124
28248
846
15774
14772
22911
6186
28872
7800
12108
4356
23697
34137
4650
34404
30213
38919
45393
47643
14790
26799
17682
43980
30489
3597
35943
14697
14988
26877
29319
2439
11004
9570
3285
26778
37398
39252
46020
18270
47052
10128
22626
35808
9321
40335
35268
39537
31254
32661
4236
46044
24516
34977
42027
7008
3630
43026
34761
18618
21903
29139
34116
45963
3765
2457
37797
41163
41712
35817
11433
5820
11001
47115
6684
33381
39450
41952
37974
35760
39672
7266
33807
16188
42243
40890
36252
45876
35916
23016
29550
22875
4155
15666
33897
7920
18126
23694
14139
24894
24570
25572
43770
627
37743
2457
34008
29196
9465
23982
30012
1137
44307
15819
17328
38550
21765
5580
36426
22737
41652
17979
45615
10863
46701
31512
31839
29883
20262
45978
6777
44832
36606
15606
10518
26352
18063
44526
20604
40584
33567
2616
41724
29874
31494
24108
20424
5259
42744
21909
27999
36399
4944
38670
47262
16701
35238
31104
46587
7500
42138
5364
17391
30747
20970
27909
9099
4089
37491
42759
44676
23058
45375
3456
17988
41925
27564
3471
47187
22308
25380
40242
23763
43380
30912
36084
12081
18150
32244
10668
38706
26382
29091
8097
9129
15117
36006
31284
19209
25500
26043
28941
13614
36477
45453
31605
30402
25017
35076
42645
12381
25512
34887
36147
20892
30855
37287
46029
1005
21531
8700
39714
47913
2847
12867
22101
17964
876
5385
2229
39432
44487
31170
5046
46020
28623
1707
41478
18696
36783
36126
31080
27351
36069
32283
243
18927
21570
46275
32988
43101
20031
24702
8070
22878
37572
30171
40842
3504
615
43074
42936
10158
39300
13038
8178
32982
14748
1656
16734
16587
2838
12870
43941
38910
45153
9240
22893
31779
20571
7881
39936
5658
45642
13065
28536
270
43236
34437
16830
8907
42567
24822
19065
46923
37860
40299
44961
17664
7014
13698
47310
9852
26568
43251
13818
36780
17547
36711
33615
3177
9651
25554
8835
20349
38619
37374
20619
46911
36867
37449
7821
31434
14271
39942
43413
17187
45300
40377
34854
4314
6075
34164
27222
45699
42471
41043
34479
25074
42810
20097
28251
17517
10707
37089
37866
14382
39519
23541
13293
28386
26046
34170
24876
5373
39171
33345
22563
36471
25722
22473
5841
44853
21693
33063
7611
29220
39162
42090
6294
33975
27243
34548
16548
3006
36693
6417
17388
28212
43014
43740
21654
21063
29910
11586
26436
34137
44931
14055
22608
35712
36528
28449
45621
23277
26571
5232
4497
17733
12381
23850
3708
4680
23454
33315
7689
12147
39732
38133
5415
47802
33873
40125
20865
28842
16767
47304
14979
26754
26415
2646
14466
14946
44151
12090
3279
22722
30378
7779
40458
42759
31629
9222
47442
20139
42537
7131
32286
47325
45264
2757
47130
44196
42882
33051
25038
24705
45411
5073
3459
23829
7719
30984
38775
3873
8130
42054
39651
38508
14889
45165
33270
11574
6390
32712
31713
13983
4899
29055
26367
15219
31812
38553
11415
39750
23604
1509
16455
21018
6585
19917
44847
27360
2901
678
44289
11031
7788
35943
14595
22680
33108
47865
47310
4554
45633
31026
31596
15588
25137
9963
30810
8952
516
7281
702
24120
21849
30216
10194
41490
15189
7041
20850
18090
7719
17142
42177
28566
18141
8772
3246
16305
21696
15612
20862
19329
11694
4458
34920
36834
27477
30786
45786
41049
3123
11544
17169
24972
6816
27366
18462
22005
47463
4371
40095
20241
21513
47328
807
39654
8103
17109
7959
29799
32721
41877
14184
44418
11391
14160
33252
3924
10002
44094
44973
13128
20694
14145
3156
27513
6567
34677
1518
6030
39048
6672
39327
25617
6000
40134
30327
27159
9243
3342
22014
41967
10278
36201
3441
21669
2361
36693
25596
12366
45843
35625
38550
18537
1770
6762
46050
21393
41439
47571
40482
45543
6243
31809
23160
25299
23946
18543
4461
46245
21888
26475
40212
32166
14676
43653
18891
30096
45402
9543
7518
43245
45171
11124
13785
11997
17886
24891
46449
11328
24462
38931
21927
43761
35796
10146
21063
24798
28689
38580
23046
15633
17055
15258
12855
44790
23970
31749
39942
34428
6348
47460
29676
16575
10584
8517
28575
28470
33408
40080
4854
22929
31011
26784
31746
31863
36930
17865
8664
30675
8445
31710
46311
38559
12024
11166
35349
1050
7971
27291
35481
27378
39807
30213
43953
15447
38730
37584
43917
37194
29664
13830
25179
25731
5670
8928
9597
7656
26793
18261
38331
297
1971
1698
38856
27051
25923
26205
28104
33894
18552
15585
26328
23415
45798
22284
38862
1584
24924
34779
3834
6591
13665
29016
32322
19335
3000
6975
26991
42849
25236
30381
43146
40263
32079
34002
19317
10002
25263
12477
8955
8871
28062
35283
32286
38916
22623
23148
5556
47550
22986
22446
19197
36651
3462
3519
21045
19518
23553
13092
14370
789
43473
9516
6111
40611
8577
38484
2613
33840
2961
11568
7770
31023
11910
40056
34995
34533
15207
40551
34083
3249
28053
18336
39900
31518
34914
26001
16092
10467
39096
30462
24312
47625
5037
30423
40236
13614
20907
7908
12510
23868
32532
20280
19947
44442
25395
6942
30978
5658
12549
30117
8907
40605
456
13863
37179
35370
39867
18327
10893
44019
792
35205
43644
18885
17631
939
32499
3594
8847
10065
27465
41379
43404
12468
2880
20799
32469
33858
39513
10074
29031
420
15735
42543
14283
17970
42969
6150
36300
5862
15225
37092
6126
10872
7977
23757
24867
5532
40407
33714
28653
32928
40149
24057
45399
43029
9912
29868
41943
1425
4998
36033
14901
20736
30576
29187
38706
38604
393
27006
9522
15621
29154
15648
39549
37131
4461
16416
7719
44871
15186
36375
29799
20391
25488
40254
15423
459
35178
22422
14940
40179
10455
29844
12915
6090
24087
16677
44694
24480
43686
19272
5157
24840
34923
44706
27030
4440
26178
34749
14367
6420
23124
44169
26814
13671
1479
7293
14130
36660
29715
29070
28839
40173
10914
6810
46263
35001
23487
8013
24540
32229
27285
29697
9072
27264
39462
1158
31707
30696
35907
11130
37119
24090
7299
28989
37761
21837
36282
16947
10497
31053
46017
4392
23226
21990
24258
34545
22047
47745
42558
11643
45033
34902
6399
19161
14166
45861
20319
10929
28557
8226
22062
30732
45372
42417
24777
189
16254
13059
17136
39807
44115
28212
44199
32397
2202
20457
18945
37305
33261
26559
14007
43350
13461
20406
14511
40686
18267
34830
3615
11880
8112
38733
7671
5487
46209
32448
5676
14463
10566
22815
19329
19737
16083
28584
4134
31341
14100
36135
20646
47361
14697
34653
7767
28158
7059
22278
20844
38382
9108
37518
15321
30276
28251
22992
35763
26460
7440
6498
5982
31062
42369
25311
2799
10452
18951
6936
41793
33051
8127
27495
45468
22824
27207
5235
2985
34266
27513
36885
37707
1677
26403
5028
31956
19713
28020
32775
11229
516
39273
30267
31581
46698
20634
47436
9150
39588
6372
15999
24639
27558
43497
22110
2382
22704
27345
18423
22026
19917
7311
24789
21594
46770
29817
18606
31539
22893
3384
42771
23412
7713
25038
20049
6414
45675
19485
28620
37263
38916
9678
13902
18474
5175
1068
20856
40935
28416
4338
28017
333
11649
4809
34983
23475
34626
18648
7017
9522
22032
1788
45990
42801
39882
18039
14271
37557
2580
7950
39876
41496
17628
18837
11970
35859
19905
45885
28794
321
2223
8811
13710
26928
13620
13752
2403
249
32400
22476
22827
19488
37320
20817
14289
29205
3912
41619
31818
6492
1569
36753
13047
32253
7590
25017
20112
27495
35958
906
40875
3237
22773
19641
43221
1452
33393
10683
14757
17793
33159
37584
37281
22482
23457
16629
16743
27369
23304
561
46917
37929
37314
11964
22182
9960
2040
42294
37458
3054
8256
43389
6294
44085
15030
1515
45537
426
12198
12294
31275
10416
14934
20559
32898
38391
2244
1641
30816
25548
15258
29736
15477
17631
41700
37659
27591
8796
45009
30105
11853
18321
25494
18147
27462
5583
32718
25002
6009
9975
2352
37284
20391
17289
22899
18345
7680
25143
33042
3555
2691
300
33291
31224
30987
40047
33939
23637
13902
30948
5742
25755
14325
44295
8958
41790
1878
41676
31848
7887
16707
47256
10227
37098
16545
46185
20499
37284
23328
5541
40839
39078
18900
39186
35358
1887
44289
21300
25524
10191
4248
44325
35946
31632
40620
9960
38478
7554
16695
35382
28497
33402
34638
38724
35559
3186
36909
8058
5526
25296
13602
11421
29430
32502
2607
16788
47445
11952
38088
24972
22146
7395
34353
23148
4083
40029
33111
42561
47583
1806
29943
28080
264
29637
31860
35823
45879
20772
43884
3405
11124
9486
14826
5610
41988
30489
22398
41433
7500
25545
31461
42702
45996
30870
17850
2079
22899
16017
44640
22482
30879
39639
2562
31146
34332
34425
18969
32214
20253
14853
35619
44433
37395
15504
2043
44439
11049
37497
2931
31605
15042
34392
26307
13038
30321
9216
28173
5220
25233
37869
40761
21171
29508
8379
4317
15843
7860
36342
13113
28113
16254
13788
37602
5649
29292
4701
2091
5400
42201
5022
37005
22299
4470
28371
396
47847
37587
28569
5070
27876
18441
10887
1047
13005
19266
18420
41904
27129
6765
7017
20298
36075
20808
22959
6780
15156
27660
8871
33612
21861
26949
22620
44163
44478
2991
9615
9381
5634
38184
27507
33510
21681
38394
34560
34689
9663
4980
41649
1848
24801
669
22146
12876
34533
45105
19659
1689
37824
41586
35304
11685
33594
22980
20904
43128
39027
30519
4509
44661
33762
32019
30171
7443
35469
29787
7188
45132
47826
840
12036
24627
14565
47241
2562
1098
9402
35277
15843
47226
41919
16203
10914
27513
4239
44874
35697
43266
40452
5265
4983
39270
2340
213
11769
37809
30000
18960
0
29826
32856
12036
19512
47421
11277
22074
13575
20682
9351
42474
19908
3270
10680
43878
43842
14919
5811
44595
23244
46263
1860
28227
2589
4200
41496
14358
42012
23499
46374
7068
18381
31230
19104
37893
43707
30384
25023
22338
16122
34374
16815
36030
2703
27495
44967
11601
7470
2778
8196
30714
14097
23115
24000
16686
40371
17496
31044
34383
6051
29421
6507
37491
25707
25614
27384
21417
21054
4410
43755
37176
3840
25626
38262
19599
5121
35229
31200
25650
3063
4455
8364
17160
27570
45420
46902
19941
27975
29949
19383
47082
24426
25890
36573
15189
16560
15960
1662
37614
33426
10476
26790
37266
36102
17055
21924
6282
17340
5124
31932
20406
22635
5352
37566
15261
2775
36471
35205
43806
31476
19644
42888
20958
10590
44520
36147
27153
25536
2868
16767
10962
13344
8616
13284
1446
25671
264
7728
43011
5391
39660
15417
41082
45015
18042
8346
12846
19569
8607
21708
3045
28251
29652
37059
3897
26172
38262
31050
3708
41130
12876
27726
6474
21492
6069
7923
47163
6333
28707
7230
24780
20370
35706
17865
30441
5748
39267
8343
25317
47874
30051
41418
28125
11703
43533
32022
2934
33795
28131
19698
26928
41007
12483
33402
14499
31608
6381
26718
2997
35091
33948
27780
20517
34710
10701
2958
40458
15024
11301
30831
14898
6408
37305
8079
18111
32838
5157
34101
18636
33288
5802
10620
39351
18285
44022
5850
1893
2406
45624
4890
2553
31575
45726
23070
31341
21483
26028
23802
36507
2385
19689
3405
8793
22053
24540
39960
6891
29700
26064
38583
14988
44922
1203
6342
15207
10284
25248
30156
25746
22875
35046
28299
19506
45831
3369
2847
32370
42453
39705
20880
44838
11397
37341
18687
46506
13884
10647
5397
43584
1767
9039
23628
46689
23298
29970
26952
33582
20277
9108
11328
43152
9213
39627
27714
20100
8052
43617
4470
2505
35325
25350
47343
11778
27750
31086
10284
41634
6792
28737
2274
8559
2832
25902
20307
26133
20931
12315
24771
41208
21426
36102
1416
43695
40785
29130
15795
13896
24747
33321
16401
25128
10674
28803
36906
3480
11889
12246
45114
18681
6042
47388
40299
8874
25290
25662
35007
46221
37977
11781
4485
11403
12939
5901
20154
18780
87
1005
32676
37893
34329
14136
15021
10059
42939
16986
13539
19884
42288
10653
38568
330
23097
43923
9207
13443
21585
9270
11667
11562
34107
29208
36024
47046
35112
8178
30885
35199
22242
15561
25092
8571
42753
5172
18630
37692
35214
32169
9579
29502
7878
13203
29835
30975
22182
4098
44418
43767
13368
21141
20385
47478
2352
8409
11580
2520
29646
42465
37719
16944
23085
27870
25515
17838
46098
9201
20589
33312
41370
43224
27870
14304
21483
9705
45279
43665
13803
6753
39432
40230
40953
24873
4764
43305
46341
16344
45825
41043
23868
600
9987
46953
41526
35502
29847
4680
44703
15492
37992
3129
10716
17865
17433
32199
40626
27768
40920
19488
47577
45408
24774
40530
22284
29538
891
20625
45882
11772
13668
21750
12375
23655
33759
18957
24213
28665
23640
33972
44157
26688
37101
19932
9609
19590
17187
2238
47358
10110
34782
46935
20574
11556
4524
42858
41094
5415
28539
4032
17190
7263
38841
42621
43974
24600
26634
20187
18321
2274
6159
27537
42021
8316
12525
3630
27906
29712
18924
40320
4878
5706
39258
25455
30318
8838
33369
23412
14253
13911
40503
44499
34230
31344
4176
30207
21000
30813
15450
39324
46143
34668
18861
40164
42984
31386
8853
35949
26154
27777
28269
31035
46542
32583
21546
41916
41421
19971
30387
20733
33882
22890
17232
33171
6234
21411
15378
27234
17280
43884
18558
15423
30552
2475
20646
38595
46917
29499
26544
25074
22332
19869
21165
33930
4455
7767
27849
10932
27738
10236
31665
26679
33126
900
11850
39360
35367
40284
31650
4647
36168
2211
33126
18723
17742
5772
22374
16662
327
13974
6792
22662
33843
27957
21648
3354
780
1497
14289
28518
24789
45954
7197
9915
11910
32103
14331
12333
24387
45984
30036
12558
13251
15165
44337
44049
20937
31767
12711
21267
45741
32559
8985
44640
25572
30633
47997
26352
32133
27342
19929
21978
38352
27126
31896
15321
24288
11283
27654
675
22323
9693
26289
630
24858
35682
44682
10851
32505
22449
45174
30246
7011
6159
39945
45639
1851
39942
23994
47040
32340
43923
21018
22692
36105
4914
3069
12393
29256
30726
26127
16635
5475
17472
17268
43389
18213
27006
6240
2718
1455
16473
32967
21522
22632
37968
19164
24483
29910
8214
23523
27306
4137
44544
15054
5298
14514
18126
30750
8826
852
8877
25464
19383
39405
7788
14772
9618
34794
34068
12339
1305
2541
10362
35886
38232
330
20106
27771
43296
28320
16353
35658
45513
12897
2712
15867
40467
20838
46617
14352
34746
20550
39816
6129
11958
47604
33957
21576
47454
20028
46971
759
35625
22389
36645
25857
35775
21807
5631
44127
2127
35040
31785
12696
12993
34500
28566
5460
7338
40239
32868
42087
12792
24684
13272
24750
37344
47232
11382
1854
32316
23412
2616
19941
45801
4317
10857
33579
26127
29544
42762
41310
16584
26550
19065
29577
13050
12687
93
33444
4926
32964
27531
17718
22704
5862
7524
25107
5094
18909
26961
37410
42321
42633
22407
5178
12009
46320
3813
3192
27864
46578
9558
44448
25128
28623
39081
3234
6366
39177
36678
11295
37197
16212
42069
11901
22074
1596
2064
40224
33561
29028
42690
27882
36717
30153
46116
726
28476
1932
3918
8340
13566
13479
17847
38694
7158
21984
41928
13527
13161
30606
37878
15414
11874
31947
40374
47004
33543
42438
4284
32160
36522
46974
12042
25242
42186
23217
25968
22662
38205
42945
31002
3771
21480
13905
7521
28638
35892
1449
42165
14109
45111
45099
29526
22044
29049
21900
34104
27648
16338
3447
11811
4863
15477
36909
43161
9663
12126
21129
32325
2331
29130
28386
19158
2610
42291
26679
31251
30183
41184
38472
9351
38298
35574
38877
25398
29679
12777
24558
9327
42171
28005
21138
12090
43485
23106
7251
5148
288
41439
37476
2622
22569
30918
21780
25182
25209
13518
21489
20451
6702
25017
29802
10056
25647
20679
35454
7326
46512
12015
29712
5739
5076
15906
17832
561
39012
25083
18768
39303
31578
8244
6981
6150
39162
41817
44388
29427
7335
30933
1878
14040
21006
44736
24096
46656
30471
24609
19038
28983
1680
750
47781
6756
16659
17613
7320
7671
7752
39144
12030
39333
12444
19011
10539
16662
12831
19983
46089
33222
15972
13026
47262
36978
9762
36417
35634
5292
13026
6675
47331
14706
20481
47112
21462
37140
16725
41838
9870
24480
32982
21900
28869
45426
5970
4464
14088
31857
24447
25236
17079
5475
38262
16344
42453
13080
4761
43146
18372
17787
14877
17706
45549
35358
16818
19011
24501
46602
25908
47427
36138
10890
21327
17007
21375
40353
21471
519
24210
10974
25755
41292
16449
16017
22692
23958
42156
40509
19104
12528
10296
33981
43290
20901
34398
12111
39912
10899
10713
30876
23382
46851
6825
9765
28914
28200
2121
15441
28719
26331
39471
6477
32679
20976
35550
7371
44934
29706
47880
16041
7293
23232
15078
2583
44133
1476
14694
1104
25431
38463
31980
813
2370
3861
23637
44340
32061
25758
24837
25839
4089
16308
45372
1827
37284
32922
9198
47277
27687
9081
28374
34980
32313
43452
2619
41505
9987
30372
42609
474
20835
39645
14346
36264
43509
37983
32604
40626
15741
22500
18465
32886
38808
28893
34713
41151
26874
43914
40428
6561
18051
20802
6597
15420
29310
9216
21981
4353
39588
29646
4830
25482
21294
19176
13746
29859
9159
11406
35541
37956
46962
19065
22842
37773
47958
22614
43980
26832
31584
1464
46449
1635
22266
18102
30111
16632
27321
4095
20988
31965
33741
25818
9447
20091
10050
36249
15006
19209
12714
2550
9165
11676
21615
45063
14505
21573
32733
10485
13464
16317
11949
24969
31008
47271
43074
26178
15906
22395
30273
1950
6360
29070
40824
28866
1164
2874
30171
16170
22083
42885
18720
44304
19620
5391
6423
34125
40023
39159
9669
5487
20532
34674
30456
16599
33948
25530
42777
14910
12981
25050
29916
32400
6120
22740
26322
20340
25614
8493
36513
47697
16437
20289
9057
36057
25683
28536
35238
30762
32751
44907
36249
5286
31584
31761
21885
30588
22350
16662
45498
387
6768
27414
32787
12888
2154
24165
46287
40824
32661
34800
40521
14154
20145
14634
2211
10884
43170
2505
41646
27924
47415
42951
46266
44055
39771
33207
26643
14121
1869
37197
14508
8637
29667
12354
34581
31821
36519
32868
24645
34236
32724
30222
390
17928
9912
15657
41868
18138
18165
35517
11118
30636
43524
9384
26691
35295
42591
18390
1416
9516
7587
28983
31209
37254
6393
30849
34131
7968
28773
23832
42207
26556
19110
7653
44484
42078
36369
38352
12216
19590
38925
23337
15282
34452
45777
41973
21747
5427
25419
36222
14943
33006
17205
11211
35316
23598
42060
34503
44622
22833
10335
38829
14445
42501
11541
10929
36579
12966
14340
13851
45612
18321
37188
12894
4773
24
6867
39579
5451
32286
27801
33450
30348
10062
44661
30720
46716
3777
17223
43338
39669
40614
47226
6114
35115
10767
17046
36750
36789
44442
2601
34401
14763
4848
47295
32595
4872
19218
24174
10323
16560
3975
43773
11964
14037
5493
42684
12753
9270
11907
8091
939
17577
20373
7056
17748
44196
37158
6498
32985
33600
22155
32442
13419
27003
31737
46014
44931
16011
22188
7254
32571
39219
16086
44535
18312
21579
4275
44121
43905
29238
4215
44847
46815
37644
16959
29619
33843
6117
36117
18828
4773
23331
3273
18192
15390
66
29265
12324
16080
3453
19578
13707
7731
720
10245
26043
22299
27576
22167
18207
8817
39438
28110
20688
29082
45069
2310
14925
16242
3483
46812
21015
26814
2085
4263
42207
15207
33528
6531
31287
2040
39165
44997
9771
39888
20298
35814
27243
47874
23037
10506
21747
14475
3672
42438
8616
741
44748
23541
16983
231
22353
3054
27048
37494
7320
34311
4704
40848
5898
1047
42888
45063
46044
17715
2007
31398
18588
29253
44331
41625
4815
18078
21159
8490
12516
29775
22287
9264
5316
4329
22554
40728
7383
14658
43278
14703
969
47982
20610
6867
14088
28554
16986
25188
46272
18996
8589
16860
13305
4920
23541
31176
36054
44700
39666
13629
26475
27012
35949
44850
31341
10503
2634
38724
25161
45912
18486
39186
10953
39096
46053
25041
32706
28098
2229
30978
12150
23874
12894
38511
41850
1494
21687
29907
46194
26412
43536
37728
5424
44541
47634
36765
7047
15324
27489
32208
26292
11031
36453
37245
2127
47562
27342
34836
27660
42630
30870
39810
18504
8823
30321
25413
10317
17067
7320
21567
43479
15912
24351
13959
12453
37041
2724
32556
4365
43269
29823
43716
6303
18276
46017
21486
17838
25362
21378
10557
33048
17307
2367
3552
26130
45747
28965
1503
27870
1341
36126
23349
30309
25536
2364
7821
27633
5088
5433
45057
13413
35256
40773
32772
18588
38790
6261
36429
29208
40695
46986
14256
10002
14409
30867
1188
25212
24888
2691
5082
39288
3876
41487
21597
42468
43851
42474
22101
13995
12966
19158
27411
222
11931
12183
18813
2724
31500
20298
44988
24198
32340
11247
34200
11805
42114
35391
37020
19002
3138
7158
10290
20070
648
44946
14538
9555
4476
36642
23553
17442
20856
16020
30723
32790
41259
14592
570
24762
34890
45558
14016
32286
21861
216
44091
15975
663
46167
34980
16860
5328
10326
36930
5976
7272
16527
28587
24807
18225
4140
42249
39081
20160
24972
36927
13422
39564
37497
3240
39510
114
17256
23796
21975
30528
32946
37953
31194
31113
37989
13110
36441
13371
15096
7473
33702
31623
36063
10509
1848
5259
17814
5988
38478
42789
42915
16956
47409
45471
20196
3978
45585
2508
27774
19560
33036
25776
22569
29286
8892
25614
42396
10389
4044
9495
30921
37746
6174
18984
13311
21081
37299
31125
27069
27777
38970
21984
44733
3438
19455
29985
7416
30096
32493
246
14715
30588
26025
37284
11874
34917
27957
19329
10362
32001
41880
41283
34803
13110
25323
114
34191
14625
31239
13260
7458
35268
303
4194
38706
32814
47235
46122
27969
44787
46368
42684
27375
24393
45024
4305
24366
38037
36690
34731
22038
30570
41070
8841
8739
18396
22011
42930
33021
5253
21249
40479
40521
34608
9729
31227
32478
8967
42405
12447
5754
40773
7131
46185
17169
17214
2490
6591
7251
4239
41322
42348
47865
34395
16245
8604
17847
38259
3537
2868
8568
37842
8403
14145
24450
31191
10428
8928
5214
4833
21378
24024
45606
41565
22209
27831
10779
37755
34425
18033
41994
40803
12381
6918
40254
28626
15522
10101
31941
19059
12969
40509
8901
34431
6654
46407
30678
17082
7338
35892
21915
41772
11916
32580
35337
47181
12411
11175
1992
11892
29208
9045
4698
6645
15963
44952
327
31485
7056
32271
15603
33081
24780
37560
32568
44493
35970
15246
13575
8364
3138
549
2136
28110
33129
37473
40347
10596
648
7398
22491
42912
16443
27189
14613
45462
37197
14943
42003
44253
12270
9606
42393
2106
12225
26961
46599
195
42210
25233
21615
10404
38838
23751
3573
23967
26280
8976
47619
39987
16374
22110
34899
45873
14355
14571
8391
16611
42570
2397
12864
6840
25059
20313
22002
37284
47277
33660
2535
6543
23949
24150
30003
14787
12957
33576
3810
39240
7611
3429
31227
37041
38598
31182
34917
18009
10809
8364
34620
5379
10761
12543
25275
35823
32856
12336
38163
45189
45996
40701
3732
21945
29907
33738
36732
42867
32370
40542
47163
39981
9027
30390
29025
47625
26628
28998
30693
37440
37362
17313
7875
126
42912
46209
1005
27771
10545
39168
38016
8541
44925
41751
43542
26835
27489
32274
34758
11859
37872
33921
3843
46899
29367
45924
11583
21051
26922
42276
23547
16284
24645
31425
29466
32616
42690
30471
25443
5235
34698
15459
13776
31623
9210
22374
23514
1755
6648
10272
13617
9576
9249
30516
21531
38616
41496
33114
24726
20418
40446
273
1758
30150
44754
31227
14766
39444
26754
5265
9735
13452
20724
36567
10134
29937
10941
33648
31692
30645
8979
10365
40221
18228
5937
13755
21903
47433
11925
11685
32907
17430
11958
34668
12636
21771
30951
40458
26271
9705
45723
36009
36216
18447
24576
46350
13440
35520
45054
10191
18165
6033
33612
23445
37320
39552
37200
24279
4041
14181
35964
36951
31611
47922
23619
9303
34749
6570
1761
13023
29331
47484
14088
30603
30990
38664
42009
44430
39240
39066
19677
9408
10155
5292
45909
12531
9900
165
36810
13941
14346
24774
2892
11016
37755
26511
20319
24504
46137
22083
2583
40527
21567
16671
23130
4557
7338
30198
14046
11634
21264
33723
34098
44475
4071
32007
9009
13971
32172
10875
27915
46521
35652
30807
22593
25407
22377
42912
14967
33570
16995
17553
39153
3621
34224
14286
21234
6618
44484
35280
18255
30804
34062
4353
40335
38133
36363
14400
4107
20535
25278
45078
32112
25986
27885
6705
3393
15318
1620
18360
13947
31671
969
5100
348
35196
32442
21585
6870
28926
21921
25125
24786
21039
42537
30180
24231
30900
44580
28338
16491
34914
38472
13662
12900
31413
20367
16293
46734
35043
47712
25737
31773
681
30837
32121
933
15282
18762
7806
9264
5742
45987
47109
39837
40524
29289
16068
36480
38925
9462
18030
25842
47934
31692
38742
31350
4059
20094
43140
4161
32862
20877
35934
46599
3714
33111
47535
32052
16932
20397
41319
22674
18384
5484
14511
23967
34773
43638
12447
38754
5100
30477
16596
5037
14169
20397
36387
31287
40491
31527
35448
38409
17460
36438
37008
21174
21549
1599
18285
38481
21996
24660
26211
5439
30144
5781
29406
29973
1419
6909
20727
19575
37389
37326
24612
16614
22779
26055
12957
28326
22638
13461
18735
40098
1899
7743
26331
36507
9345
44616
40044
44397
21276
31314
1836
3420
37095
31242
33393
3570
3210
19176
23145
40599
21558
12816
22269
44337
38871
285
24663
13512
13746
8454
18666
28704
29256
44997
30267
3657
41613
35367
54
27945
18681
14949
31365
20832
11247
29814
24402
14457
14049
12606
20112
35607
25422
42384
31947
29349
42669
21666
7917
21471
43179
26586
2175
24435
36639
45498
28092
43311
32868
41202
23256
3549
8151
19680
37440
19401
14550
26898
33858
28599
39504
5973
16209
29982
13413
13212
11334
21138
47934
19251
7665
43113
45837
22899
32604
34479
20397
25752
42846
5265
18957
18102
21873
40164
37782
11313
24621
17391
3267
10482
45990
42774
29511
27255
37812
7980
40467
1146
42174
5460
20400
1839
573
31293
24738
46236
30828
45138
23988
25674
15459
8001
8835
37332
168
11673
13701
24789
29064
30027
327
27057
37857
42894
19368
27669
2874
24894
28818
45048
30354
14274
11946
43983
10623
36684
42219
41454
46878
18210
32184
14340
26211
41019
16728
39435
4695
43488
16227
33759
25515
29610
25872
15372
24507
10299
43041
27381
35193
36915
37488
17547
3189
1434
13530
26871
3174
20808
20325
2055
4074
4509
16395
43341
10587
33123
34779
15282
28611
16062
14097
19182
45672
5028
34554
35235
15327
42654
27675
15576
31569
17163
33123
47817
31653
11709
26688
34827
45573
12069
36882
1647
29634
18333
44991
5277
3459
31770
20559
45126
12888
47715
29367
23616
17799
15921
10854
46182
23631
38529
13758
20259
20748
11937
20076
4401
23646
11820
4284
21222
36945
41169
35925
31635
11502
32916
36915
28017
29742
22530
38202
42630
22245
19569
31305
5100
546
42159
3282
24180
32688
30096
44439
5436
42033
29571
22893
17682
6447
27177
3960
8448
33402
39885
40083
9963
37860
28998
3036
32658
3531
41238
40347
38832
25863
23652
43935
39468
17811
12273
15648
15555
42372
25143
34047
1461
19770
8940
19143
39273
1173
36159
47721
34578
41103
39804
44541
44019
33861
12633
28677
37392
18930
21024
41280
44793
9732
2271
36261
40599
14547
16965
8154
21975
7164
42201
23436
26934
16197
7638
18207
17373
8853
30984
17007
15012
22791
26604
11031
8652
39237
4767
11100
10167
38847
4380
20019
582
6654
21336
41181
34257
3360
1338
21288
10524
8595
9780
2517
37851
17418
33780
7224
39330
16767
37287
6342
4614
15891
17376
26322
20184
22143
37422
30354
12990
6858
15429
26628
26568
36765
19812
25881
5181
34206
12225
15708
7857
22008
31281
45708
4482
17061
4932
43812
33828
42219
2157
3498
23166
32589
29820
43353
19788
32298
38763
45834
4215
6192
24465
30783
8013
9333
21723
13197
43539
33948
41961
3396
21012
25242
14163
25497
42303
19095
34365
41190
26373
1578
44688
14595
34167
26511
9948
19011
10809
13767
16848
15024
33015
6369
10866
41031
28758
45645
19284
37353
44649
13245
40749
17664
38487
19968
8217
45846
39066
42582
39036
30495
44163
35727
10146
43386
14238
33153
14400
38103
46920
44304
18186
31938
15729
42108
38025
44487
4809
9309
33840
1458
22554
39645
32178
26097
11616
40395
23943
15738
34980
14982
11289
31143
15765
21435
26529
43059
6588
5985
33162
18567
2289
16404
2505
31074
23568
40530
27561
28377
14895
13401
29838
37449
5049
14016
28602
29721
6414
4545
45459
6450
19527
8748
2649
35292
30183
42234
43407
1830
222
28572
20397
15567
10032
22902
46644
33603
28488
26205
13980
43383
4665
8874
45888
22770
22893
26490
4491
42363
44091
1950
13869
28677
23754
16518
29025
18993
10752
24435
20823
24030
5007
41220
39600
28095
29178
3300
13698
22722
29505
27681
31161
47226
1611
29049
21996
24504
20595
26487
31923
16689
41493
45792
45366
17247
14310
39447
36243
38121
15882
9066
14151
33945
15345
5751
14043
9579
9051
27741
32304
3615
20478
15465
2841
22092
9573
37896
11652
30168
16383
8634
11913
22935
6426
22335
40182
33795
13785
41481
23916
29667
15606
38067
15615
30951
8877
29658
40530
30984
22455
37890
47655
7992
5358
15555
43140
14931
5451
6792
10155
34890
15426
35127
9825
34911
9462
15066
20706
36303
8547
9678
17973
24153
12801
46644
20160
21678
41358
25749
17721
15813
15639
17376
36861
34053
45987
32001
14040
3438
38796
24198
38331
19278
24381
13212
6189
33843
28278
39951
35205
1884
1629
18234
39093
14433
16878
24312
1167
10236
2061
18888
39105
30756
1323
41025
16812
47310
25026
30852
2751
15822
20106
6138
159
44487
19350
6348
43389
12687
11358
30594
14571
12987
828
5664
27420
30762
29976
28590
6054
45093
12534
10215
27852
13857
3240
9720
26226
28269
5628
28977
9147
38793
171
9306
35280
32577
28713
43725
45264
40071
26319
11835
18114
40203
30558
10593
22965
25590
4239
29019
22686
16773
39237
15594
43689
42477
38370
21915
22746
43998
15948
44952
34791
16119
6258
35130
13752
27
30855
11019
5154
22233
35910
23271
14436
31524
33864
37404
9117
38103
31479
44859
19932
35772
12453
28677
30252
15879
2592
18054
11877
31596
15006
11727
12771
34323
46857
26526
47406
42768
37545
4563
17001
38511
40890
44496
22038
26754
46956
31155
29913
30435
41070
14901
18210
5523
43581
13518
34458
11229
44628
46335
42828
11637
23118
20655
11016
35031
47181
10422
42858
1782
28041
11859
40296
20931
21411
27390
12741
20367
10545
7710
15861
3615
22614
47127
22194
31251
12645
8652
7536
9273
20043
15420
33966
8220
36078
10038
43251
315
20463
3165
2100
504
15027
7452
34494
1494
34842
47235
21864
10443
6948
2781
27114
42618
1908
14364
38925
27609
36072
46461
1938
21171
13884
35907
29391
1962
11001
37701
15333
31464
40866
17433
45027
20949
37941
31521
22446
37839
43812
9366
282
2760
25203
40452
10434
27111
6816
1359
19776
42888
47823
21714
16062
26763
22677
45453
41781
33681
210
9114
30201
41079
39606
40284
27084
29547
23805
1530
32445
32676
23952
32727
492
1155
38238
10929
41322
45054
25344
13098
39945
38223
47871
21063
16986
35604
31572
23823
21285
31785
32940
16545
37920
24546
8829
17004
19149
45693
31593
3594
30369
20601
1380
43917
21759
39618
6846
15081
36672
32193
41238
41673
35472
41109
27792
4461
41769
11367
28284
28113
8208
26280
44658
46128
2826
18543
28188
35034
29292
24837
38628
24717
45441
40008
20637
32256
44682
27483
12393
33357
24732
5631
40086
12207
11796
19881
29724
5568
44304
23064
33681
4512
1347
43395
15696
17229
13938
8940
17319
43233
33780
7950
19950
44277
13014
40587
28533
9699
33129
5982
8112
22917
24672
13254
180
36468
46191
29904
7092
42495
18027
5829
47007
19374
14280
14703
1659
41277
36702
18981
1566
35538
39987
34572
31815
18057
27162
25404
40812
25347
31386
13980
13320
8058
27237
13503
9585
25428
43407
29733
19926
26490
621
31989
10920
14901
11751
12582
21234
453
44619
22800
35991
36606
9375
19806
19719
1593
10266
12534
26940
6708
26514
40260
14769
5751
5763
37410
44238
14229
32199
29220
5775
32820
13209
16698
12780
24960
42336
34014
38469
38955
8817
26460
40617
31248
11322
12336
32841
21588
24870
11781
41355
16443
17097
21180
35250
35919
10590
31488
15204
7845
12708
20979
40668
38976
2733
18504
28992
45069
17574
19464
36024
39447
45924
41697
22695
22305
19092
7536
8949
43962
32373
2304
25461
14529
23484
12714
2448
47130
44202
30708
6978
21969
16743
12702
12945
19479
31206
41937
16548
780
13401
17631
5286
24384
11328
27981
46689
30420
35520
20694
39441
19893
23001
16902
34422
46485
42672
1926
10674
38877
45690
17652
25902
14436
30354
38847
46971
26616
45840
15519
40452
24300
46206
45738
13740
22593
25722
25485
18069
26298
46179
22566
46191
21180
39471
45672
32724
34143
12654
43398
38076
10347
26106
15978
37839
21516
19881
36810
132
30780
17385
40584
7080
28650
3381
20820
3243
42159
11361
21312
20457
9540
43881
31704
43779
408
42432
41559
47607
7089
2013
2742
30492
28119
31776
33387
1635
3660
35253
14823
34440
17694
20463
6576
46344
23844
40452
1587
18003
3813
35958
3516
26409
44895
35223
22188
10359
29655
15747
23022
1800
30816
25764
32292
10935
9543
17679
25626
26259
17988
40449
25755
35685
25971
32331
34029
1815
24783
675
32877
41652
1689
36393
20061
46584
36672
7308
21999
18330
36111
45021
20130
18930
22788
17481
42921
45387
216
33606
36702
18207
39111
14457
5892
17082
11844
39921
31956
1683
40596
16833
43335
42285
18282
28452
5925
6957
35760
27924
25287
23874
38004
10473
7860
12792
27954
2781
23235
28173
36387
11937
11436
27501
39450
17328
44583
3294
9249
41595
4977
14904
10428
312
22245
41769
41820
41229
726
29583
34209
39069
5457
24213
14598
13317
2061
42555
29154
25296
35784
17544
2289
47220
10101
41739
29604
19740
10089
3909
13338
15066
18813
36822
28434
6117
30591
22257
47346
31317
16896
46611
35442
22353
22827
2043
726
24888
9654
42936
15243
10494
25536
17532
22770
35637
24330
4374
20436
47475
21339
46830
14544
40155
35652
8034
11328
18246
43347
23730
14619
12243
22341
15120
47652
45168
30219
13434
22059
39873
8373
2358
15423
33909
32946
38193
34605
22332
7623
7041
21810
28962
5871
1410
34173
6579
9444
10557
24825
4794
34287
4503
17037
8631
32679
29748
18855
14898
43182
5970
6771
3555
8328
35250
37467
41277
38499
37128
15609
11178
44169
37419
5196
15096
38829
39372
21675
13332
1929
11559
31182
1275
29118
13275
22962
13797
43023
41817
28695
38208
47790
522
41763
21174
35772
44286
27507
39327
33414
43119
2505
42639
45594
7701
9735
1482
12129
44469
27870
14061
21084
11052
28392
2202
24327
3354
29055
19353
45171
22806
9561
10017
23328
16380
31194
24156
12669
23757
15483
46083
18876
31044
40725
29529
38745
15516
44067
2877
25041
23937
29994
46125
45
10386
13383
24372
26796
42438
8781
23967
17244
31398
47043
5628
47781
43293
42840
12450
19050
23379
23589
2985
6423
29370
45570
10227
9945
41637
13104
34986
30630
8154
46170
30675
18540
11553
20103
45336
5994
41943
34359
36294
25341
46458
6981
25122
41751
1821
2628
25860
25203
39276
28845
44682
20646
26415
6909
43647
33108
33069
30636
28794
41223
28806
24525
24819
5415
9684
35211
11409
3627
21573
12762
28971
20031
19743
19149
26841
34620
21780
4701
24879
13056
46602
34620
46758
38073
41529
42408
23181
26601
38100
3975
32880
31962
41556
9702
37377
3240
44913
13845
6870
31542
39663
897
16632
24462
20046
43473
11082
41826
13230
1020
19938
11832
35640
31755
1905
42225
39219
38142
20826
29319
7173
18765
13281
729
28467
15714
3969
25380
29559
23895
21981
34278
24792
38613
10740
44841
34086
21825
3723
47316
35901
36720
24204
23541
20475
26109
17766
11694
29307
3651
6069
36480
22416
32406
2265
15939
120
6234
6375
42738
43188
28356
29016
19980
18969
39759
16821
18111
26640
33603
30483
14541
22323
6687
3138
42798
45852
33960
19548
27159
2667
25617
28695
38139
10023
30960
6078
10143
2253
25512
17937
45441
5868
46956
17421
37896
3771
47301
8007
43467
32904
38493
10008
7227
45180
26202
15081
8091
12162
34629
35250
14832
12246
29004
4971
22269
11964
24108
45468
27273
1620
15408
24714
7488
27420
7194
45384
31191
6495
18450
39714
39399
8943
14778
11682
19179
40980
26763
27270
18198
13392
27579
33030
38694
8583
3060
12963
33603
40224
23487
12879
41844
38895
37593
14388
31371
44787
24831
27618
16338
43281
19332
20793
17280
34110
32475
36459
27090
24294
15732
10347
2742
8367
8433
41436
16950
11493
19455
15609
3717
42945
28488
10617
46896
31140
25008
43326
40983
1839
22944
9324
10176
42279
43173
27456
41445
27651
15915
33594
17001
44703
43941
32802
5070
4374
26238
35076
28926
10752
2688
45699
18753
44232
8319
30705
27372
33327
26031
20358
222
978
42738
10398
8313
2967
37854
1758
43674
5769
408
12678
15531
44349
45480
20601
13782
36774
20736
42708
47526
23424
40407
31335
19656
726
14043
12087
47109
40074
45501
47331
6108
5295
22785
14421
8262
12639
29238
3939
31467
29646
16617
46998
39054
27153
32655
4836
15927
18447
12600
28512
41871
5007
11847
26586
18792
25890
38673
30957
31023
1230
43347
37131
6525
18132
16611
14787
43830
10905
18726
27297
5607
399
39351
44661
27552
37062
14553
8538
7512
27153
37050
14439
45219
13953
41025
16011
4902
44754
46968
35925
45984
42315
38112
4509
25506
6723
32355
21336
17628
3081
633
36294
16539
5040
32955
44091
7158
12567
17685
14670
39720
6735
42168
36939
20691
249
18006
25593
45006
16977
26574
8046
24348
16686
25614
1854
23412
9969
23190
6096
26106
36879
7446
42645
6975
40404
3795
27192
4971
21480
6918
9747
28218
1086
11745
13965
1338
29751
4614
11400
46728
31188
19446
36135
12930
45060
3045
1398
7029
39294
20553
33138
41229
27999
27783
13263
20403
44634
40455
38430
18117
47373
13236
11391
462
24981
25356
1800
6732
43026
13200
18519
39270
45702
19710
4200
42765
22755
5601
14850
14049
26154
47988
20337
6153
40830
33600
39615
37464
26055
43101
20637
25428
8337
32028
38946
46374
9384
5802
5109
17466
32058
36684
8736
29763
8394
12939
24528
44205
18540
4434
23313
44694
4425
43650
15903
10311
29250
7518
12831
20361
15678
33471
10845
24015
17499
1794
35448
39942
7596
40557
9408
39657
42297
18147
34476
15747
31086
24060
11952
14682
28494
35265
24432
45975
43971
40335
8286
25221
12912
34176
10638
28590
19647
21486
17661
2202
23280
5109
42144
43932
10722
16611
645
5019
47814
35121
20766
43956
11181
45777
10638
39678
33042
126
37653
42072
40461
10998
32349
18429
45174
42990
47019
29877
16476
29739
32079
4812
34848
39282
744
45573
7893
14448
15648
7707
1569
1473
16719
25809
47250
27357
30543
45348
40539
33252
39420
33000
44250
23772
16488
6480
18762
28563
36357
294
10302
33495
5106
45153
24777
18906
7782
45726
33354
23430
18489
47982
37959
35208
25791
37209
27621
8334
34560
20160
41586
39036
18216
2895
14808
34704
9375
46626
28326
10791
46920
38628
44286
17082
837
34119
35991
21675
44901
34401
10164
15390
34383
123
15654
25230
37335
43275
46620
36951
28491
40209
27987
46707
8160
42798
46470
30591
41424
26796
6438
5403
30480
15780
22485
31320
1899
23532
18051
46800
9936
28215
27246
9375
28341
42900
34608
30732
3231
33228
19683
31722
38493
47670
30432
11709
7524
41958
42303
14007
20754
13797
19410
3234
29580
41895
47610
44535
17430
17664
43338
27366
10935
35640
1797
39276
30543
1461
35064
46830
47748
6747
30555
38241
19476
26043
15009
40056
20001
22368
6063
5811
36165
25473
9045
17745
19371
21714
14283
36801
4434
22677
29223
15369
10317
44076
19704
5916
45540
6768
17805
45288
26574
360
585
11106
26403
15594
3162
11460
37962
9228
17271
39186
34701
26316
8931
19128
13086
36270
20985
17520
24003
15264
45948
47379
11343
17652
5295
8883
37476
23100
6171
29106
36516
19812
40212
27975
35409
43377
39435
38427
17661
8706
29613
4362
81
3603
36549
26223
4929
9534
43746
28935
24801
6750
28314
36144
24402
46665
10083
26934
34824
29310
8043
23340
1122
13311
3318
1587
8688
7809
40017
39405
29574
34686
43770
29655
3345
45375
7878
8277
6909
16680
37212
44766
23430
17526
32910
12888
16191
8049
4881
3015
37359
12924
39414
38484
26235
7788
5127
47982
15597
45144
39387
45171
44889
213
39882
234
45588
12819
21567
17556
29499
10779
14322
17988
41361
12291
43932
22611
20340
813
38682
9702
13737
30096
13242
5031
37884
18369
18069
18540
28572
22512
28767
25461
22728
20652
38751
33372
33471
12321
2928
28026
36156
30309
11070
29520
42600
7005
4131
14940
7818
42813
37698
34614
37968
2940
4701
40908
34368
22770
24504
14940
45282
5274
5457
33066
38982
9264
18441
37509
21585
34425
30591
22800
16734
41664
17376
24390
669
21507
4389
21543
29376
42087
8157
32400
45030
12858
38367
31398
684
14871
11394
45969
20145
16851
44091
24183
26115
27588
13692
12759
14016
44286
615
43806
37950
17991
33255
3675
4554
37644
25218
46986
31731
46434
31389
41817
24348
21756
38271
25035
1683
1665
36060
21831
31572
32151
11070
22746
11742
24765
561
38814
21051
1176
47676
24057
32223
32931
40788
36777
22575
18006
819
19365
29496
32208
13182
5847
19020
16512
30882
20706
18177
18942
7593
14808
16149
18663
2610
27891
8484
3171
31761
42591
17403
31440
31704
14682
16371
24492
3459
4005
7557
4278
23370
37053
1545
1608
7956
33621
18120
38838
19383
1356
22836
40032
16164
38988
23754
31830
31935
32238
57
15699
39888
17460
12195
23592
45198
28566
87
657
45627
7644
17991
34053
9753
32592
35664
17712
18216
5784
21606
2655
20196
44445
42690
1416
489
18444
33246
45480
15738
33303
26235
7626
15819
38430
31221
13017
32055
31308
26730
29682
4008
9780
15738
26817
42372
16458
44529
25644
35298
31194
28302
7497
27639
36048
8913
41184
6492
7218
38664
22230
40521
16902
42915
21399
7332
26136
34416
4443
22500
26205
34128
39564
35985
14922
18381
43413
31380
27969
21060
18678
24219
14418
26175
3858
2466
147
10098
22014
7365
13818
9300
12942
43776
4215
34341
16167
43407
33816
20610
30963
12021
6738
22527
13062
21660
5967
8475
18096
46992
42591
36777
23211
22065
14952
40125
37587
15099
15279
11601
35520
29097
33960
465
24876
38175
34806
6099
46641
33678
26709
29604
45699
46506
17190
23817
33222
23157
45351
3321
35205
39942
40098
10416
27066
20106
15597
16653
264
30876
41313
35784
11973
27273
1305
1905
30504
36114
8004
29145
21792
34716
23808
32550
46278
40998
21423
31500
29211
18774
34821
16416
23775
39975
26832
2841
12084
42429
32550
12348
25305
25863
13188
2334
5136
14496
4242
35643
15666
25302
29844
2514
25074
5652
120
23352
11706
21546
6855
40917
5376
6732
9333
29151
46710
1221
45048
10794
8706
29601
36198
47067
20520
14442
1404
25659
28938
18702
26358
9660
44004
21258
12177
21081
39969
25353
9489
3675
46899
16344
44595
4278
23079
5928
46485
21789
7152
8592
45639
28914
38193
33837
27984
10713
13335
29388
1428
7332
90
40842
16992
9150
27159
42225
43287
19128
19581
4779
35859
31536
34179
32454
870
9258
3441
47358
44103
23649
7950
41742
4563
11199
40635
32547
34968
19029
13935
1455
26361
27081
7353
43353
1290
34512
2637
9633
18696
35274
14412
6558
18810
13650
39012
19683
22908
7509
32097
32070
31158
5103
38868
35724
29358
44562
33327
29382
15591
12321
30837
41952
4458
3249
2361
5748
2817
18054
15384
21516
5328
42852
28074
24141
8502
32142
8880
44469
4710
6033
41595
35868
24192
32463
36648
18606
42081
21978
47988
22728
47355
43884
29736
3813
47133
32100
22620
15006
15210
3060
36522
20541
45912
29652
9738
19473
26853
18618
28998
31563
37707
22593
32487
13899
20112
21138
32505
14196
8172
45549
36924
7527
41433
18663
24396
5622
15819
47016
20631
31029
2076
22209
16626
47991
3864
26364
32520
43773
44982
13518
27336
47745
1167
11823
13644
21279
46017
11205
531
19245
8757
37458
39828
15246
21177
16227
20871
2052
15243
6558
33081
30378
28767
14766
43425
32631
41130
27945
28404
3171
6519
20796
2916
7686
45678
29619
42021
8751
40824
42555
27999
14637
45069
32883
42942
18246
1110
15813
20298
29412
35427
18435
11790
16194
33201
7215
13884
26334
216
7344
42561
6735
28143
45477
27477
38877
40152
21498
47628
46035
16053
27627
12672
13122
12513
7614
31368
26679
36483
16722
21147
23910
216
32937
5163
46473
5208
19047
37863
5424
26391
32424
25215
19590
29904
4692
10467
22056
26193
10098
20091
42246
2781
45822
20427
28350
18492
16851
20088
20034
33576
41235
9000
46848
26175
14163
45321
44439
46266
35187
14922
24660
19611
40137
9306
14571
9888
19776
1686
36081
29874
21777
43383
45711
32655
15810
26064
16206
45720
46152
36240
31296
39387
45240
43200
30618
24462
40521
40116
22728
27708
7038
12444
47322
12231
21753
13893
22119
6585
15579
10200
1515
2415
18642
47226
126
47508
38346
16332
45228
1554
4572
41580
6000
14871
36780
36618
39333
29304
41790
27117
22068
828
39564
21390
13062
26373
342
35181
46014
28977
10440
47529
44448
42138
46755
44577
41646
2160
12909
3933
3714
30540
45513
9714
10467
47352
11391
1800
41712
5181
41973
15780
6012
46593
37173
32130
38022
2571
32367
36036
31548
42807
35565
41055
36945
47379
37632
43650
1539
15597
47583
18309
11193
45096
28026
21660
9504
4473
36516
3216
9654
43548
18999
28722
42141
21228
25908
32166
23799
10278
20202
20403
5085
20826
13458
7089
33261
16146
2739
34800
44802
2322
18165
21051
12474
11247
42714
21981
15720
44286
38253
25377
39834
9252
19155
47034
30480
45066
31200
19335
7344
16458
39741
25485
2340
18255
32574
35601
47460
369
35457
9318
2691
5625
30369
28224
16872
38139
15261
32595
34428
5514
23028
39318
14769
7239
38352
10305
4305
34608
29643
24705
16125
34440
2193
18465
17751
47823
6069
17211
195
6582
39585
2886
12207
21957
44166
42138
12096
11427
39789
11580
16944
14817
2901
44769
22056
6309
7074
39420
40920
36717
16125
22101
23157
18318
40566
40911
18144
11691
23178
31395
31332
14766
34281
43539
1779
43506
2733
13875
6933
42522
38514
36933
9339
6471
33702
44454
25836
40779
930
31812
42552
17055
5913
30768
432
11538
23679
31632
23229
11913
15027
19617
39735
14364
15159
41514
9870
17892
20448
29862
25473
10962
18795
34812
30489
4500
44322
8325
10335
45252
40140
4887
27366
46053
35655
27798
9591
24390
24486
45879
1362
39513
17496
41097
18933
45711
34614
28806
28662
20118
23724
6135
44136
42519
6003
26625
12075
15384
6
22410
25692
40146
27300
5058
3258
28011
45912
25905
4404
22398
36840
5766
26967
19395
11919
45903
30162
11589
39765
10824
31707
15489
30015
27843
23064
1077
19524
35142
29517
32589
9552
7209
24735
1908
12270
41049
29922
23238
32013
47382
45639
20853
18204
37662
5304
43179
35565
35469
6771
40386
11349
3534
20931
6423
44436
43998
7500
15960
31140
37017
549
5748
9282
38343
20715
21552
44448
2637
44793
28461
15075
7488
14373
46335
45150
19677
41514
45774
7146
285
3216
18498
3822
24150
24921
258
33204
45477
29274
29400
47550
42882
35148
8832
46281
20919
43443
42729
23556
5292
23193
3687
25836
37566
2022
22986
9243
43539
33816
29448
43824
37035
13002
12702
26241
2979
26016
11445
456
7293
40845
13062
15231
41049
21894
13512
13971
30393
8241
2583
35685
44490
6273
26577
47112
21351
1566
21414
16890
438
2862
25773
2529
28920
3531
28770
31899
29550
40215
45411
1899
46116
10473
17130
4224
45423
43698
31251
40875
16995
46890
41616
13488
18219
20196
12600
39573
34818
47070
21519
35256
14988
47292
37788
43908
15882
18558
27807
45432
23832
25218
12387
35004
747
29517
4284
11229
25215
35535
4104
42210
47484
10776
20754
17703
30972
46413
9276
17790
45483
43854
5049
12474
8202
7893
8382
24084
26451
1248
21516
15339
39522
46959
15402
5328
28476
19686
29613
18747
20280
46773
26016
19764
9549
11826
37467
40524
10239
11802
10314
20781
20712
28419
46311
28914
36312
19749
5001
27822
34053
39573
8217
25578
38535
23619
43962
32067
43308
25575
15873
15588
24348
41889
408
33897
18771
2931
26421
42069
14733
1794
14850
35445
30213
26217
29418
31584
45966
34419
24462
45078
39048
32679
22656
29583
8301
18618
26709
3609
44193
42582
32253
20541
1527
45717
19494
20298
648
45918
14367
28440
12768
42273
28941
8037
33546
10359
39621
44571
9834
16083
41649
885
765
29361
43524
22122
47979
22233
38787
9228
16815
23040
42825
31398
33813
14319
3699
34461
25293
31122
27957
38061
38454
8901
46101
37056
32316
37722
33627
42153
18864
27276
8094
32685
8637
3618
6807
21672
25854
45594
43956
7725
33690
38781
39126
19503
5103
7881
19020
43452
4059
46980
33516
7569
20937
31617
44628
5253
34395
30255
12462
18315
22590
20556
3000
44283
24177
9807
31014
15087
7401
26970
35868
6147
17754
40050
25650
35913
47931
44673
31365
17049
8709
29937
24618
29646
26610
21246
34899
26064
16560
47364
44379
4206
32976
12438
489
9153
35301
31503
37296
42705
23532
25167
13908
41286
17217
39561
42255
30207
1290
38676
47256
9999
20616
36930
39645
12282
23235
39600
38346
4851
4020
47784
9057
36999
12222
22602
11208
47523
19164
507
7284
42696
38730
21195
1038
21003
25812
43293
3210
27102
47025
15522
2157
19641
4455
41802
44982
40746
46458
35328
45597
2481
35112
6654
4536
12390
42312
28800
11916
13476
29307
32256
21228
33093
5451
22266
6099
31263
30615
22365
23421
29643
37890
25578
14340
7401
32436
11322
147
30897
46653
10800
46434
46821
17454
16026
11214
24822
44826
36186
38301
39192
20442
11529
24285
38952
33798
43440
35271
29469
17808
10695
11112
20754
1329
25455
28155
33768
1833
41358
29721
13542
4158
41211
12366
34668
9237
36636
11490
6063
24822
14847
10311
10320
26379
47655
1272
25233
43095
36546
19758
25959
12297
30873
46713
13626
21384
39924
47394
23217
46338
42171
36762
15552
35382
14184
15276
44619
2820
26769
15741
40698
6672
39108
3018
33051
38763
4293
23340
46917
5895
43101
24876
18192
39030
36648
31818
25470
41628
44271
687
5025
3498
2505
20577
38883
29745
35856
558
32565
27681
29355
38319
34353
20466
41340
32463
11229
10689
20859
23202
16584
29016
13137
34776
33102
1785
31650
10572
8469
40977
24318
13494
44478
26823
47130
35361
8571
42
975
6192
27723
30333
44514
27132
2799
37854
11595
27084
13599
45513
2289
30183
26529
28482
30015
11634
30267
26721
22206
3792
19701
11580
30345
29235
38406
42531
29652
12033
42573
30627
18225
35352
26016
27795
14484
28815
30705
39138
20958
44304
36651
36303
26487
28236
16785
21558
4926
12108
282
40191
28956
33039
3771
11301
14274
42177
5832
43926
19266
405
39609
37494
813
17628
30345
15300
11499
13053
6438
32457
9357
8145
33816
903
1437
2601
22461
6366
27765
35799
46557
8724
20838
2328
20025
35112
9564
38916
44094
28830
4377
762
31380
5193
18390
13728
20493
29889
26781
39987
27405
1194
13188
13221
2097
14625
28881
24561
20991
8646
12360
32604
17370
33201
47991
2454
33369
9555
41370
42522
3441
45747
43284
47880
15996
26730
26664
1545
21675
5445
6588
1080
19695
19776
27360
21795
47460
8241
46356
20451
29943
23772
18114
12372
22029
18105
14826
20457
27660
21252
14979
44157
32055
23319
44037
54
2049
22701
1599
23724
41202
8190
37863
12900
27966
17223
34695
40482
38520
46107
25992
33519
21879
44106
45891
8967
14211
25773
29424
6927
47025
44403
16140
31083
32778
12180
31137
34827
47937
45792
23607
41142
5982
13470
19098
47007
43749
18849
39489
47325
16956
17481
32847
3891
26643
43794
12858
40854
21570
42282
12837
20595
3741
28980
16734
36519
41160
47871
23346
6153
45666
12012
47295
16704
25482
31449
15711
34290
2298
20259
33615
32310
2796
31518
36204
29442
27315
14118
35352
885
8403
192
34536
25200
29172
3273
13722
35388
16200
2124
41541
26922
14136
5895
43629
4677
37344
24396
4023
4701
9711
2694
37011
12510
34215
38271
41952
13530
4392
29304
27471
25851
42552
14007
3051
23724
30336
29829
24168
46539
31956
30768
25461
11148
36663
21090
28881
39063
10545
45960
43764
20256
657
45834
32766
34872
36105
39774
13458
40497
21081
40929
18348
15633
19992
34458
4416
2331
16287
28584
870
13299
24408
26331
37506
13071
12480
31443
17193
23025
29406
26013
43281
30063
23847
28050
29991
11955
32880
43449
17508
5961
36378
915
34653
8370
35373
4125
23757
3660
45765
24627
30018
22176
16017
19524
303
28497
2967
17496
3522
32373
8568
11859
27492
32415
4965
9483
9426
37848
4932
39993
8865
6366
40908
43518
27795
28281
12699
3552
44997
10467
41238
40071
32643
9255
11595
32946
37752
27621
15501
6330
11994
24069
31245
4545
21540
36213
14028
44025
39117
32019
36018
47982
38385
28926
8559
31236
22263
21258
47847
32316
44781
41085
24390
29424
2340
1041
27429
5148
28662
42930
24534
5715
32055
7779
10260
5595
9048
37344
14676
13221
21363
2694
26262
24807
44676
34821
8043
31995
21135
7890
16314
17919
975
5760
47343
16371
19857
39828
21519
522
47814
11109
19293
31869
31947
42609
2523
6051
31953
17199
19275
5319
19896
45537
30126
29628
45414
38169
13626
18549
11118
42996
1524
12093
13812
13926
41523
33669
5754
15042
47247
5571
39210
31596
37440
23157
26205
5019
42264
10161
22221
26595
15480
7173
24132
10662
36801
34602
831
15483
5154
25005
23535
6678
37101
37347
33660
30624
36075
39417
10722
35322
44988
14988
31977
47484
3201
10182
17562
45468
20343
39783
24063
879
12012
13254
11541
13869
47856
25431
29355
18066
2436
4890
37803
39537
7296
23463
35217
43371
14880
10998
43749
24924
25986
27726
37467
29190
37911
7029
26658
23310
11868
15777
24192
36936
29031
35733
2805
28890
13164
45216
12012
15603
15165
1815
20196
22461
25281
20472
17832
5217
31470
26637
30144
9456
19422
32667
38646
9333
4752
30360
45699
16620
46140
21891
5556
40227
22683
21417
34173
35847
18636
46188
16506
33801
3
36705
8262
38340
22233
39150
43560
5703
30843
38760
15159
2265
23427
18864
24654
28179
14280
22356
9855
25476
44247
28467
30762
31986
1884
16935
19836
20520
15123
1398
6321
28185
3159
27639
18525
25392
31845
27141
31095
14691
30957
11313
16956
6384
43233
41613
47619
9513
15969
22530
48
25272
2997
30810
9261
17940
47745
42153
38460
27927
43551
9840
21168
11769
2535
4749
37161
34383
31893
20259
1074
14850
44628
18030
34293
39861
24699
46968
14430
5724
34557
14478
30999
2610
10344
5316
20550
23148
47469
24069
3075
8076
46965
24243
19845
1500
28992
22065
939
25941
7380
15069
5850
4008
46158
5199
8925
22857
4167
23355
28584
38724
2892
24639
6393
26292
29955
26943
1440
42480
3012
4515
15612
15033
41814
35460
16536
35865
22581
30531
13806
29961
45603
19656
33969
43761
24855
42894
18618
42081
31305
12258
45861
47253
36897
4254
25548
31908
44256
26988
26388
12324
44562
42003
27360
38376
42519
8952
39297
17100
39483
5106
12117
37086
37818
46086
32847
27732
6036
16524
34869
37341
28782
45786
36597
17682
15099
27201
1590
11355
6189
41037
23679
15807
96
3039
19242
7671
11991
10539
37827
16533
28701
1944
5619
18522
30
3525
11310
19122
20049
11235
8463
13887
9021
10116
44625
24120
37317
46218
531
8565
4311
24213
24372
4407
40308
43614
25134
17358
19212
14961
33891
47913
16905
4566
31491
29991
8091
42801
1113
41196
19092
22632
7086
41172
45807
16767
17292
35124
14985
17826
8745
32352
7095
46176
1815
47403
6846
26949
16761
26058
41910
15708
25974
23871
20277
9465
5862
41424
17325
20031
47679
36417
42666
6765
42645
40473
36588
11940
40653
3576
42822
14457
984
1917
12633
2802
14376
32535
29751
31140
10596
36720
11904
36570
12591
32181
11091
31512
25608
28416
16599
25287
29892
24321
45108
24537
16794
33696
1533
22506
2328
9411
2019
3315
11328
27708
19173
38763
12243
924
34959
22839
37644
46863
24465
2238
31047
615
46806
21711
42087
15405
12054
23979
39729
22218
13575
21579
20970
28164
9141
23301
37578
11160
39672
13962
38868
10845
17781
16170
24825
4740
4065
14472
3606
28533
29766
34653
29148
41628
21420
23235
9033
33474
12273
13818
20748
38904
35400
41718
32124
9597
30075
34758
20760
21747
13779
24684
45648
31560
5910
35532
36303
9978
2004
39909
3567
44826
39618
45771
3510
26094
34062
12543
24624
46335
39420
45372
2295
26820
39090
47478
36417
21168
34236
22233
7971
15
11976
18678
44634
17886
6210
32937
40920
21270
37902
44487
18096
29520
42258
21606
7614
28323
47205
45294
39714
38625
42666
7068
30501
33756
6546
31977
19980
5838
6210
41010
5856
31242
11688
2490
14187
17898
483
7107
39168
38385
3597
22320
32961
10911
8982
5631
39234
8187
2925
44007
11871
45591
3075
42372
44403
9621
26349
16386
28515
45618
9396
47427
41916
34140
14973
8103
4038
15456
15213
8262
5841
31866
30582
38802
42777
39564
44433
34014
12807
12414
43077
24678
10005
46152
32109
6411
20829
10458
35853
1344
21132
10305
774
15051
44445
15747
23154
483
44262
3423
8745
15159
35289
4383
5964
30069
43947
15453
29139
8754
27870
24216
46491
2931
35424
30600
9342
8253
6114
10251
22653
27249
20556
36483
7356
17001
4233
30510
30540
13551
46992
4341
28710
34281
8724
47730
29406
17727
15186
23601
39540
8112
47817
38031
24099
297
33687
46500
8550
39801
8751
44262
32106
42366
32745
39462
24423
2034
35031
6966
15585
34023
24363
44298
33360
46146
44028
14769
28929
24270
38370
20469
45438
3246
23556
21540
3543
9243
20040
25152
14103
28791
21414
46209
36213
6159
2730
12639
8196
37761
32661
23781
23784
22080
20079
9144
20226
29166
36969
1158
5436
27342
34683
2877
43644
10242
24417
47187
32541
9513
24339
46644
3360
45753
9912
39576
16971
12642
4215
25167
2403
36876
14004
39243
10956
47142
13443
44241
28308
2415
10455
46800
42813
45138
1677
38457
7380
39150
37644
4980
663
27042
3624
4026
37851
13536
8658
6822
39234
12873
45045
41637
14805
24108
45936
38817
23250
11382
114
16614
13797
10569
15414
21666
7710
30150
12123
28146
34356
14823
33126
78
6921
36753
17160
44775
15345
25818
3597
6582
38691
13701
13275
18552
37809
11214
22425
13059
22596
22542
42729
1449
33111
23199
23115
40821
18405
294
20970
4764
28173
6096
4842
35097
7905
35058
31872
36309
12876
525
42891
16623
14226
21222
35175
17091
32436
9600
43206
7032
32142
37935
21537
30312
26193
9708
23133
44598
10002
9159
1362
38178
28314
19260
38331
1275
6318
22203
37584
32250
35784
45531
873
15069
18756
1104
32160
3192
10707
27369
23283
7905
30360
44820
3273
8553
6531
39465
5154
29589
624
19572
32823
41994
3891
23154
43272
23265
10413
32856
7518
46200
30390
21447
13269
1146
22554
10485
17394
46317
2910
40677
19278
33273
2556
22554
6882
22143
14019
25092
3732
27699
44667
36558
21696
13614
24768
30024
36879
35184
27936
9453
46440
10326
30903
24765
24528
5457
35250
6981
16830
38163
47658
36108
36492
2214
10662
8430
24357
37737
33525
41148
30495
43248
42762
4191
8862
19530
47271
10797
19770
27207
20253
18210
2592
3156
42975
40176
21669
43284
47157
38499
46503
46818
39663
51
14088
15384
8481
3504
5121
7062
44652
35616
2310
4470
4863
24228
24000
4134
84
43773
44400
20337
27039
46992
36549
35073
4224
23274
30357
3384
26829
28860
15258
18492
41967
29346
33876
2448
45906
39000
9513
7614
39672
24879
12084
9594
14166
36087
13728
14250
44916
23184
47643
37011
35232
36192
24084
39459
24522
19497
42843
3351
13413
10101
21843
7380
4503
7722
9831
15468
11778
32400
23082
16506
22335
35169
26100
1557
23256
4887
15807
33228
28071
28506
22239
15306
16698
11382
6765
6276
30879
14664
9627
44295
37821
31473
16731
7380
4251
26562
22848
16029
24018
45933
32535
11412
33102
23694
12969
21414
28581
28779
19698
8652
22341
6993
37014
39042
18375
8835
10374
14313
23499
20004
23664
26376
3477
40395
33759
7728
32016
21663
36813
21090
19596
34404
32502
17754
10098
45474
4224
38679
39309
23922
12390
13650
30918
1404
17748
14349
10242
28125
28662
46797
129
4326
25176
16662
9780
23991
37446
41796
45654
39315
14886
30309
25719
47391
63
876
9921
4290
4611
1230
41268
17001
27936
24186
18408
45687
38538
41706
38868
32256
5559
38997
1641
30735
20715
11421
19782
10161
18273
30495
1476
33159
12804
40251
45606
25923
41127
7527
43269
45741
21813
36540
27798
14808
25782
11262
12495
16320
4968
16419
13635
10530
20472
15276
6321
41187
39753
39162
16404
10026
21657
17880
43185
34461
23187
5850
12384
29373
26433
20712
40170
13305
9252
19968
28113
35034
31233
5664
16413
1257
22083
30048
24843
42555
10380
31167
798
2133
22329
17202
12159
9042
138
20400
43503
23325
26250
20943
17754
4686
41655
9924
31047
2907
42951
11160
3000
26184
29880
19413
40497
3963
14517
17343
11574
24897
13566
12372
27030
951
29574
39189
9993
29712
11589
18552
18093
2898
39495
35850
20640
46209
45774
3687
14172
40725
14847
17172
31965
9783
1641
37521
13746
16158
6864
38376
41055
33486
2748
20085
47493
45378
24330
22542
27090
35922
41094
45183
3876
45645
33033
24516
43854
43866
28203
23085
1647
8106
40257
33615
17889
41901
36192
44691
10059
8112
35067
16173
41598
37815
1314
6147
35193
25647
28689
27339
26625
34839
37578
30501
32484
35670
7017
41397
31536
276
29538
46239
8382
21795
44910
39327
28752
33102
36018
38814
41214
23085
20043
47868
25956
21357
6015
26205
47004
34704
18600
38685
34599
8178
34242
32142
8904
41259
38595
40440
6591
20133
3738
14973
41928
648
6300
22683
33753
7374
26553
40023
43515
11652
39894
34527
33009
45909
12732
45072
45672
44388
35757
32271
17625
22002
29469
26529
28317
20064
32028
34911
40197
35766
14940
47184
1470
34299
34923
35223
41673
13476
40305
37191
25128
32199
23718
23193
43164
1509
20265
40836
45897
21081
38166
28578
8139
19635
7110
36456
39702
39138
36423
44955
39960
3366
44139
41430
37665
31062
41712
44394
44538
34017
33585
34722
18216
22362
9918
13380
23871
43239
19275
34824
16320
22497
15405
24459
42132
35571
25974
46890
26709
14397
43848
18669
30819
39987
25155
33540
23052
18867
29937
32646
4884
28578
32427
36156
2940
7401
14595
39867
2640
33870
39750
32019
8367
20211
21534
15555
7782
47508
14448
47547
26964
10296
31272
22839
2283
8427
21438
38391
27297
3375
36096
45237
45009
20523
33396
47952
27924
47991
4875
43620
46917
44625
40695
20340
16836
14232
35895
37674
26796
2343
37221
18816
25695
20493
41658
41037
41979
15096
31428
21276
31527
19524
18513
41592
5103
16965
6600
33027
30012
11478
41706
28929
21159
34401
1269
3054
13689
2223
40728
40488
4566
29952
24360
43320
15501
18018
36357
9480
46170
32841
43812
42753
17424
27384
36348
22527
44349
42948
20613
26364
19482
14319
20349
40644
13776
34677
43698
27468
36900
36426
33012
6522
31434
9372
1842
11994
40449
38199
21474
3675
36099
17289
46431
5523
9729
47835
28050
6078
7839
663
45498
27324
28038
30906
33024
6873
17583
28722
34341
6483
30204
32409
13005
26697
41781
14850
38691
34230
18105
25221
2964
6204
7566
1395
24783
17295
14286
4836
36432
22125
18555
46986
14505
11652
29892
47529
18525
47475
41307
17922
5958
36570
2331
32022
15267
44112
11928
19014
43401
43089
44235
46365
14352
16860
12816
39135
34155
40158
43971
35643
27339
27585
34632
41847
39237
16524
6432
9762
29058
12798
40740
72
1368
43071
32094
16635
4239
9078
705
12696
4170
44940
24117
18522
26856
1989
9657
13014
42147
18687
13713
21489
11328
345
28392
2565
29928
47880
25383
10986
12678
18123
24114
14046
26250
21267
43737
30489
30345
44442
43188
47571
6441
19305
18093
33297
21297
40809
11367
28500
24552
25083
15045
936
38484
8493
3501
33468
8376
41940
9510
21054
25119
33627
159
3369
6894
8952
33858
37239
5397
42102
1869
24894
26466
33018
23247
12819
25827
47673
41319
15435
37812
21423
16371
28296
29916
32928
26823
38292
39924
36333
24405
17043
21960
37620
20412
28854
46572
19329
31152
17025
26487
33021
41919
4953
18039
30225
30828
8925
29898
37206
37416
32766
10629
18846
26118
40545
16830
4941
43896
8757
41277
33357
38856
15237
22977
24327
9150
21549
8712
40302
38577
35199
38379
45552
5211
21474
40833
36039
43455
35787
25245
32874
20553
35874
16776
46674
41478
33606
3615
37374
7419
44892
22731
46278
25188
10764
22605
34338
32313
44373
39696
35946
31572
30075
46557
36783
16605
39390
37881
12063
40236
15126
9993
12789
16059
26769
11463
9537
25431
28137
11967
32853
25029
47754
44187
2217
10518
31848
1611
7887
28221
41307
43836
24849
36438
7449
26691
5046
11895
16572
30165
4131
44754
5214
16923
12813
31983
41442
35406
22470
21579
12429
20379
11667
12183
16566
26940
22701
13470
28554
30591
41691
34917
39483
31599
23358
46932
10290
41460
23883
26862
36681
28017
23616
41895
9996
1488
38934
3438
1950
26460
25020
14382
46842
1743
39621
28464
28683
14325
41937
22293
9972
684
9213
14511
32283
45627
13443
7629
4143
37326
34491
40824
30399
23166
47775
40395
24654
38709
43836
39660
30225
33912
6042
29067
711
45666
22590
29394
25047
16527
3690
75
30267
12903
14586
27609
23586
41085
35238
27729
43467
34788
20553
25869
9954
20328
31320
47664
24093
40212
4380
6318
39180
23481
444
39891
34203
23034
21288
11250
4617
38034
24381
47940
15993
38967
27549
39579
45108
27846
19308
40575
27690
39861
31500
37644
25245
14823
2364
14394
20091
6744
33768
11274
30225
47268
3165
29484
22302
37509
40734
39975
27543
30171
39918
43536
34194
32523
35115
31302
12369
6423
36936
40059
11340
33492
42759
1641
13371
10179
29091
33465
29982
27918
44739
25263
27186
12960
6750
14547
2472
12540
6522
30015
42714
46440
25554
28908
30966
25725
25269
8391
32151
14205
13509
8547
47697
21324
23247
13071
31506
4338
46536
13488
32256
8331
3807
11445
21291
10557
25992
23763
23100
45570
18837
17814
44013
44391
11778
40035
35172
37047
426
32379
3252
26991
40929
16008
318
16176
29079
31824
33570
40671
10368
17829
1002
14175
42330
22293
37791
33378
11115
12891
30948
29952
43761
40017
39399
20595
32052
26571
22701
45537
10953
25953
24528
16938
7017
37902
33114
1152
34782
18684
41823
10206
1569
7881
37440
43899
30177
27231
42333
6348
5178
25284
36300
13995
30357
40755
34590
14412
19326
9291
25005
43335
303
14589
12273
20376
17550
10443
21531
4332
42186
15354
14541
43755
23238
3981
4713
18471
31212
12102
37875
1446
2442
39231
15441
32802
31986
15087
12270
16368
37437
37275
11706
37740
16920
37035
10116
34470
12537
44703
38805
6723
12060
18402
15534
354
35439
20247
18825
31707
45408
21756
33153
47850
12987
594
32652
44973
28737
44922
26397
18174
47253
38103
20970
29232
40197
31089
15702
4734
27792
19563
24513
4908
3021
40047
5262
38460
25353
37143
22167
22761
10899
7320
22611
36942
20970
7266
33915
1710
17244
12315
32940
29556
15474
5913
10788
20727
2058
39546
38517
42906
24168
15030
47817
27189
7080
18135
17652
45489
20337
39819
20250
44292
12198
42861
33237
46224
15183
32208
47934
45486
9579
45933
27042
38112
3846
2886
10839
5904
42432
14415
810
18600
29445
13683
10848
1581
31821
28500
47070
17214
33375
32376
13506
10629
40296
11799
8856
7479
44010
21846
18021
18645
19779
10119
8757
36681
13005
32655
42585
20496
47070
43398
4152
41571
22137
15000
8211
5958
8556
7281
36228
6990
39660
1737
17619
31956
26592
39531
4491
22602
26436
35571
6306
11271
45690
15063
47955
23754
12774
42540
9306
24900
2994
13458
18474
25134
28461
26685
44148
2073
47022
32379
9063
3738
47172
39741
750
25764
44328
18300
13425
22764
5871
19731
34038
16617
47850
33993
5427
12627
41589
14733
37527
44586
28194
21057
21720
21711
12798
30924
23784
24879
15303
45906
28617
27531
37647
29370
5298
33975
12726
18723
21798
31653
38454
7836
270
38304
6885
18756
15987
474
33489
18573
45060
26739
39630
31836
450
4431
27819
37293
29310
8178
35199
22983
35712
37902
17409
41010
36933
30135
24789
10731
13788
28299
31623
27117
31659
3564
45873
47649
4041
31362
18222
14157
10104
22908
11052
23610
40395
38871
12903
34761
47049
13158
9747
34761
16116
27156
40827
18108
22350
30672
41895
36138
24027
25521
28311
7689
42141
26184
20394
46182
22605
3672
12342
32709
26580
23394
21375
18978
27321
47337
5739
26370
25551
28542
26190
41670
7701
32073
11778
43107
14748
5673
31245
3831
44250
11559
11520
38394
2799
31914
1632
25404
642
27030
23169
27225
2424
44547
11259
42801
43884
16998
21174
34491
10599
12420
28161
18300
44493
4995
26463
24297
23727
9708
28131
19977
34323
4707
23427
2181
1680
25062
27585
2322
4092
2757
29547
19575
12360
40806
14376
21300
22863
606
7791
33462
13026
1011
16818
22578
6006
8337
11931
29733
18045
40062
14769
17427
44772
3252
19608
46452
41370
12249
13830
45465
28062
43380
30096
40422
1242
9528
26778
37161
23193
34572
35679
36219
35583
17553
23853
6645
25890
35787
36381
8994
27849
16206
39477
37677
19458
24141
1185
12831
36390
15018
23352
16455
23454
18504
21933
24696
28032
714
26916
3225
35286
14595
4503
35925
45207
28356
42570
23097
16143
44007
45147
9051
25269
36624
11784
44730
12765
12972
22617
1158
41046
45969
30669
16500
29529
17658
6252
9561
18372
33168
25845
18714
12822
43404
6639
10029
23760
14268
46182
4962
23331
43332
27069
603
31956
38853
10389
9780
16881
33006
23994
9927
44031
6663
26427
25560
24321
32682
177
7752
30906
26022
26466
43728
21426
46164
18813
10245
25488
16998
28263
13875
25386
7332
14478
9342
46185
24867
32178
28125
22929
8172
38052
18960
27891
29538
9576
17271
27276
9756
25023
10182
834
16545
18969
35319
27765
37782
45564
5253
19836
38883
19131
45222
46215
46665
19623
9456
36591
16857
37581
11520
25032
40692
43539
4923
22230
5115
22194
1506
27927
12273
11688
28764
28821
43713
16083
8586
33498
26703
26898
18390
17586
11085
28671
15801
9750
13350
38313
11397
30207
27897
35976
20295
20589
31515
25221
42819
1686
12471
9381
29616
24747
21069
23436
5568
16785
39519
27210
15339
18222
6108
46785
35808
17193
40512
16665
40002
5862
6978
3399
1128
47931
39375
21423
33576
35946
46644
41451
2691
11118
2832
45363
921
36960
20799
6489
18801
12318
33699
34140
43596
4866
45981
31404
35115
38496
13125
27117
9414
20103
43575
10542
33093
34950
45024
18669
35955
43668
12123
38646
19842
14955
36009
20763
3915
8808
40308
35772
34182
39066
34968
29778
43932
32952
26238
31047
36504
39363
23223
45918
24522
18798
21519
9615
18804
18543
28287
19815
27267
5466
10461
12168
33477
11526
45987
2451
33390
38298
38223
19572
42420
25194
14406
38352
10146
40644
34455
46650
45063
22734
9624
21588
41532
31143
44259
25395
14742
24546
45210
42012
43068
20730
6180
28548
45312
4167
30999
30705
7521
21222
2277
1941
46416
29742
40293
21618
22386
39807
33324
32508
14541
42951
6096
21132
39150
15411
11583
5895
5016
21849
47907
84
7635
19143
28632
4950
23310
11631
35655
30834
45912
2988
45831
44328
32730
3183
31005
20175
42990
16329
4683
22587
24336
23835
8775
15489
39246
33414
34440
9318
7266
34347
9405
14901
18546
38037
32907
6912
14727
20562
37746
12639
36609
636
22023
21339
3819
5028
6570
46809
21360
24309
34452
45696
13200
8286
26241
4449
41700
12681
13767
966
12084
36228
28926
30630
26268
13833
37545
6051
47454
40347
18690
36063
40983
40713
22458
44802
45744
29031
8667
32160
5340
43122
29856
18543
3408
8100
36048
45108
20781
14871
11133
32868
16158
5115
28554
42426
32004
18099
13533
31458
10449
32223
19521
16488
37992
7038
13293
35736
36069
21960
19896
6465
30138
14811
38064
46602
22911
39168
8769
8748
19098
19902
6672
35256
38073
35229
29682
22077
5328
43215
5538
28833
40494
38115
45324
30486
45153
23673
31281
46278
45633
16233
17802
40830
31044
7866
39432
19011
12093
201
27762
31191
33159
47490
18447
23232
34719
13185
45312
5106
21456
15906
46995
13950
6021
44319
9492
16233
33048
40773
14511
43740
22065
45369
36570
5109
18294
28002
37179
30387
41262
29997
13578
39477
29487
32025
14712
29265
10266
25080
34371
31722
40986
46422
10728
47007
7800
20220
28296
40848
26052
7866
36588
117
5235
25158
18282
23529
18219
20517
5916
24537
2514
32550
16014
32004
29631
30726
26325
39897
20862
25752
23619
13848
24174
34347
25914
31974
19626
6210
24825
10734
27132
26469
23907
32370
3630
42189
20955
34905
27765
39930
11442
30279
24480
40512
27339
6114
36297
5664
46011
9159
31416
34689
23010
20649
34092
13980
4623
5718
33246
42504
29508
12381
20976
5415
9807
37662
12663
30762
24567
40428
35748
1065
22707
12231
41577
15105
31401
29874
20769
42468
39036
17244
29157
27102
37893
28308
6138
42516
47082
39384
2079
28593
16821
23055
34008
26628
12717
11727
22449
37284
4155
10197
3405
39921
35484
44982
7026
18885
26859
40851
26412
30951
10095
20625
23109
13044
933
29247
20619
18
20631
22698
28611
37455
10809
27675
29139
23526
39405
3588
25866
8616
26844
29271
13593
27384
26253
20619
46272
18168
26529
37740
14175
1680
10365
37284
14727
11301
18531
402
11319
39165
23100
4986
41676
33909
32661
35871
22491
37122
39462
357
45741
31362
42684
11334
10746
33993
45012
22074
17220
36597
11814
31395
38277
35238
20682
18060
46539
39213
18462
22914
43434
6618
40956
37110
5583
25617
24984
28074
27798
29502
41487
38595
25920
1227
1929
36666
35223
11997
23799
4443
13650
669
35838
3930
35907
8520
35046
34446
12792
18567
22416
8226
25185
15372
10395
43827
6048
435
23901
33846
42993
30447
24441
20913
31674
39426
22635
31953
16482
46434
36396
30132
47106
37293
47118
35013
10869
47223
34518
23661
17790
21990
31890
8031
37365
42285
3858
8469
7776
40818
42315
2769
36321
31812
23682
19995
23238
11373
17007
39720
9810
5403
34911
21972
7752
34029
8985
18624
33252
8559
42285
16098
30552
39231
24132
32973
46572
41046
41442
6348
46920
813
9117
35241
32625
45855
20295
7863
9231
37302
12642
32097
7761
47553
6069
15516
46638
28110
47196
31893
36672
41481
13047
32280
32715
37179
17253
44343
30228
23751
2694
42204
24564
24867
29448
9189
22725
1743
30108
45012
4101
42750
29109
11862
7359
35178
40434
19056
15288
39630
16005
17016
33114
29052
14352
30885
18234
31605
40284
13518
20412
42978
7722
44976
19848
2226
19221
7629
17025
1332
17697
21126
9138
46806
32991
16500
47040
38481
35556
27384
30114
3561
44403
28284
45669
10755
11169
15903
7419
16509
42477
40887
11490
15258
37866
44394
17484
9087
17079
34512
23475
34776
20694
32616
46638
5685
14172
45678
44169
14784
25062
39339
31401
34521
19623
29070
10335
43848
44976
30810
12357
4509
23697
36903
19767
13563
33297
2310
35709
15432
1878
11184
2208
22572
8856
846
41316
23028
11580
2541
37812
36645
41880
21213
36222
13503
2286
46557
22407
12318
29367
34764
16827
18123
23670
1653
31686
22023
17019
32451
37458
18897
8694
39666
6525
17550
5571
47841
40581
17151
15438
30393
18852
9318
3609
20133
35877
18951
18690
10284
31269
13116
10107
13152
31239
33777
27861
27981
7800
44880
25491
10314
28833
34185
15039
35361
3735
20610
258
44316
2817
15699
39768
34728
38073
8433
6861
25953
27384
38607
1293
10653
3723
11400
36861
18
10233
16725
41058
31092
26661
18549
41406
7497
4734
8445
7914
8469
42111
21228
17844
44931
36927
9612
31659
40059
18045
38520
31068
10485
29127
32361
34194
45909
8820
23055
10983
32109
39780
4041
15201
31500
22590
8610
38997
27324
30111
46911
852
24225
20139
18696
21156
22125
41364
17871
27240
24465
21447
10308
34950
15630
7725
21144
26595
29601
9255
37581
13713
14094
41622
28914
45594
16215
2580
1647
8595
32694
13614
9447
8919
46809
41199
43131
20934
34563
26058
174
24084
47505
23538
24090
28191
31266
10290
6789
12867
19548
44370
39636
33642
37992
20553
44292
19263
36189
45939
27861
20883
11553
2364
42858
10362
43566
3045
44355
43185
29103
9585
32328
41664
33126
8418
21858
29448
18711
28647
7371
38259
25017
47010
36957
28065
32619
46305
12387
20808
44244
5304
6750
20853
7668
14664
31215
16290
30768
40626
24534
24927
2214
8862
18594
396
17280
40452
42900
35991
34155
2271
39306
24228
14337
41319
17349
46956
39624
29736
32823
35868
35040
39573
21777
7767
19293
18051
24057
2061
10677
591
26991
25947
22509
45585
39399
39792
3093
34299
40839
2304
1629
32148
39588
29022
25467
8937
41037
30150
3732
25860
31074
38772
30489
4854
11595
1782
22905
35655
16902
46638
1302
43893
24588
23814
6534
29043
28662
22683
28401
21501
38043
43086
18705
29631
24108
9231
38568
17145
39381
42300
43005
35511
46131
25494
40365
9726
40335
28326
10437
9237
26967
24798
18186
16611
13668
24720
45654
42330
12459
26055
28887
2502
21141
12651
32133
10308
21882
35757
27453
26319
43116
35517
13830
41247
13011
19254
16029
18402
47580
39525
27639
26547
16323
45825
8214
29991
35601
5871
37377
60
44982
18264
2562
31182
30915
47751
41490
17853
35511
33999
9228
30627
21516
36117
36930
47586
7371
18015
17988
20007
9540
10686
11613
38919
21567
19827
33966
22227
25698
23343
22287
35739
41610
37908
18921
37581
2715
25467
20493
38226
11466
29721
33909
46041
17838
35895
45627
38265
5913
28671
10275
28509
4413
34944
19431
25983
6771
18453
13266
45528
41799
35553
33267
465
38517
17244
38046
6291
7767
23595
9573
32289
5319
43485
30330
36213
44436
41013
39537
15405
21687
14868
43917
26100
1812
28404
17139
8583
46857
30405
6111
5712
31017
4434
6177
34590
34734
9282
40881
42501
32877
2457
26793
3252
10998
22179
39468
7434
15195
44061
22842
36882
10929
31815
28038
25797
12219
10236
47436
24132
40641
5550
29847
36714
23040
1080
23307
9777
10362
29244
4278
43242
31701
44127
46494
42699
18309
3018
15192
33504
47079
38034
35442
23064
21849
15480
861
47124
25716
300
36312
31416
18906
31215
20130
7002
32298
8493
16779
42660
37740
34116
2958
21441
30243
1455
29199
552
17529
44391
34056
16611
47481
34554
4731
34386
2037
18651
46566
40809
32007
34878
37281
2913
31152
22470
9915
15450
30963
39753
10110
33759
25869
13071
20259
8112
27582
14514
21723
45111
23961
20835
26778
23442
7392
31512
22884
22485
2163
21450
28350
47226
21384
17634
2139
4536
5160
25110
33042
1179
29919
43155
34941
7788
21282
7200
28959
864
21714
15738
11031
45675
36573
37812
34173
43965
34380
9057
31506
1599
43563
11859
825
30003
42549
16020
47598
47709
6186
45696
888
36108
5907
35829
8952
27189
8085
2967
41109
42855
18705
17199
5586
7281
7011
39759
16302
6447
13872
47811
8046
22491
11670
21927
17553
6219
37947
30207
5928
44133
27903
19872
45297
33813
7704
6252
13002
28845
22275
19170
23703
40983
36369
29289
264
8436
34107
16566
14883
13035
29433
35985
35529
41103
9912
18138
12378
12915
345
18306
22104
28248
3237
32460
14061
10941
38712
40122
4842
26043
24348
28545
19026
12717
22893
32346
34209
9000
13971
14148
22035
43404
2133
22620
36510
25101
40758
13944
3072
41103
45309
25176
34410
546
9636
13527
11487
13404
5649
16329
39450
43053
9933
23532
20826
32826
7881
7035
6882
21852
21183
28917
17256
36372
16596
18822
13473
9354
32769
16545
15516
30078
6780
1926
30624
29472
15453
7167
7935
34161
36552
47385
29214
11541
35973
2043
44367
43854
22134
16305
30762
43320
10281
21
31692
26877
31899
10224
1287
16668
26769
16803
11802
46605
18729
7482
28080
47241
14649
36015
33402
16260
456
14616
27801
36429
29715
37227
45342
3852
5532
28104
12228
15813
41181
43920
7746
25083
6144
9036
6807
45972
25839
31668
44577
9627
39150
37713
8868
18858
25728
42270
35118
39240
21942
27975
40728
3660
17202
38070
20568
35793
18174
32796
16662
24414
41772
24411
1497
47919
33447
21360
10947
11286
5028
7524
20913
44181
45240
42837
28095
36024
37107
28269
27267
11052
8244
19995
27768
38505
23121
13392
26298
6351
46188
42960
30765
39960
19371
32262
4935
17874
5625
15882
42219
10653
36465
28188
19890
33705
23028
47985
34785
12135
28254
27108
36243
1557
12159
29067
40062
35280
42459
31416
41634
5703
26376
24399
45666
10806
21720
15657
41736
40401
31542
35955
16110
20007
16146
36003
18768
4230
1044
5553
16365
42357
45720
17667
43914
9879
46734
1032
45162
6252
32448
38796
11955
23880
28251
22677
47742
1971
38337
41481
7428
34935
42492
23541
19998
23694
11544
38766
27924
25644
9375
9348
20001
7095
27015
28971
16977
38805
43059
27195
10113
27507
31047
22071
16446
11298
9804
29244
26328
13197
35781
33756
132
30276
9297
20130
19026
33897
23952
46953
24600
46386
21357
9657
18537
13428
38631
570
4233
33690
27765
14349
26256
10812
1476
7758
35169
11280
37002
13497
24480
24786
12309
37668
20118
21609
22857
39144
20562
11865
3153
45162
23307
24510
6822
41847
37938
10509
7473
7230
44199
35241
34635
35511
11109
36111
8325
46278
12447
45330
24831
1983
35172
37143
4710
7290
23808
27567
46434
44370
39432
1590
41535
14742
39156
13413
21645
29097
23922
29118
1383
33177
29415
36018
20691
40527
37185
29016
3861
14688
39402
41751
16674
26574
30894
21384
33864
19758
14007
45357
16128
18495
12003
22719
46293
3159
36132
19938
45312
25110
14115
46695
10290
43530
34713
44037
1113
36954
38109
4977
3645
29514
46728
20319
8088
42678
6759
7011
14436
33822
4368
43620
4317
29427
31398
2613
32586
32586
35607
42957
9699
1722
41652
19989
45255
41424
29082
46368
30378
19191
16401
34023
705
28185
19398
21852
22863
39213
28863
2355
25035
46287
11034
42411
27714
42432
45024
25356
40074
32631
20313
1773
34356
13968
34818
44667
20448
15900
43035
2826
35094
11439
1908
855
4680
34362
22707
27546
38634
16626
42957
15669
14913
5991
10080
42627
13479
20160
19986
18612
4794
5355
33441
4206
19323
20262
873
39771
1218
8964
7656
1368
33459
22620
15282
38142
8982
37989
17688
47616
6618
25701
28344
34587
44751
3480
29217
10230
36699
14259
28842
41493
19614
14286
10755
3996
47604
11628
8823
13878
20592
29535
28305
6054
4155
43587
44196
26196
46632
26940
38868
18306
17697
19212
4896
14448
35751
47169
24681
24450
26484
18579
30999
11154
45921
6810
28206
10581
18438
37032
37518
4086
18567
17823
23196
35781
26466
32448
13977
38154
24444
4845
8463
42144
37116
26415
8592
37923
38640
46329
27429
30180
29967
23484
41334
27888
30294
21543
3528
13788
23631
41046
17874
7254
10869
6129
43035
2391
3633
22068
5601
28080
39972
27120
35280
42144
5535
43872
32067
9231
7260
11496
39411
37227
36
32748
30171
30330
19347
33699
44118
8034
26745
13992
15288
2670
33177
23382
18117
36813
10506
23721
29949
2478
2841
17229
44622
21435
13101
41745
30666
33417
18297
22080
35700
18333
19884
17874
663
4287
16629
44781
12321
43377
23832
40665
11103
22065
29103
29223
10878
4668
18000
40827
7146
20841
10056
16827
42276
36216
23628
38001
34689
41928
25137
22392
25317
45021
40266
39039
14364
8895
876
39741
17328
24708
45462
41490
11832
26568
35769
22710
31236
5769
28596
3438
26610
3708
33321
33945
4980
8952
23946
39672
15936
14139
14064
6309
11160
19386
45348
38580
41337
46227
43377
23724
35991
40839
17214
47823
32463
4983
35592
28755
10752
16188
45252
2418
32952
30573
1419
37935
4581
38421
42663
20517
4560
8727
39885
28776
41169
37233
32412
34506
35460
27789
10230
36510
20631
40500
36333
5094
45483
23925
46908
21291
5169
44160
36768
3180
26733
38187
41115
44373
41667
35778
29946
46227
9561
21831
40062
15786
11067
24474
2292
11583
4266
25581
93
37953
18081
36429
43047
28623
25410
7011
1914
43638
3171
38682
46818
42963
41928
4989
39336
35595
5823
21282
46878
28440
43116
3996
44226
19239
28473
11574
30822
45795
2211
30918
35748
20295
32403
43851
13974
9813
2865
28944
18507
6036
19629
17325
999
26613
35370
5391
27264
6249
26676
26142
34689
34848
43197
43971
6087
23670
7548
36909
21465
9759
19827
9213
43110
4230
5064
22140
27102
20985
3087
45609
27024
22716
27993
41079
14385
28419
11529
41649
34671
38205
32847
34416
38109
28044
30390
44196
16770
2994
46161
38235
25809
17991
12504
33978
35277
30627
8118
27435
3612
11205
25047
43692
46977
18096
1830
13362
46515
13359
20067
46242
16620
17973
32661
6729
11073
28107
15981
27846
44157
14142
31137
21966
32133
43644
7944
32469
39327
29121
11904
42939
40326
2007
3690
4362
20103
5520
30780
31677
31935
2850
42975
555
33879
27636
20340
44952
20799
36321
24798
16956
2463
20994
3981
47655
29694
24981
45180
21021
6102
9084
29016
11487
24150
32706
15849
9309
3282
46629
40986
35217
14535
35964
35772
414
28656
8112
45369
14514
9489
35223
44526
11955
8217
13563
24666
37911
38547
21846
10932
9705
43986
5007
34248
20136
37713
2097
29448
40998
13785
35490
41271
41376
36510
29046
41793
30225
2214
4218
9795
24762
4497
6321
36717
12717
32943
13383
15684
36546
285
39675
46251
44271
44682
32502
29466
47451
47655
23970
5505
26496
24516
46779
32931
13029
40881
26724
8310
8151
43998
18105
32913
495
37482
34686
26268
22425
13125
7011
10971
13410
46686
22281
22740
8424
19839
4206
7875
32550
28176
26439
24105
4692
38274
9036
30777
31155
816
39087
4362
9870
22248
37278
23421
24789
23964
1692
12270
2148
21759
36300
15558
33501
10581
38298
41925
43476
7560
14856
41082
792
6351
17187
5487
44625
39279
1320
40836
40095
5466
45201
15021
27714
34479
38445
17559
23499
5193
29832
25647
26952
18132
6264
12453
41769
9618
6378
2301
17181
34290
43383
17973
40644
25629
36516
37269
16908
37839
30108
22062
43305
40365
37083
36075
39900
27528
5637
15399
32721
525
6105
24729
18657
25425
37182
25482
35043
8616
27783
17280
7965
23166
35256
609
13851
36828
2934
30762
39723
46098
17880
35028
38463
6963
36162
30363
47550
6855
10821
32271
7380
16926
9003
39093
7407
11241
16575
42450
19860
9414
11733
40881
45636
12045
41490
11490
873
9480
7308
40599
7581
25188
40683
46044
32151
41901
28410
31701
13812
39231
29031
21192
21213
3090
25341
28620
14331
41916
36126
47247
16386
47859
40128
14025
24960
46674
25515
38892
8157
32823
44547
15738
23067
2286
13782
7218
9246
7248
3978
23058
46479
33009
44253
32748
36099
21594
13368
15486
28569
1497
14736
10011
14412
19920
24036
4431
18597
14607
8379
26754
12486
4926
42492
35553
20268
21330
7830
29514
28581
11808
4575
40116
44817
13884
24867
45972
35478
3291
13458
29103
17844
41250
4173
45315
13173
28209
1746
31770
7875
10125
23580
20361
28107
18072
7917
375
4458
15747
42948
33039
40611
47523
38214
2484
13407
15081
456
13941
31428
26970
8103
1275
20223
12276
46590
46452
40485
13392
43278
360
36573
18858
33780
16680
1986
6753
30111
6444
35556
25059
4542
28167
24582
42756
30651
3045
22893
44163
16989
6321
36189
38148
20652
8412
2424
19242
19920
7965
32634
15198
21384
21207
34056
7164
2943
36042
26973
33057
7545
14529
23172
12087
42696
12813
19899
38403
15858
42792
47622
45903
14169
35811
36051
34824
9282
3531
19122
29202
11499
3759
9459
32883
38022
43515
5103
6024
44616
32076
4137
4161
46605
27309
16248
6357
40122
1203
9816
21039
9051
9438
31998
23220
10305
33108
23100
19587
36639
42225
13848
138
11040
23307
46077
14118
18822
3180
20142
28494
35256
24279
32655
46917
16647
13959
5274
21825
15162
28146
7920
24213
37584
39921
12492
47892
25029
35592
32535
26724
42873
46383
39921
18969
34746
37998
33090
18627
6237
18288
47121
6549
7626
31779
5469
24273
10794
23799
46098
25959
17004
6021
2172
6588
10998
27720
19536
1083
15315
17130
27807
23244
28569
32784
42216
15318
22785
40362
47001
42078
23706
46122
627
31332
42957
19152
7605
5754
8010
18762
44769
25014
37839
46941
44658
837
39720
29253
14976
20091
46383
42783
43335
40008
27570
2607
7326
15411
42969
19383
22545
18678
17508
23172
15066
25521
7383
35730
31275
28449
6492
28044
5463
9387
40044
15177
10224
31764
44430
25200
3855
7869
33039
12246
47880
25665
14856
20262
6132
22881
39648
28677
6615
22212
16908
21684
47733
37347
9414
44067
17796
28962
37167
23259
38349
29211
38436
13629
26031
47925
3885
42942
7794
36924
20247
20730
27648
35103
40995
46836
9984
45699
27516
16602
19911
9480
3342
32700
46827
12756
28767
16623
41718
17937
4938
32067
12204
8430
45696
3294
8355
1581
46236
29208
3561
18483
1938
44265
18642
7989
43104
41685
18744
35676
23343
38655
45156
26685
36414
9039
39441
17181
25662
46215
35118
30600
30282
12381
4086
41034
15675
12444
7671
26967
41652
24288
10509
8646
20556
29151
29694
28716
22836
438
16392
11235
4152
26604
37920
40566
35643
29361
22803
26361
40632
22980
22017
22914
35361
26103
29004
3036
3603
1731
43059
45255
26022
5568
18960
11634
47778
13710
40350
35670
14148
21798
46908
31356
13458
36828
23922
1101
31248
46728
40518
23880
21708
14535
11853
22125
5694
40857
38217
9300
42591
33276
19611
33669
3903
38571
45303
3681
4281
2709
39351
31488
24507
38259
14844
37965
40146
3825
4122
23394
2553
44640
12330
37317
24231
24183
11442
29925
30099
1659
39225
37746
47991
10839
36471
3894
14466
33774
7575
31806
1539
11985
15294
39102
15300
43194
42123
7446
47019
11301
43896
1572
7941
8229
3945
45228
45468
15387
40209
40623
30102
44493
30369
30096
7332
18840
33990
34854
17670
6624
18660
19209
18609
47010
23367
33909
42207
17490
6414
41226
28791
2310
7857
1788
23595
11802
12072
21066
40248
4284
13689
22350
777
9117
17502
21165
41013
16551
21075
10686
23175
39738
42951
6840
3804
31377
40749
11067
867
12219
4296
42717
14532
25209
44505
38127
37011
8580
24249
42315
25920
2997
16668
26697
25170
47226
12918
18183
15777
33993
41925
4008
38787
1935
23904
42594
33312
16656
5661
34179
41931
23013
28896
8463
222
38460
11649
2292
12096
954
44607
38016
3951
26331
29769
29121
25560
42687
12363
6393
28680
6288
23460
19470
8223
47364
27120
41535
29076
45837
40773
23010
33909
34725
44529
47187
25185
8178
1479
2337
9135
46089
40353
26142
37476
22122
20322
28092
16809
32685
34488
10548
38973
23004
43074
12255
22368
35250
18846
16503
46143
11619
39513
32052
11403
36042
31242
1644
9279
45777
3984
18414
8922
44337
9612
46401
31518
29934
26493
13383
14619
26037
23931
18651
1041
32061
30906
36468
19311
1752
4971
30513
26430
9540
14565
37833
45582
10863
39477
19917
8643
43461
3387
30621
4857
13002
29022
1431
42936
20574
14814
22614
46611
3804
41265
12711
35865
37227
14235
20235
38979
19206
15804
30465
28746
30369
20298
39384
6291
24834
11304
27990
33351
14691
10611
38208
40749
4692
39639
35688
25266
19512
23358
36933
23316
16623
14700
24237
5850
28935
9528
9885
13197
25332
5409
41943
20760
38763
46386
27051
15597
22746
20097
951
2493
30708
4215
43245
456
43857
43989
38778
28425
19347
27714
3741
1026
7470
27978
19932
36408
2565
42873
1605
27897
282
8607
13713
39048
20049
5820
6645
42795
25917
20652
45288
21684
24870
5589
22140
33783
1578
12921
14208
33981
5691
31005
35007
26217
24039
6939
14625
26604
1815
29289
19560
15153
2952
33273
6201
23001
39096
25905
30852
17013
46557
41196
38697
36483
46788
25896
22266
13422
38817
1530
47406
9564
32535
47469
35781
8577
19467
15465
35181
21282
9810
6741
36435
12762
5073
7695
819
44169
33600
44727
26238
45213
37923
16938
33699
1767
7890
7965
15192
46707
22554
27654
21327
7089
27123
9108
15666
11646
37629
15906
32928
47439
35703
34422
25257
40776
7173
26076
2001
40773
22803
28242
37986
25785
10236
36741
27552
18126
9765
7800
29889
32319
35454
3216
39408
27636
25380
20133
39282
15012
1095
37269
14451
1854
36747
39711
42633
43920
30843
9690
1749
5649
37932
4791
31434
168
41535
24042
18294
3300
31845
183
675
32355
16455
5139
25047
41838
25272
29388
8850
39423
18657
23301
41280
20460
28068
969
16380
10914
10659
18129
29619
594
22920
26109
13818
29511
2151
45171
32811
47052
10410
33486
31410
26868
38628
21513
20706
28956
2901
42612
20382
34614
17913
26718
7074
11040
27687
36510
21954
3402
19695
16629
3996
42618
42738
30873
37185
9945
28044
21999
9000
38454
20541
5466
17322
24225
26979
3084
5184
29883
45696
38622
16497
28668
30396
36630
39708
10083
25140
26718
13485
9894
43347
30540
17568
3141
26469
6753
13086
6513
28752
22086
10023
14352
27552
40404
38577
6534
43488
8817
1473
41187
12495
31026
34911
42891
32712
26619
18030
22911
18393
44574
32805
26796
40170
2373
29937
18639
9126
43023
25152
2937
17112
231
17289
9720
40635
20922
29310
36126
42798
30783
42369
7293
26868
29280
2187
11580
20955
33273
34491
39348
29847
19296
18144
22017
21669
81
40656
43854
8160
30864
46791
25272
31098
29136
51
23733
2058
29361
24915
44856
25203
19284
17208
4071
13620
19395
15651
34575
4668
15201
38979
47574
34497
22179
21591
21225
22260
27306
17079
43479
10170
15870
33807
6324
45006
33858
30060
12120
15222
6975
22035
5481
39318
39243
9552
4938
23694
38259
39516
41418
5460
43551
40992
39960
17733
27642
13185
5049
6948
30264
528
30174
11190
34338
36501
21252
20196
31617
33372
474
3648
20463
5955
42966
24762
28563
12963
13512
18825
4479
6933
24285
30
12981
29301
30819
40623
7542
35871
12627
2862
36399
42804
27108
22737
44361
360
7992
27978
46791
8466
44682
32310
14424
4707
9075
8043
17670
22587
26868
22149
42576
16212
35235
7560
10569
18057
183
31170
18984
25869
47088
7383
20673
26199
43179
30090
26559
3171
10068
38406
11637
19806
22719
39117
24513
44850
47163
42183
19437
39087
29388
14016
7299
16626
34632
30927
47739
34815
14097
18723
25740
13185
39162
46413
4440
34341
28503
31002
37512
3627
34464
14208
23436
9183
5325
47949
6033
17544
7191
38529
8634
36579
17601
28989
18261
4233
11916
31056
4104
39069
14835
29847
17313
6000
41316
21753
40341
21822
17811
29856
38505
17334
44064
26997
26517
14445
40005
45609
31992
47196
1194
5682
35775
18795
47727
19095
23028
24702
2151
40188
15771
16989
22035
46140
22989
15354
32952
28386
2232
2763
23298
5793
20097
32418
32793
11673
46866
24798
22338
43914
37050
23532
14652
37881
7383
14379
8976
43467
39081
24186
35655
19911
41175
9693
18051
29220
38103
3003
9606
40335
18825
32907
46128
3978
17325
43977
28707
29247
33831
3045
38217
22881
39633
4869
25821
47016
19251
47853
42483
23388
24039
30141
43299
30270
4890
26409
11490
42993
29412
34155
35328
13293
32118
46512
17274
14499
42492
45981
43749
41379
14085
47022
16263
5718
3894
7140
17793
36201
6993
12276
11589
44091
7473
6891
26361
12363
33300
2910
7356
27768
2121
7740
6120
34239
19311
36450
738
13803
47487
9543
7182
13572
8568
36501
32349
25518
8697
2142
13719
15693
14418
25308
11784
21894
45255
3201
47313
43611
19167
6672
23382
21288
27468
29502
7527
46779
31008
21324
25638
30495
43923
45879
44070
17547
47436
28419
43065
8136
30561
21840
23829
10035
12207
669
44985
9462
16926
44301
5076
36096
16029
41514
9384
43497
36072
29970
7335
19080
16350
32973
1575
12273
43908
10701
42879
43347
39120
3000
3483
34737
24843
40368
9831
37050
6093
6816
11568
23019
3117
16644
24171
19146
10158
33558
27702
46230
28584
35037
30366
44934
33066
31944
9207
28977
42645
17142
37380
46824
20145
40863
33561
44988
33231
8448
47094
4380
15267
10662
27399
31440
40365
16629
15645
2523
2187
43347
13812
30771
43440
44178
40761
41562
41178
1968
35595
35826
19113
24975
34650
4314
17838
33267
1302
16125
41718
13452
33561
22041
24114
26019
5481
29535
42648
21126
45117
9891
29529
23985
40662
38025
20163
46479
31590
26400
13503
19185
14226
32616
9219
13932
1986
40113
12255
3288
21297
19029
29796
6858
41070
18969
32877
11610
504
27525
32736
45621
37416
27324
21606
43134
17349
6828
41613
939
33228
7119
33183
12510
4791
42402
39498
6780
47571
16809
23124
20868
897
17979
27729
7023
36948
25662
18633
2508
5190
16428
132
7662
43752
34794
15855
13101
6678
9468
27099
4962
29643
25338
30528
47493
32796
35082
19329
32367
3894
42453
5238
4791
25488
46023
11814
14436
23685
43506
16947
41931
11934
30135
1596
20742
29985
17451
33843
1722
39975
25998
6684
21621
3336
2271
34170
36132
37353
5499
20502
41247
13008
38796
11094
38499
36819
22911
17991
12504
31473
34938
6438
43407
30129
21090
16149
25173
38541
15048
26895
30516
6105
33579
17193
9441
35850
3363
45576
38262
21918
31134
31509
34929
21930
42606
25428
10749
30573
43419
23253
27102
43416
42747
22509
38601
15837
3714
15774
19434
31818
42669
15009
37923
41307
32202
12423
42213
624
9999
32475
22542
41133
15987
22527
15063
23649
47955
38868
19278
8433
27177
46380
3849
21927
33945
42450
2820
2715
23283
22257
34533
17952
37266
37515
11259
34524
1938
5475
35148
24993
37950
22749
31182
18993
45276
46245
7698
10290
2169
26976
18723
29346
25356
35628
3273
24357
43134
6096
27072
18417
28353
26664
1428
30675
16179
12687
17199
31173
31218
4350
8166
34227
40155
39348
5220
2487
2649
25977
12777
4818
4953
44556
47220
