17000
34149
23658
5331
50745
32379
10005
10158
37476
10947
46263
1086
30081
26070
6177
5289
5778
37620
40278
30516
44208
6633
4104
22701
34287
5346
16590
23586
369
36201
39405
47787
41406
12066
24174
12207
15501
34179
22368
24033
45126
39687
25119
46263
14757
2352
22611
42594
39972
33945
22110
4239
40578
48273
26940
23868
2619
14586
18510
2988
21843
6915
50775
12252
18981
46008
46515
5538
29187
39939
29571
45372
50685
25746
40635
14442
28101
34302
28092
39129
17250
21261
14424
6828
18534
41364
1752
43209
4953
20262
46197
26796
27180
17028
10104
17217
12036
27678
22758
12282
16617
23385
28710
16302
49134
40401
1803
48291
23706
951
7476
40956
44268
21903
18840
33858
34323
20595
26067
10332
40857
43320
8187
39093
9351
18291
5313
43443
17025
50127
26781
4701
44568
4491
43059
13758
44895
15918
11049
39657
16872
40584
29613
32196
11487
19509
15057
45810
40104
41124
5145
1020
33447
35388
11169
13854
24735
38538
28353
41763
37665
4137
46464
2292
30684
38523
16050
24579
25500
27102
35292
42372
38742
35961
23568
50229
4473
9681
16095
44577
50808
43296
16653
4311
27684
27825
40221
1422
15363
17574
43185
24087
21711
9705
26379
23454
19284
42429
48033
44784
40587
32328
7212
28329
17289
1839
49614
43818
11520
14712
8454
33384
29064
25107
8751
5751
23988
48972
29229
10410
15549
43470
34497
8316
2175
31932
31770
43515
45417
50862
8358
35007
3246
37626
34392
42591
10521
4065
35412
22044
40833
43866
26484
18897
40029
35238
46704
13020
4266
24933
23430
19815
17403
28983
50190
41634
9915
30960
5208
4332
1878
13566
10395
5124
22248
15846
18774
32772
19911
3186
25872
31800
18108
1356
50697
7137
7650
46404
42213
11919
42393
14643
2790
8799
14682
1980
21489
24597
32943
26697
50988
5877
11319
32439
11004
33570
48285
29778
37398
39252
4020
12270
20052
22128
13626
41808
321
43335
8268
42537
4254
50661
28236
7044
30516
13977
9027
1008
9630
13026
49761
9618
18903
32139
13116
963
36765
32457
1797
23163
20712
5817
35433
11820
50001
20115
24684
21381
12450
32952
34974
38760
3672
34266
45807
34188
48243
25890
6252
6876
38916
5016
38550
28875
37155
666
897
22920
33126
2694
17139
24894
30570
1572
7770
627
43743
32457
22008
5196
36465
5982
15012
40137
11307
9819
23328
8550
6765
29580
15426
16737
5652
2979
45615
13863
25701
46512
7839
29883
20262
24978
3777
50832
48606
33606
22518
41352
15063
44526
17604
22584
21567
32616
11724
32874
13494
6108
41424
20259
6744
27909
36999
12399
1944
2670
26262
49701
20238
34104
28587
40500
30138
32364
11391
27747
14970
33909
18099
1089
49491
6759
23676
20058
39375
6456
23988
23925
12564
36471
44187
19308
13380
1242
2763
37380
3912
84
36081
24150
5244
13668
35706
35382
17091
47097
12129
3117
30006
1284
4209
28500
8043
49941
19614
18477
27453
43605
42402
40017
29076
6645
30381
13512
7887
33147
50892
33855
4287
7029
7005
9531
20700
42714
44913
8847
9867
28101
11964
39876
29385
38229
39432
8487
37170
8046
49020
13623
22707
11478
24696
783
18126
4080
36351
48069
8283
36243
30927
12570
43275
8988
22101
35031
702
38070
43878
10572
15171
4842
21504
15615
43074
9936
46158
300
40038
44178
35982
11748
4656
31734
34587
44838
6870
19941
41910
15153
27240
43893
49779
41571
1881
42936
47658
24642
1065
40536
6270
16236
16437
49830
2907
30567
30822
49065
1923
19860
13299
8961
2664
40014
40698
8310
33852
47568
28251
46818
33780
26547
39711
3615
39177
12651
46554
35835
8349
47619
25374
14619
34911
12867
13449
37821
43434
44271
6942
16413
35187
42300
25377
37854
31314
15075
46164
36222
33699
45471
32043
16479
43074
42810
20097
31251
26517
37707
16089
34866
5382
12519
20541
40293
25386
5046
49170
39876
20373
27171
27345
4563
18471
1722
13473
20841
38853
30693
6063
43611
47220
9162
9090
39294
975
243
19548
49548
9006
6693
33417
14388
19212
25014
25740
15654
30063
23910
26586
50436
22137
2931
26055
40608
26712
39528
10449
36621
41277
38571
29232
37497
47733
9381
47850
48708
31680
38454
18315
40689
45147
732
26133
35415
47802
873
22125
26865
46842
19767
26304
17979
44754
23415
29646
20466
11946
11151
6090
24279
49722
6378
10779
46458
15759
7629
15222
47442
17139
33537
37131
11286
5325
12264
17757
2130
35196
39882
51
31038
30705
48411
20073
24459
20829
49719
15984
32775
9873
44130
6054
30651
50508
38889
48165
15270
17574
12390
11712
34713
16983
19899
17055
44367
3219
34812
17553
38415
45750
17604
40509
25455
15018
9585
49917
35847
30360
14901
39678
11289
8031
16788
41943
29595
4680
39108
44865
44310
22554
27633
28026
10596
18588
16137
3963
21810
50952
21516
31281
45702
39120
42849
42216
25194
23490
12189
10041
2850
27090
49719
14142
6177
37566
27141
35772
42246
37305
696
6612
8862
28329
5694
19458
46920
21834
45477
39786
21786
38049
42123
38544
26169
33972
816
366
6462
13005
32463
31371
40095
2241
45513
17328
39807
21654
2103
2109
7959
2799
8721
38877
2184
14418
29391
20160
36252
45924
31002
29094
32973
22128
38694
8145
27156
39513
30567
4677
1518
12030
36048
12672
36327
1617
30000
25134
45327
3159
27243
24342
28014
35967
34278
30201
21441
12669
50361
6693
7596
30366
6843
11625
23550
45537
19770
21762
34050
21393
26439
35571
4482
33543
48243
40809
35160
49299
14946
543
1461
13245
24888
29475
49212
8166
8676
19653
42891
30096
48402
21543
31518
4245
33171
26124
49785
23997
47886
3891
16449
23328
39462
20931
27927
7761
32796
34146
6063
18798
34689
29580
32046
30633
8055
30258
9855
38790
20970
1749
39942
40428
45348
20460
44676
49575
46584
14517
22575
43470
18408
10080
37854
28929
31011
14784
7746
34863
48930
35865
2664
3675
14445
34710
34311
44559
36024
44166
32349
28050
16971
21291
17481
33378
12807
33213
31953
30447
47730
25584
22917
37194
35664
31830
37179
37731
17670
44928
21597
37656
29793
24261
41331
15297
7971
46698
8856
15051
10923
41205
43104
27894
33552
9585
32328
17415
42798
13284
47862
10584
9924
19779
18834
45591
22665
5016
32322
40335
21000
24975
26991
21849
49236
39381
37146
28263
35079
46002
43317
46002
7263
6477
44955
11871
16062
26283
29286
29916
10623
26148
11556
20550
16986
1446
37197
39651
6462
18519
45
49518
14553
49092
20370
12789
37473
6516
12111
43611
23577
26484
38613
30840
32961
32568
13770
49023
29910
43056
49995
40533
18207
10551
10083
6249
34053
18336
45900
40518
7914
17001
10092
22467
15096
30462
6312
23625
8037
18423
16236
31614
44907
25908
33510
26868
29532
47280
46947
8442
10395
45942
48978
50658
27549
30117
5907
10605
48456
22863
22179
5370
39867
3327
49893
26019
33792
5205
49644
12885
23631
36939
44499
39594
11847
49065
15465
41379
16404
33468
20880
26799
50469
18858
48513
49074
20031
3420
30735
39543
26283
23970
15969
15150
27300
14862
12225
10092
42126
10872
22977
14757
18867
38532
25407
30714
7653
11928
43149
24057
45399
13029
21912
44868
2943
19425
13998
45033
44901
44736
33576
20187
17706
20604
6393
45006
6522
18621
26154
48648
549
49131
34461
19416
7719
8871
21186
15375
20799
35391
10488
37254
48423
3459
2178
22422
44940
16179
16455
38844
9915
21090
30087
49677
41694
36480
43686
19272
26157
18840
16923
26706
39030
22440
17178
46749
2367
9420
11124
23169
44814
43671
31479
13293
47130
33660
35715
41070
49839
1173
28914
30810
22263
8001
29487
35013
15540
44229
3285
41697
12072
42264
39462
22158
13707
27696
17907
38130
37119
90
10299
1989
43761
12837
15282
10947
46497
22053
1017
16392
23226
990
18258
16545
31047
47745
558
17643
12033
25902
30399
46161
17166
18861
17319
1929
46557
35226
40062
3732
6372
21417
27777
21189
34254
43059
32136
807
14115
4212
17199
8397
5202
35457
24945
7305
3261
47559
47007
37350
22461
26406
32511
10686
45267
49830
12615
11880
5112
23733
37671
11487
16209
14448
32676
50463
28566
13815
22329
13737
40083
10584
22134
16341
17100
18135
23646
20361
14697
19653
28767
37158
46059
10278
47844
11382
9108
31518
45321
36276
4251
31992
47763
20460
46440
498
41982
46062
36369
13311
8799
25452
45951
30936
41793
12051
20127
36495
3468
34824
27207
32235
20985
22266
42513
39885
4707
22677
20403
50028
7956
46713
31020
26775
38229
48516
27273
267
43581
34698
35634
23436
9150
30588
3372
21999
42639
45558
7497
46110
29382
34704
27345
21423
28026
40917
10311
3789
12594
1770
2817
42606
19539
4893
18384
6771
2412
16713
7038
17049
414
42675
40485
31620
22263
14916
24678
13902
9474
32175
31068
38856
37935
7416
31338
37017
48333
41649
40809
31983
14475
43626
45648
34017
48522
13032
40788
21990
801
18882
39039
23271
10557
50580
25950
3876
14496
50628
39837
23970
2859
19905
33885
40794
27321
14223
26811
46710
26928
16620
49752
41403
9249
44400
46476
28827
28488
7320
50817
29289
26205
9912
23619
7818
9492
49569
33753
46047
20253
22590
19017
23112
42495
23958
12906
40875
9237
10773
7641
7221
49452
6393
19683
29757
50793
15159
7584
28281
22482
29457
28629
19743
39369
23304
27561
19917
43929
10314
14964
13182
3960
5040
36294
46458
54
20256
7389
9294
2085
15030
16515
537
21426
36198
30294
43275
22416
8934
20559
44898
38391
20244
13641
48816
43548
12258
17736
36477
44631
32700
49659
48591
8796
6009
15105
8853
48321
22494
18147
21462
8583
5718
22002
30009
12975
23352
22284
35391
32289
13899
345
19680
34143
36042
39555
26691
48300
6291
34224
12987
10047
3939
32637
40902
9948
47742
49755
29325
41295
38958
50790
49878
44676
43848
28887
28707
38256
22227
13098
19545
7185
35499
10284
41328
20541
49839
39078
39900
27186
44358
1887
8289
48300
34524
49191
7248
2325
47946
7632
43620
6960
29478
13554
22695
44382
13497
402
31638
35724
35559
186
42909
20058
32526
4296
40602
2421
14430
29502
29607
7788
2445
8952
5088
36972
7146
34395
10353
26148
13083
25029
33111
42561
38583
4806
35943
1080
27264
38637
7860
11823
9879
50772
31884
42405
26124
21486
44826
11610
50988
45489
19398
2433
25500
46545
10461
3702
996
42870
29850
14079
16899
34017
5640
4482
9879
12639
5562
37146
22332
13425
48969
32214
35253
29853
23619
32433
22395
39504
44043
44439
5049
34497
17931
1605
30042
28392
5307
31038
42321
6216
16173
8220
40233
43869
34761
21171
5508
11379
7317
27843
46860
27342
31113
31113
28254
25788
34602
50649
14292
49701
44091
41400
33201
11022
43005
34299
10470
19371
36396
23847
25587
1569
32070
36876
45441
37887
7047
22005
49266
36420
20904
45129
12765
1017
47298
12075
26808
1959
33780
12156
660
26871
24612
33861
8949
16620
17163
41478
35991
24615
36381
32634
26184
39507
18510
42681
26394
25560
13689
24663
10980
5649
40848
45801
6669
37146
6876
4533
39105
40659
16689
10824
38586
41304
44685
18594
28980
32904
31128
36027
6519
16509
17661
3762
5019
36171
46443
2469
32787
31188
27132
14826
36840
39036
9627
14565
47241
38562
19098
6402
50277
6843
17226
8919
19203
10914
27513
19239
14874
29697
4266
43452
17265
43983
18270
44340
213
35769
46809
33000
15960
45000
47826
23856
33036
28512
38421
29277
16074
28575
35682
15351
6474
1908
24270
25680
34878
22842
44919
20811
23595
20244
13263
40860
13227
2589
34200
35496
38358
30012
17499
25374
46068
36381
49230
28104
13893
7707
6384
1023
7338
13122
16374
13815
15030
11703
39495
20967
5601
4470
41778
29196
24714
26097
41115
9000
28686
46371
44496
16044
25383
33051
41421
42507
40491
10707
19614
3384
18417
48054
4410
25755
10176
42840
10626
47262
25599
50121
17229
31200
25650
30063
31455
50364
5160
21570
30420
4902
16941
45975
20949
13383
50082
33426
4890
39573
15189
46560
42960
4662
43614
18426
1476
2790
10266
12102
50055
6924
33282
38340
38124
7932
17406
40635
29352
22566
33261
8775
27471
50205
25806
19476
34644
24888
23958
10590
35520
39147
6153
49536
14868
49767
16962
16344
23616
49284
28446
22671
27264
10728
10011
14391
18660
27417
26082
48015
21042
8346
27846
19569
29607
24708
39045
13251
20652
34059
45897
5172
44262
1050
3708
8130
21876
42726
24474
45492
12069
1923
17163
39333
34707
49230
24780
2370
47706
50865
21441
17748
30267
20343
37317
8874
45051
47418
22125
14703
1533
17022
41934
45795
40131
16698
2928
11007
30483
27402
5499
13608
381
44718
23997
35091
42948
48780
8517
10710
19701
29958
28458
21024
50301
36831
29898
15408
4305
23079
30111
5838
11157
43101
636
288
8802
25620
33351
39285
2022
38850
1893
2406
3624
25890
8553
46575
45726
17070
28341
36483
47028
5802
6507
17385
13689
36405
32793
40053
30540
33960
45891
41700
26064
17583
41988
5922
43203
24342
45207
16284
34248
18156
40746
37875
44046
49299
4506
9831
15369
32847
17370
33453
9705
23880
50838
23397
31341
3687
34506
10884
37647
29397
1584
34767
18039
14628
40689
32298
38970
5952
48582
44277
24108
38328
31152
39213
36627
6714
20100
23052
10617
37470
5505
20325
10350
5343
14778
12750
31086
49284
23634
39792
49737
47274
23559
38832
10902
35307
20133
20931
12315
39771
14208
36426
27102
16416
46695
34785
23130
15795
28896
33747
24321
34401
25128
34674
10803
39906
18480
41889
9246
42114
30681
30042
38388
25299
17874
49290
31662
38007
19221
43977
26781
4485
29403
24939
20901
47154
30780
15087
34005
8676
19893
7329
14136
45021
13059
24939
4986
31539
37884
36288
22653
17568
15330
32097
13923
33207
1443
45585
42270
20667
38562
40107
47208
39024
14046
17112
35178
15885
32199
40242
24561
1092
47571
9753
17172
9630
34692
44214
41169
21579
29502
34878
10203
44835
15975
46182
49098
17418
40767
40368
9141
50385
29478
5352
38409
14580
44520
44646
30465
25719
4944
26085
48870
1515
35838
37098
33201
41589
30312
23370
34224
30870
29304
15483
24705
45279
10665
22803
33753
432
34230
13953
21873
34764
19305
31341
49344
12825
47043
50868
9600
987
25953
29526
2502
32847
37680
35703
45492
16992
30129
28716
47865
8433
44199
43626
24768
25920
37488
29577
48408
42774
43530
19284
26538
33891
50625
24882
17772
46668
24750
27375
47655
21759
27957
21213
25665
14640
27972
20157
2688
7101
19932
21609
37590
35187
14238
11358
10110
22782
40935
29574
14556
4524
48858
41094
38415
19539
37032
5190
37263
32841
3621
4974
3600
2634
26187
321
17274
3159
42537
42021
32316
33525
12630
18906
17712
48924
1320
49878
20706
42258
28455
6318
17838
48369
47412
5253
16911
4503
32499
25230
37344
7176
30207
12000
9813
27450
12324
49143
1668
3861
40164
33984
37386
23853
23949
26154
21777
25269
25035
13542
38583
24546
41916
5421
43971
9387
32733
9882
13890
14232
6171
234
21411
36378
12234
2280
34884
24558
423
36552
50475
11646
41595
7917
35499
14544
34074
28332
10869
30165
12930
49455
25767
3849
25932
18738
13236
7665
50679
27126
21900
5850
27360
14367
13284
10650
16647
48168
35211
39126
33723
5742
50772
46374
13662
6327
31974
18792
34662
42843
48957
18648
12354
45780
22497
38289
13518
6789
45954
13197
33915
38910
41103
32331
24333
3387
42984
12036
558
49251
165
5337
26049
50937
22767
39711
6267
3741
29559
11985
17640
49572
30633
29997
44352
2133
39342
28929
30978
5352
42126
13896
15321
3288
17283
39654
6675
31323
693
29289
630
858
5682
26682
22851
50505
37449
174
3246
16011
12159
42945
36639
13851
21942
29994
38040
32340
7923
18018
37692
21105
31914
24069
24393
20256
12726
2127
22635
35475
2472
23268
7389
30213
21006
30240
29718
7455
1473
32967
45522
13632
46968
31164
27483
17910
32214
14523
21306
40137
32544
30054
32298
35514
3126
27750
26826
15852
29877
49464
22383
3405
43788
29772
33618
13794
31068
12339
43305
32541
16362
8886
17232
12330
11106
15771
1296
43320
1353
44658
3513
33897
23712
6867
40467
26838
34617
38352
13746
35550
36816
36129
38958
29604
36957
21576
14454
17028
4971
6759
20625
43389
15645
37857
26775
48807
2631
50127
41127
26040
43785
15696
30993
16500
22566
20460
43338
28239
29868
6087
12792
15684
13272
750
16344
50232
44382
1854
38316
20412
8616
7941
12801
46317
16857
39579
44127
41544
9762
5310
16584
2550
43065
47577
19050
36687
39093
33444
13926
17964
39531
26718
4704
23862
49524
43107
23094
42909
44961
10410
12321
24633
40407
47178
42009
28320
6813
6192
18864
16578
33558
35448
19128
25623
3081
9234
33366
42177
42678
47295
31197
31212
45069
35901
4074
43596
50064
49224
6561
44028
30690
18882
39717
42153
37116
30726
19476
43932
36918
38340
31566
19479
44847
50694
16158
18984
8928
49527
10161
606
16878
12414
2874
10947
19374
29004
3543
18438
49284
32160
33522
28974
42
22242
42186
8217
1968
10662
23205
9945
49002
3771
480
13905
25521
16638
32892
34449
15165
14109
6111
3099
26526
31044
14049
45900
31104
39648
13338
447
20811
46863
477
42909
40161
42663
126
42129
2325
23331
23130
22386
49158
23610
36291
23679
40251
18183
29184
26472
3351
35298
29574
29877
37398
14679
24777
39558
3327
9171
40005
24138
27090
40485
38106
16251
32148
9288
29439
34476
32622
1569
27918
30780
25182
13209
25518
36489
2451
3702
34017
5802
10056
34647
35679
47454
49326
31512
36015
23712
11739
47076
18906
38832
36561
6012
4083
39768
15303
4578
23244
18981
6150
162
20817
2388
35427
46335
9933
37878
50040
15006
14736
9096
49656
21471
27609
19038
1983
34680
42750
35781
30756
10659
23613
16320
16671
49752
27144
3030
3333
21444
22011
31539
43662
42831
4983
28089
9222
36972
37026
8262
978
762
39417
50634
44292
16026
18675
17331
50706
32481
2112
30462
43140
25725
17838
30870
24480
44982
33900
49869
15426
26970
1464
8088
40857
6447
7236
50079
14475
44262
7344
15453
16080
46761
37146
9372
11787
26877
26706
33549
8358
28818
13011
501
25602
1908
2427
21138
46890
36327
20007
33375
34353
21471
12519
24210
49974
19755
23292
13449
13017
1692
50958
156
19509
37104
9528
31296
12981
7290
35901
43398
36111
48912
43899
10713
21876
17382
31851
39825
24765
22914
22200
8121
15441
34719
32331
36471
3477
26679
20976
38550
28371
20934
38706
47880
7041
19293
50232
42078
26583
35133
34476
11694
4104
49431
44463
25980
15813
47370
36861
11637
41340
8061
19758
27837
13839
1089
13308
39372
49827
34284
26922
27198
26277
36687
24081
4374
4980
23313
46452
2619
29505
987
36372
33609
21474
29835
30645
8346
48264
16509
19983
38604
46626
39741
37500
9465
11886
50808
19893
10713
5151
17874
37914
31428
3561
33051
35802
30597
27420
2310
33216
27981
25353
18588
32646
46830
19482
12294
4176
16746
50859
24159
26406
17541
34956
34962
49065
46842
34773
17958
28614
10980
35832
37584
13464
10449
19635
49266
12102
18111
22632
45321
46095
47988
34965
27741
43818
3447
11091
19050
42249
33006
43209
39714
50550
27165
23676
48615
45063
29505
15573
44733
40485
22464
31317
2949
3969
22008
23271
16074
11178
45906
10395
6273
13950
45360
5070
28824
19866
16164
47874
33171
49170
40083
21885
48720
38304
16620
17391
3423
46125
4023
48159
6669
26487
50532
31674
30456
43599
3948
46530
3777
20910
27981
10050
5916
44400
15120
34740
35322
2340
31614
17493
513
20697
10437
20289
30057
27057
37683
4536
44238
12762
23751
50907
39249
23286
31584
40761
15885
6588
7350
19662
27498
6387
768
33414
50787
15888
17154
6165
40287
19824
23661
40800
40521
5154
32145
41634
32211
40884
46170
47505
2646
18924
47415
12951
13266
50055
24771
207
5643
32121
19869
4197
38508
20637
8667
9354
7581
25821
15519
47868
45645
10236
8724
6222
15390
11928
18912
18657
23868
36138
15165
26517
26118
33636
10524
39384
32691
35295
39591
9390
16416
30516
13587
25983
22209
22254
6393
849
19131
43968
19773
35832
3207
50556
13110
40653
11484
3078
30369
35352
39216
16590
32925
14337
21282
43452
24777
2973
27747
35427
34419
15222
14943
48006
41205
8211
41316
47598
9060
31503
11622
28833
16335
14829
50445
501
26541
10929
3579
27966
17340
13851
15612
21321
28188
36894
13773
24024
39867
12579
8451
23286
27801
45450
42348
40062
2661
3720
7716
33777
35223
19338
33669
22614
5226
33114
23115
31767
44046
48750
30789
32442
11601
46401
2763
10848
32295
38595
34872
43218
174
43323
37560
27975
37773
50964
17037
11493
3684
24753
45270
38907
44091
27939
32577
20373
10056
26748
23196
25158
24498
2985
6600
7155
20442
31419
18003
1737
19014
23931
16011
19188
16254
2571
18219
25086
2535
6312
36579
28275
2121
1905
38238
46215
29847
19815
37644
10959
17619
9843
36117
42117
12828
13773
20331
33273
45192
9390
6066
35265
33324
22080
3453
49578
46707
43731
45720
49245
50043
31299
48576
1167
33207
35817
18438
34110
26688
5082
45069
44310
14925
1242
6483
49812
15015
26814
32085
31263
36207
9207
15528
18531
31287
41040
39165
26997
33771
33888
47298
32814
36243
44874
5037
40506
747
23475
45672
27438
50616
39741
20748
14541
40983
27231
13353
27054
3048
16494
7320
10311
25704
22848
50898
28047
12888
39063
4044
17715
44007
22398
21588
29253
38331
26625
40815
39078
21159
35490
15516
20775
46287
36264
35316
7329
34554
19728
34383
8658
7278
41703
18969
32982
35610
18867
32088
19554
28986
7188
37272
21996
29589
7860
22305
16920
5541
34176
27054
26700
18666
13629
47475
36012
20949
2850
43341
4503
44634
26724
13161
912
39486
3186
4953
24096
22053
37041
14706
22098
44229
978
15150
44874
30894
8511
32850
7494
42687
8907
34194
32412
22536
1728
17424
14541
26634
9765
19047
42324
36489
32208
14292
47031
6453
19245
20127
50562
27342
34836
21660
42630
6870
36810
36504
8823
45321
40413
16317
8067
49320
21567
40479
42912
45351
28959
6453
43041
38724
47556
34365
46269
50823
19716
42303
6276
10017
33486
5838
37362
39378
49557
48
17307
35367
36552
26130
747
25965
13503
30870
46341
6126
20349
9309
22536
20364
37821
36633
8088
5433
42057
25413
5256
10773
38772
33588
20790
21261
39429
29208
31695
37986
29256
49002
44409
36867
46188
16212
33888
8691
47082
288
36876
38487
9597
30468
7851
18474
16101
37995
45966
7158
12411
222
17931
183
33813
38724
43500
44298
38988
24198
2340
17247
22200
17805
3114
17391
34020
37002
48138
1158
37290
5070
39648
17946
35538
18555
7476
642
5553
2442
29856
40020
24723
47790
11259
29592
6570
3762
22890
45558
50016
47286
33861
21216
14091
36975
9663
19167
22980
28860
20328
31326
33930
8976
49272
40527
49587
27807
12225
4140
30249
42081
44160
3972
9927
4422
33564
16497
30240
27510
33114
29256
23796
15975
21528
8946
1953
31194
28113
46989
31110
48441
49371
36096
28473
18702
25623
27063
46509
37848
2259
47814
50988
17478
789
9915
43956
5409
48471
23196
3978
30585
23508
27774
46560
45036
7776
19569
47286
35892
37614
27396
4389
7044
12495
3921
25746
9174
30984
43311
18081
4299
40125
18069
21777
11970
27984
14733
39438
25455
8985
43416
27096
32493
42246
44715
48588
50025
13284
44874
34917
21957
43329
10362
29001
26880
14283
25803
7110
16323
18114
25191
20625
7239
43260
13458
41268
42303
28194
29706
38814
8235
22122
36969
11787
13368
30684
9375
12393
15024
25305
18366
8037
39690
28731
37038
15570
14070
11841
44739
30396
1011
18930
21
8253
33249
13479
49521
46608
12729
28227
5478
20967
21405
42447
32754
34773
22131
13185
47169
8214
38490
36591
16251
49239
14322
24348
35865
28395
7245
29604
29847
8259
48537
29868
38568
1842
14403
8145
48450
49191
7428
2928
41214
28833
45378
45024
12606
38565
7209
30831
46779
16755
16425
12033
14994
1803
36381
21918
1254
43626
522
31101
22941
49059
9969
10509
50901
46431
18654
19407
15678
26082
22338
5892
3915
38772
50916
38580
26337
29181
18411
44175
16992
5892
5208
3045
7698
12645
24963
8952
27327
25485
40056
50271
45603
21081
9780
16560
38568
50493
35970
3246
25575
29364
9138
549
17136
31110
39129
43473
31347
28596
36648
19398
34491
12912
22443
42189
47613
18462
22197
23943
15003
11253
45270
9606
3393
26106
48225
41961
25599
33195
45210
22233
33615
25404
44838
50751
27573
32967
14280
29976
32619
21987
49374
16110
34899
42873
29355
2571
32391
22611
48570
47397
33864
42840
28059
8313
40002
25284
50277
36660
29535
15543
29949
12150
12003
23787
33957
39576
27810
48240
40611
9429
19227
10041
47598
25182
1917
48009
49809
5364
19620
47379
1761
24543
10275
29823
32856
21336
26163
3189
6996
4701
18732
36945
38907
30738
9732
21867
41370
37542
41163
30981
18027
9390
41025
14625
5628
13998
33693
4440
19362
2313
22875
21126
48912
4209
22005
30771
25545
48168
5016
32541
23925
23751
40542
11835
3489
50274
4758
44859
7872
45921
24843
25899
26367
36924
11583
3051
50922
45276
29547
19284
18645
1425
11466
38616
27690
33471
40443
2235
1698
45459
34776
25623
18210
46374
8514
43755
45648
13272
37617
24576
30249
33516
21531
5616
41496
33114
30726
41418
49446
9273
31758
39150
32754
43227
26766
9444
47754
38265
33735
49452
32724
39567
46134
50937
34941
3648
43692
645
38979
1365
25221
18228
5937
46755
45903
47433
50925
47685
8907
20430
5958
40668
30636
9771
3951
28458
41271
705
15723
24009
21216
48447
12576
16350
19440
47520
42054
34191
48165
30033
6612
44445
19320
12552
40200
36279
31041
11181
32964
39951
31611
38922
29619
33303
19749
33570
10761
10023
5331
26484
5088
48603
45990
17664
36009
14430
36240
27066
19677
33408
28155
26292
48909
18531
9900
9165
3810
40941
20346
36774
29892
23016
46755
8511
5319
15504
13137
16083
47583
40527
42567
1671
38130
37557
19338
45198
23046
26634
21264
42723
31098
20475
40071
29007
39009
49971
38172
13875
39915
7521
50652
18807
1593
46407
49377
6912
32967
33570
22995
29553
45153
36621
31224
32286
45234
21618
26484
17280
48255
18804
31062
28353
10335
20133
6363
20400
19107
44535
34278
30078
23112
4986
48885
24705
393
18318
31620
33360
22947
25671
33969
17100
33348
14196
20442
27585
6870
46926
15921
4125
36786
18039
3537
18180
9231
9900
38580
28338
25491
43914
29472
19662
48900
49413
44367
49293
16734
47043
2712
10737
43773
36681
27837
26121
21933
48282
24762
28806
15264
11742
3987
23109
837
7524
41289
10068
39480
50925
9462
36030
43842
38934
4692
41742
37350
49059
11094
25140
16161
35862
35877
8934
43599
12714
6111
14535
32052
1932
14397
47319
13674
18384
41484
14511
47967
31773
46638
36447
2754
5100
21477
46596
44037
26169
8397
30387
46287
19491
4527
11448
26409
11460
42438
19008
24174
48549
4599
27285
50481
18996
45660
35211
8439
36144
20781
5406
38973
16419
12909
41727
43575
34389
37326
36612
31614
16779
38055
48957
7326
13638
31461
33735
25098
22899
1743
20331
42507
6345
47616
13044
47397
42276
19314
4836
27420
40095
10242
15393
27570
45210
28176
20145
28599
36558
27816
31269
2337
14871
285
9663
28512
31746
14454
24666
25704
38256
44997
39267
15657
41613
23367
12054
3945
42681
38949
31365
2832
20247
17814
30402
14457
17049
21606
14112
2607
49422
45384
4947
35349
45669
36666
34917
48471
22179
8586
23175
9435
24639
33498
25092
37311
5868
8202
41256
48549
47151
43680
22440
16401
32550
23898
30858
49599
45504
44973
1209
14982
10413
28212
50334
27138
35934
34251
46665
7113
42837
40899
38604
16479
23397
34752
24846
29265
42957
15102
48873
10164
7782
20313
48621
11391
15267
28482
9990
9774
44511
33255
46812
25980
10467
46146
24174
17460
29400
19839
24573
43293
9738
34236
30828
33138
17988
4674
33459
32001
41835
31332
42168
20673
22701
39789
32064
9027
39327
42057
40857
3894
46368
36669
29874
27894
31818
3048
45354
32274
44946
40983
46623
3684
24219
26454
7878
42210
2184
41340
23211
44019
43728
36435
13695
37488
25227
45759
46515
35610
7872
36372
39507
25299
22041
18381
2193
24915
43488
47547
6189
37434
37530
23871
12174
32808
50325
20055
46074
1509
10395
40341
16587
3123
25779
30282
40611
22062
47097
7182
6672
26028
43554
17235
327
36654
6675
24576
10569
50163
21123
38817
7653
29709
11688
19827
33573
33069
39882
28647
5634
21333
17991
44277
24459
43770
23559
36126
36888
41715
14367
14616
38799
6921
31854
10182
14631
38529
34758
47259
8748
26937
35076
16401
5646
17820
7284
39222
21945
47169
38925
49635
17502
5916
42915
13017
20742
37530
20202
6630
28245
34569
43305
38100
12546
24159
48282
27180
11688
3096
23439
20436
30033
29571
7893
35682
18447
15177
45960
11448
33402
33885
10083
21963
10860
1998
6036
2658
39531
26238
31347
38832
31863
23652
25935
15468
47811
45273
42648
30555
48372
37143
22047
49461
37770
29940
34143
27273
16173
159
38721
49578
5103
48804
20541
38019
21861
48633
40677
10392
45930
21024
20280
26793
15732
17271
42261
34599
11547
4965
14154
30975
13164
36201
29436
50934
37197
34638
27207
2373
5853
36984
23007
33012
34791
14604
20031
5652
12237
31767
38100
7167
23847
7380
5019
39582
24654
18336
23181
7257
45360
37338
9288
7524
44595
9780
29517
1851
44418
27780
4224
21330
13767
49287
3342
19614
12891
23376
47322
47184
4143
34422
3354
27990
12858
30429
38628
8568
48765
10812
37881
14181
19206
18225
21708
34857
28008
22281
36708
43482
50061
40932
13812
12828
39219
17157
3498
23166
11589
50820
19353
37788
5298
44763
36834
40215
24192
24465
48783
44013
6333
6723
7197
25539
24948
50961
9396
24012
22242
17163
16497
21303
7095
1365
5190
17373
40578
8688
11595
1167
8511
30948
10011
13809
46767
46848
3024
42015
42369
22866
35031
19758
645
13284
16353
47649
13245
25749
20664
35487
13968
8217
27846
21066
9582
33036
9495
50163
41727
43146
22386
50238
45153
32400
35103
40920
50304
9186
31938
12729
3108
38025
32487
25809
309
48840
22458
13554
45645
14178
20097
8616
22395
47943
738
31980
29982
32289
31143
42765
24435
2529
13059
18588
5985
48162
30567
5289
28404
11505
40074
2568
49530
21561
28377
20895
19401
50838
34449
14049
14016
25602
44721
36414
22545
45459
39450
1527
26748
41649
44292
183
15234
28407
40830
21222
25572
20397
48567
25032
31902
37644
27603
1488
8205
4980
22383
49665
26874
27888
34770
40893
2490
28491
48363
47091
22950
7869
19677
20754
49518
35025
42993
13752
12435
32823
6030
38007
2220
3600
34095
5178
12300
10698
28722
20505
15681
22161
41226
13611
50049
24996
3504
23595
2487
22923
19689
47493
30792
39366
17247
29310
45447
9243
14121
6882
42066
20151
15945
15345
23751
50043
42579
36051
9741
20304
27615
47478
42465
17841
10092
12573
13896
35652
36168
16383
29634
26913
34935
9426
37335
1182
9795
31785
32481
23916
38667
45606
44067
3615
9951
38877
2658
1530
45984
34455
43890
44655
1992
35358
33555
34140
47931
47451
18792
4155
34890
48426
2127
18825
28911
39462
42066
38706
42303
23547
33678
29973
18153
48801
4644
50160
36678
29358
22749
2721
12813
15639
47376
36861
22053
987
20001
41040
48438
38796
45198
32331
7278
18381
22212
36189
6843
13278
45951
20205
7884
28629
21234
48093
26433
25878
18312
34167
4236
41061
36888
39105
27756
4323
47025
49812
5310
16026
39852
2751
3822
5106
6138
33159
23487
28350
18348
1389
12687
35358
21594
20571
12987
42828
17664
39420
39762
35976
22590
15054
48093
30534
25215
24852
34857
21240
45720
11226
37269
5628
13977
12147
32793
42171
45306
5280
41577
34713
28725
3264
19071
50319
23835
3114
13203
12558
13593
1965
19590
7239
17019
16686
37773
42237
12594
43689
12477
29370
3915
49746
34998
39948
32952
16791
31119
27258
44130
43752
33027
21855
47019
23154
43233
41910
26271
5436
25524
39864
7404
45117
47103
46479
32859
4932
8772
45453
19677
21252
45879
23592
42054
29877
34596
24006
17727
36771
22323
10857
29526
26406
3768
25545
49563
47001
38511
46890
23496
13038
35754
1956
7155
2913
48435
11070
29901
6210
5523
49581
49518
22458
44229
11628
1335
27828
35637
41118
35655
29016
23031
14181
4422
48858
10782
25041
44859
49296
20931
39411
33390
27741
41367
40545
1710
9861
615
31614
38127
28194
1251
36645
50652
16536
48273
23043
15420
3966
35220
78
4038
7251
36315
8463
27165
47100
33504
21027
16452
25494
31494
49842
2235
21864
10443
3948
2781
33114
6618
40908
32364
29925
48609
3072
46461
16938
48171
10884
20907
32391
10962
47001
10701
18333
4464
37866
14433
9027
29949
1941
34521
10446
22839
7812
3366
33282
11760
28203
37452
40434
18111
18816
19359
37776
21888
14823
3714
19062
47763
46677
453
29781
42681
33210
48114
18201
20079
33606
49284
21084
35547
32805
31530
29445
11676
5952
11727
45492
34155
20238
34929
23322
39054
25344
10098
9945
11223
35871
63
7986
2604
22572
8823
45285
4785
5940
34545
46920
39546
32829
17004
46149
36693
19593
24594
48369
47601
7380
13917
30759
27618
48846
3081
15672
23193
35238
47673
5472
20109
18792
13461
44769
41367
22284
10113
17208
50280
44658
13128
38826
48543
1188
5034
5292
42837
29628
24717
39441
37008
38637
41256
35682
36483
15393
357
30732
50631
19086
36207
41796
37881
20724
35568
50304
14064
45681
16512
13347
10395
696
23229
7938
23940
50319
13233
15780
28950
37950
26277
37014
25587
16533
21699
33129
2982
44112
34917
24672
34254
42180
15468
43191
11904
22092
42495
48027
38829
8007
10374
20280
8703
4659
50277
3702
3981
34566
41538
3987
43572
16815
12057
18162
4404
4812
22347
7386
19980
28320
32058
3237
19503
18585
46428
31407
11733
37926
50490
21621
16989
31920
41901
47751
36582
12234
453
11619
46800
41991
15606
39375
7806
49719
28593
34266
3534
50940
12708
23514
28260
44769
26751
47763
34410
44238
50229
17199
2220
20775
38820
19209
1698
780
15960
9336
13014
38469
20955
8817
29460
7617
19248
8322
6336
47841
42588
9870
47781
26355
4443
47097
42180
2250
14919
25590
46488
36204
13845
48708
5979
1668
38976
29733
24504
25992
39069
8574
13464
9024
39447
42924
38697
7695
22305
16092
4536
35949
25962
23373
11304
1461
41529
2484
3714
5448
50130
50202
12708
12978
18969
40743
36702
6945
19479
10206
32937
7548
18780
46401
38631
29286
9384
26328
36981
31689
42420
41520
38694
39441
13893
50001
40902
4422
1485
15672
31926
22674
14877
15690
35652
4902
5436
21354
11847
46971
2616
15840
3519
43452
33300
13206
21738
13740
10593
7722
16485
24069
20298
4179
34566
34191
3180
24471
9672
26724
40143
12654
49398
26076
28347
5106
30978
4839
48516
13881
810
132
780
26385
43584
34080
10650
36381
47820
21243
15159
35361
45312
35457
39540
28881
40704
13779
24408
21432
11559
35607
34089
32013
32742
33492
37119
34776
9387
34635
48660
32253
5823
49440
29694
20463
3576
40344
5844
22452
10587
21003
6813
26958
27516
17409
26895
17223
31188
22359
38655
42747
29022
43800
45816
10764
26292
31935
45543
35679
37626
14259
38988
43449
34755
17685
34971
38331
7029
40815
9783
39675
32877
38652
37689
9393
5061
13584
48672
7308
6999
36330
21111
36021
29130
15930
46788
26481
18921
12387
33216
27606
48702
21207
42111
32457
38892
26082
41844
45921
37956
22683
34596
19833
10335
21285
282
37452
5925
48957
44760
12924
34287
14874
20004
34473
1860
15792
9954
20781
50235
43173
48387
47937
35436
39501
450
23328
14583
42294
18249
23595
13977
23904
43428
24312
16245
14769
32820
44229
12726
26583
28209
18069
41457
48213
23598
43317
35061
33555
35154
34296
47784
32544
2289
32220
43101
2739
26604
28740
16089
15909
1338
30066
39813
15822
25434
27117
30591
7257
20346
43317
4896
19611
32442
46353
16827
5043
9726
888
9654
15936
6243
28494
19536
8532
31770
11637
33330
7374
11436
20475
45339
34830
50544
34155
50652
47034
32328
30246
25347
23730
44619
30243
43341
48120
47652
9168
24219
28434
10059
33873
44373
38358
33423
12909
17946
14193
46605
22332
43623
7041
42810
37962
41871
13410
43173
12579
9444
46557
42825
34794
19287
7503
14037
11631
26679
32748
42855
50898
10182
23970
33771
3555
11328
38250
16467
29277
23499
34128
609
38178
41169
43419
47196
3096
5829
39372
15675
37332
34929
29559
43182
25275
8118
28275
7962
34797
10023
50817
34695
20208
23790
39522
23763
6174
26772
11286
6507
21327
45414
7119
8505
6639
21594
4701
9735
49482
15129
47469
6870
50061
48084
50052
46392
5202
27327
3354
11055
37353
3171
16806
6561
49017
5328
1380
4194
3156
12669
32757
24483
7083
39876
4044
13725
32529
8745
45516
2067
23877
13041
8937
44994
10125
30045
40386
37383
6372
14796
48438
14781
17967
14244
43398
38043
41628
44781
13293
15840
6450
46050
11379
35589
5985
15423
20370
9570
46227
36945
11637
19104
49986
42630
35154
31170
21675
24540
17553
50103
39336
14994
35943
28359
294
28341
37458
12981
22122
50751
28821
50628
16860
40203
6276
22845
26682
26646
32415
21909
34647
15108
12069
33636
28794
47223
13806
21525
42819
2415
42684
2211
17409
27627
30573
39762
4971
17031
1743
49149
38841
1620
48780
4701
12879
4056
49602
10620
1758
2073
32529
36408
17181
44601
41100
45975
11880
25962
38556
3702
28377
30240
5913
16845
6870
7542
27663
33897
46632
462
32046
34473
2082
29826
10230
37020
4938
8832
47640
28755
10905
225
36219
50142
44826
26319
16173
27765
1281
3729
31467
714
33969
37380
17559
11895
15981
16278
45792
11613
16740
26841
46086
18825
27723
5316
26901
3720
36204
23541
32475
47109
23766
17694
17307
39651
15069
33480
16416
38406
8265
18939
39120
42234
27375
27738
25188
43356
44016
19980
3969
9759
46821
21111
50640
45603
48483
26541
49323
33687
21138
30798
852
15960
19548
18159
26667
34617
22695
14139
22023
30960
33078
10143
44253
31512
8937
18441
23868
1956
38421
49896
33771
5301
20007
4467
50904
17493
31008
49227
180
23202
81
23091
39162
19629
41250
14832
3246
35004
28971
25269
14964
33108
6468
30273
13620
15408
48714
37488
39420
7194
36384
22191
12495
27450
48714
12399
44943
50778
32682
16179
22980
32763
39270
33198
1392
579
48030
26694
35583
48060
963
21603
1224
29487
879
14844
44895
49593
23388
4371
5787
30831
48618
40338
7281
46332
23793
23280
46110
5475
39459
18090
9294
27732
22347
32742
50367
41433
8436
34950
38493
31455
27609
39717
9945
28488
25617
25896
49140
49008
1326
25983
28839
49944
15324
7176
45279
10173
30456
11445
15651
18915
594
47001
17703
22941
50802
17070
13374
8238
23076
22926
10752
50688
33699
42753
50232
8319
39705
48372
6327
41031
23358
6222
39978
9738
13398
5313
41967
43854
16758
28674
11769
39408
24678
531
11349
24480
17601
46782
3774
11736
18708
14526
11424
1407
28335
10656
9726
17043
30087
38109
7074
24501
44331
18108
5295
28785
23421
47262
21639
11238
24939
4467
50646
49617
4998
33054
45153
44655
28836
48927
27447
18600
34512
38871
20007
11847
20586
792
28890
50673
9957
7023
46230
25347
25131
525
3132
19611
47787
46830
1905
21726
297
23607
42399
27351
5661
36552
43062
5553
5538
19512
24153
40050
29439
15219
22953
50025
16011
22902
20754
25968
29925
15984
315
26112
16509
25506
45723
35355
21336
47628
6081
21633
42294
19539
20040
47955
5091
34158
24567
32685
2670
48720
21735
3168
12939
44691
24249
6
16593
45006
25977
17574
32046
48348
43686
19614
22854
38412
3969
44190
6096
32106
36879
19446
645
27975
16404
27795
33192
40971
9480
6918
9747
31218
10086
44745
46965
34338
44751
34614
50400
19728
1188
31446
39135
15930
60
33045
25398
4029
48294
2553
36138
5229
21999
36783
4263
38403
35634
37455
50430
45117
44373
31236
47391
3462
24981
43356
37800
18732
49026
37200
9519
21270
39702
19710
37200
39765
1755
11601
14850
50049
14154
50988
26337
36153
7830
30600
45615
43464
17055
16101
8637
10428
47337
5028
35946
43374
48384
44802
11109
17466
2058
42684
38736
41763
11394
24939
30528
35205
36540
16434
5313
50694
16425
31650
6903
46311
11250
1518
9831
50361
39678
18471
31845
36015
23499
16794
50448
42942
10596
10557
9408
12657
24297
48147
25476
6747
22086
27060
41952
29682
43494
47265
432
30975
49971
7335
26286
10221
30912
7176
31638
19590
25647
12486
26661
20202
29280
26109
12144
10932
7722
43611
45645
32019
11814
20121
38766
4956
47181
777
34638
39678
48042
6126
19653
18072
13461
16998
50349
15429
24174
30990
35019
20877
43476
32739
41079
43812
7848
24282
3744
15573
16893
20448
18648
28707
40569
28473
4719
7809
29250
39357
18543
48348
16539
9252
15420
30000
26250
14772
16488
21480
45762
22563
42357
9294
4302
3495
2106
12153
27777
27906
49782
15726
48354
17430
15489
8982
16959
20208
16791
46209
30621
35334
43560
47160
44586
30036
48216
41895
44808
13704
12375
10626
7326
25791
19920
11628
29286
44082
45837
28119
20991
15675
14901
40401
4164
30390
49383
21123
21654
37230
16335
1275
43620
30951
19491
37209
9987
16707
50160
3798
1470
33591
14424
8796
30438
5403
42480
30780
49485
37320
7899
41532
24051
22800
30936
28215
24246
375
49341
45900
37608
36732
18231
30228
16683
37722
38493
26670
3432
8709
1524
26958
42303
38007
35754
43797
43410
27234
23580
41895
35610
2535
32430
8664
25338
12366
7935
20640
34797
6276
15543
43461
14064
4830
44748
30747
42555
32241
28476
17043
12009
1056
44001
25368
39063
50811
18165
31473
27045
41745
22371
33714
44283
3801
13434
40677
38223
21369
10317
44076
49704
47916
36540
12768
23805
30288
14574
15360
33585
14106
32403
45594
15162
47460
19962
3228
47271
9186
34701
23316
50931
28128
28086
15270
2985
41520
27003
12264
33948
8379
5343
32652
5295
41883
16476
29100
21171
2106
15516
25812
16212
18975
20409
31377
15435
11427
5661
11706
20613
40362
6081
42603
39549
5223
28929
42534
46746
4935
3801
750
13314
9144
33402
40665
22083
20934
40824
14310
23043
5340
40122
10311
24318
31587
41688
10809
43017
18405
44574
34686
7770
50655
48345
18375
4878
26277
9909
22680
31212
35766
23430
44526
44910
27888
34191
38049
19881
24015
1359
42924
414
41484
2235
46788
44127
14982
6597
36144
33387
171
41889
12213
21882
39234
30588
48819
36567
11556
20499
16779
47322
14988
32361
12291
13932
37611
50340
33813
32682
702
25737
33096
13242
50031
28884
6369
36069
6540
13572
40512
28767
4461
1728
50652
14751
3372
48471
321
14928
40026
39156
33309
26070
20520
45600
40005
7131
44940
22818
39813
16698
19614
43968
29940
40701
43908
7368
25770
21504
20940
15282
50274
47457
39066
20982
33264
42441
40509
33585
28425
591
43800
10734
26664
35376
27390
15669
42507
43389
9543
2376
9087
29157
17400
39030
18858
32367
46398
15684
2871
38394
30969
2145
34851
41091
45183
17115
3588
34692
21759
32016
35286
36615
13806
10950
20991
12255
48675
34554
4644
7218
7986
13731
7434
25389
23817
48348
6756
41271
13035
31683
28665
15060
33831
34572
5151
50070
22746
8742
33765
15561
11814
18051
1176
47676
57
44223
8931
19788
27777
13575
27006
6819
49365
5496
32208
22182
2847
10020
34512
15882
41706
12177
30942
46593
17808
7149
45663
11610
15891
50484
27171
49761
39591
50403
46440
10704
14682
4371
30492
42459
40005
28557
49278
38370
34053
1545
31608
7956
33621
15120
23838
46383
49356
25836
13032
16164
32988
29754
49830
19935
29238
48057
18699
39888
47460
36195
50592
33198
40566
30087
24657
627
7644
44991
10053
12753
17592
41664
20712
216
5784
15606
17655
26196
41445
30690
13416
45489
9444
12246
36480
9738
9303
26235
49626
27819
11430
49221
10017
23055
28308
5730
23682
7008
21780
33738
41817
39372
46458
11529
10644
23298
49194
28302
49497
39639
30048
11913
5184
39492
46218
41664
49230
4521
16902
18915
3399
28332
17136
13416
22443
16500
41205
46128
45564
11985
50922
36381
22413
46380
18969
33060
18678
39219
32418
17175
27858
11466
147
4098
22014
46365
16818
42300
21942
4776
10215
25341
4167
49407
9816
26610
36963
21
21738
31527
34062
21660
38967
5475
39096
28992
9591
6777
17211
13065
23952
16125
46587
24099
42279
17601
41520
8097
30960
12465
12876
41175
37806
39099
10641
18678
14709
47604
18699
7506
50190
23817
222
38157
351
39321
38205
9942
46098
4416
45066
41106
42597
40653
36264
33876
29313
26784
41973
9273
10305
25905
21504
48114
14004
32145
15792
28716
50808
5550
7278
49998
423
7500
8211
774
46821
46416
32775
12975
50832
26841
3084
42429
38550
39348
25305
16863
37188
38334
26136
47496
13242
47643
15666
49302
50844
2514
49074
50652
30120
5352
20706
30546
12855
28917
2376
30732
24333
35151
43710
46221
33048
46794
8706
20601
6198
5067
8520
14442
43404
34659
10938
27702
2358
48660
26004
24258
177
24081
45969
1353
489
15675
31899
13344
44595
34278
44079
17928
40485
36789
13152
44592
3639
43914
14193
9837
48984
22713
46335
41388
28428
28332
18090
1842
25992
15150
48159
48225
10287
43128
49581
10779
29859
1536
46179
23454
6870
39258
12441
47358
47103
47649
40950
50742
40563
26199
31635
38547
19968
49029
28935
19455
26361
18081
43353
1353
4290
40512
20637
36633
3696
41274
47412
33558
42810
13650
6012
49683
1908
40509
17097
20070
37158
29103
41868
26724
26358
44562
36327
17382
42591
36321
36837
17952
25458
249
41361
29748
11817
33054
15384
15516
23328
33852
49074
15141
47502
26142
35880
20469
37710
24033
11595
23868
24192
2463
21648
21606
18081
6978
38988
31728
14355
46884
20736
39813
47133
11100
40620
30006
15210
27060
45522
38541
9912
14652
24738
28473
11853
9618
19998
49563
4707
31593
44487
28899
5112
15138
50505
23196
44172
9549
3924
7527
5433
24663
18396
23622
6819
8016
2631
22029
35076
19209
31626
44991
33864
5364
44520
16773
14982
13518
15336
41745
16167
8823
19644
21279
46017
41205
15531
10245
50757
19458
39828
27246
15177
7227
50871
44052
15243
24558
15081
21378
43767
17766
37425
26631
23130
30945
43404
9171
15519
29796
50916
31686
9678
41619
24021
26751
31824
39555
36999
2637
30069
47883
942
45246
4110
813
38298
41412
47427
24435
11790
40194
42201
49215
37884
14334
216
1344
45561
15735
31143
45477
18477
11877
7152
42498
38628
10035
31053
24627
12672
10122
21513
13614
4368
47679
36483
13722
9147
32910
9216
20937
44163
22473
41208
31047
7863
41424
32391
2424
28215
34590
47904
46692
46467
4056
38193
34098
14091
18246
29781
48822
50427
22350
33492
25851
41088
41034
39576
50235
45000
19848
20175
38163
42321
32439
40266
50187
44922
21660
1611
22137
27306
20571
39888
22776
46686
27081
5874
9777
16383
6711
29655
15810
29064
34206
12720
19152
24240
1296
18387
18240
43200
9618
27462
34521
13116
16728
33708
7038
9444
35322
231
36753
4893
40119
30585
579
16200
7515
32415
3642
14226
33126
41508
14346
16332
3228
4554
40572
26580
45000
29871
18780
3618
6333
2304
38790
45117
7068
45828
3564
42390
46062
11373
18342
35181
13014
40977
22440
20529
44448
48138
34755
26577
38646
20160
42909
12933
24714
3540
39513
18714
4467
29352
44391
10800
2712
32181
26973
9780
27012
1593
1173
44130
35022
41571
50367
48036
31548
21807
17565
47055
18945
23379
22632
28650
43539
36597
41583
39309
11193
30096
7026
15660
30504
22473
48516
33216
3654
46548
42999
1722
48141
15228
16908
32166
5799
16278
29202
8403
38085
17826
4458
28089
12261
49146
5739
4800
5802
47322
15165
39051
48474
44247
3714
27981
15720
23286
32253
19377
18834
24252
43155
38034
39480
9066
19200
16335
25344
19458
24741
34485
8340
255
11574
20601
20460
39369
47457
48318
35691
11625
36369
4224
4872
11139
3261
20595
34428
35514
11028
24318
8769
25239
11352
19305
34305
1608
35643
30705
43125
31440
14193
465
2751
47823
21069
23211
36195
39582
42585
20886
207
27957
47166
27138
39096
50427
18789
44580
34944
29817
17901
14769
4056
309
34074
9420
1920
18717
40125
16101
50157
3318
16566
1911
144
8691
47178
7395
19332
38766
28281
19539
37779
46506
17733
25875
45933
36522
41514
933
15339
30471
15702
41454
1836
49779
21930
25812
39552
11055
41913
9768
36432
29538
11679
7632
38229
29913
15027
28617
39735
14364
48159
26514
9870
14892
23448
26862
22473
13962
27795
37812
15489
43500
50322
17325
13335
21252
43140
1887
3366
34053
11655
39798
12591
45390
18486
21879
46362
33513
50496
35097
18933
18711
10614
28806
4662
5118
26724
27135
41136
3519
36003
5625
18075
6384
45006
31410
49692
37146
33300
2058
42258
16011
12912
25905
10404
31398
18840
5766
35967
40395
11919
3903
30162
44589
3765
34824
49707
30489
33015
39843
5064
40077
16524
23142
17517
32589
3552
16209
18735
7908
18270
32049
23922
2238
29013
5382
33639
47853
33204
40662
8304
16179
44565
38469
9771
19386
44349
30534
20931
48423
41436
25998
37500
6960
49140
4017
39549
23748
42282
29343
2715
9552
32448
26637
11793
10461
3075
16488
29373
7335
6150
37677
23514
21774
25146
33285
12216
18498
12822
33150
15921
3258
30204
24477
32274
50400
50550
42882
23148
41832
43281
47919
22443
24729
23556
5292
35193
48687
43836
13566
5022
49986
243
28539
42816
47448
10824
4035
37002
45702
8241
23979
20016
38445
48456
1293
37845
19062
15231
32049
9894
7512
28971
3393
32241
23583
8685
38490
21273
23577
23112
48351
22566
45414
25890
36438
41862
7773
11529
49920
24531
19770
22899
44550
7215
42411
16899
16116
10473
32130
19224
42423
10698
19251
16875
13995
13890
47616
1488
6219
20196
24600
3573
13818
41070
519
50256
2988
8292
10788
1908
3882
30558
24807
48432
8832
16218
36387
47004
48747
17517
37284
11229
28215
5535
28104
42210
41484
46776
14754
47703
15972
10413
276
29790
483
22854
29049
3474
2202
10893
5382
6084
41451
1248
3516
21339
39522
10959
39402
8328
28476
25686
41613
27747
2280
40773
41016
43764
36549
26826
40467
1524
37239
11802
31314
8781
5712
31419
34311
7914
42312
10749
14001
3822
34053
39573
47217
22578
50535
35619
1962
50067
10308
43575
48873
12588
33348
38889
27408
18897
36771
38931
20421
45069
50733
22794
2850
5445
3213
8217
35418
16584
18966
49419
42462
24078
9048
38679
46656
8583
23301
48618
29709
33609
41193
27582
17253
23541
37527
15717
13494
23298
3648
33918
17367
25440
27768
42273
1941
2037
21546
37359
18621
11571
6834
10083
35649
15885
48765
2361
46524
43122
50979
25233
47787
12228
1815
14040
6825
10398
813
20319
33699
4461
25293
22122
957
2061
35454
2901
4101
28056
11316
22722
39627
18153
3864
24276
5094
23685
26637
618
15807
48672
25854
12594
31956
49725
48690
38781
9126
49503
8103
13881
25020
4452
7059
25980
6516
13569
50937
10617
41628
11253
4395
30255
462
30315
25590
5556
3000
23283
6177
18807
43014
3087
31401
23970
23868
147
11754
4050
49650
41913
17931
23673
46365
47049
20709
23937
9618
20646
5610
246
31899
32064
1560
32364
11379
49206
8976
36438
21489
15153
26301
13503
40296
6705
8532
13167
28908
20286
17217
27561
33255
6207
22290
50676
2256
42999
23616
33930
12645
282
5235
15600
32346
28851
19020
14784
27057
27999
222
19602
14208
26523
4164
3507
4284
12696
38730
33195
4038
27003
31812
37293
33210
3102
8025
6522
17157
31641
40455
29802
2982
16746
16458
35328
45597
35481
50112
21654
34536
21390
12312
19800
47916
16476
23307
23256
228
33093
5451
4266
9099
37263
12615
13365
11421
20643
19890
28578
23340
31401
29436
26322
48147
45897
10653
13800
1434
31821
35454
7026
2214
18822
26826
21186
35301
21192
44442
35529
3285
20952
39798
34440
29271
23469
47808
40695
44112
38754
40329
16455
19155
18768
13833
38358
35721
46542
1158
8211
27366
7668
15237
636
26490
42063
21822
32847
34311
37320
17379
8655
7272
28233
43095
36546
22758
10959
48297
15873
49713
37626
3384
39924
5394
17217
49338
12171
12762
21552
20382
11184
276
35619
11820
26769
48741
4698
30672
3108
42018
48051
11763
49293
47340
25917
5895
19101
36876
3192
6030
6648
40818
31470
17628
17271
48687
38025
498
32505
8577
20883
14745
8856
27558
26565
6681
47355
2319
37353
50466
44340
5463
11229
13689
23859
8202
19584
14016
16137
22776
42102
22785
34650
22572
11469
22977
42318
49494
23478
23823
29130
44361
38571
9042
42975
36192
15723
39333
38514
24132
38799
31854
29595
21084
16599
24513
29289
36183
38529
16482
30015
29634
39267
35721
1206
21792
7701
14580
42345
2235
38406
42531
17652
48033
573
9627
33225
38352
20016
42795
11484
7815
45705
12138
50958
11304
36651
303
47487
46236
16785
48558
46926
27108
33282
19191
19956
12039
33771
11301
14274
21177
2832
31926
40266
3405
12609
22494
12813
32628
36345
24300
11499
31053
36438
11457
42357
44145
33816
9903
10437
50601
7461
6366
48765
11799
25557
17724
23838
8328
29025
38112
564
2916
41094
40830
28377
24762
34380
41193
6390
19728
14493
17889
50781
21987
405
13194
37188
34221
23097
47625
4881
30561
2991
2646
42360
50604
20370
15201
29991
20454
24369
30555
23370
36522
42441
747
10284
47880
12996
38730
38664
49545
27675
38445
42588
28080
22695
28776
33360
45795
47460
38241
25356
50451
11943
38772
21114
3372
25029
105
23826
20457
30660
18252
5979
44157
41055
38319
41037
3054
26049
28701
1599
2724
38202
44190
1863
9900
21966
35223
4695
40482
44520
1107
10992
27519
39879
32106
30891
35967
32211
25773
5424
33927
44025
11403
49140
34083
20778
39180
37137
46827
38937
9792
20607
26142
2982
22470
7098
47007
28749
33849
36489
44325
34956
47481
20847
45891
50643
22794
30858
31854
48570
36282
36837
41595
18741
34980
46734
39519
23160
32871
35346
33153
42666
27012
8295
16704
49482
37449
12711
49290
20298
20259
42615
26310
38796
34518
21204
38442
6315
23118
41352
3885
8403
27192
16536
49200
11172
12273
37722
5388
16200
44124
38541
29922
20136
17895
46629
40677
4344
30396
10023
46701
21711
23694
22011
9510
7215
14271
47952
13530
37392
38304
39471
16851
36552
5007
15051
47724
39336
23829
24168
4539
16956
33768
34461
8148
663
30090
19881
27063
31545
960
22764
2256
24657
15834
11766
31872
30105
30774
16458
16497
18081
4929
33348
3633
31992
19458
22416
20331
43287
46584
24870
31299
408
8331
10506
1071
9480
1443
50193
41025
2406
44013
43281
27063
8847
4050
29991
38955
5880
46449
26508
23961
378
30915
49653
32370
50373
43125
23757
42660
9765
48627
45018
10176
28017
4524
33303
37497
5967
32496
27522
8373
47568
41859
6492
5415
16965
36483
15426
22848
31932
12993
17865
3366
43908
16518
6795
43281
30699
30552
5997
40467
50238
22071
50643
27255
26595
32946
13752
3621
36501
12330
11994
33069
25245
40545
9540
42213
26028
47025
36117
29019
9018
2982
32385
1926
41559
10236
16263
21258
11847
44316
32781
11085
15390
32424
38340
13041
36429
23148
16662
21930
6534
50715
26055
31779
40260
35595
45048
37344
2676
1221
15363
11694
26262
18807
35676
16821
29043
22995
9135
40890
16314
41919
975
2760
23343
10371
37857
30828
33519
3522
23814
11109
25293
49869
13947
36609
5523
30051
22953
8199
31275
38319
19896
6537
6126
26628
45414
35169
49626
3549
47118
36996
16524
48093
10812
10926
29523
48669
41754
12042
23247
14571
45210
19596
13440
8157
5205
41019
9264
28161
49221
11595
15480
40173
18132
43662
15801
34602
27831
36483
38154
46005
44535
3678
43101
4347
36660
21624
24075
27417
4722
47322
41988
20988
37977
26484
201
43182
38562
9468
20343
36783
21063
6879
48012
10254
50541
34869
44856
49431
20355
3066
44436
13890
28803
36537
40296
14463
29217
13371
41880
4998
31749
3924
25986
18726
1467
26190
10911
40029
35658
2310
47868
27777
9192
15936
38031
8733
50805
31890
7164
42216
6012
603
27165
34815
8196
16461
49281
8472
29832
11217
13470
32637
15144
39456
22422
38667
14646
33333
49752
21360
6699
46620
49140
15891
11556
7227
46683
33417
10173
2847
24636
16188
25506
801
3
33705
17262
20340
13233
18150
31560
26703
21843
17760
15159
44265
5427
864
48654
4179
44280
4356
21855
13476
20247
4467
42762
37986
37884
1935
40836
11520
18123
37398
12321
40185
42159
639
9525
4392
40845
12141
31095
11691
957
17313
4956
6384
40233
2613
32619
33513
6969
25530
18048
49272
29997
9810
36261
38940
11745
48153
50460
927
34551
33840
12168
47769
5535
43749
1161
46383
4893
32259
7074
5850
20628
12030
34293
9861
36699
37968
14430
14724
34557
32478
12999
35610
13344
20316
23550
47148
17469
45069
48075
23076
49965
9243
19845
4500
1992
43065
21939
28941
46380
69
5850
16008
34158
11199
47925
19857
49167
11355
34584
32724
14892
18639
39393
50292
38955
11943
46440
27480
6012
43515
21612
27033
23814
41460
31536
47865
4581
24531
25806
50961
24603
31656
15969
7761
42855
12894
27618
12081
46305
33258
15861
32253
897
4254
31548
10908
38256
26988
38388
15324
41562
9003
42360
14376
21519
44952
33297
26100
18483
8106
48117
43086
10818
13086
50847
24732
48036
49524
7869
43341
31782
45786
24597
32682
21099
27201
43590
8355
3189
2037
23679
15807
33096
15039
1242
25671
8991
34539
22827
49533
13701
19944
41619
24522
33030
12525
20310
1122
11049
50235
44463
13887
45021
40116
17625
15120
16317
10218
45531
41565
34311
18213
6372
16407
4308
7614
13134
35358
13212
35961
33891
26913
4905
46566
22491
8991
8091
42801
10113
41196
13092
25632
4086
29172
36807
43767
44292
2124
2985
38826
14745
8352
28095
43176
46815
32403
21846
8949
16761
35058
44910
21708
10974
20871
17277
33465
29862
47424
47325
11031
8679
9417
36666
12765
9645
22473
27588
2940
46653
30576
12822
32457
9984
40917
24633
5802
44376
17535
14751
10140
1596
30720
2904
12570
591
20181
17091
1512
16608
13416
34599
25287
44892
42321
9108
3537
13794
36696
28533
31506
38328
12411
35019
48315
2328
30708
25173
17763
48243
39924
49959
49839
19644
1863
33465
20238
22047
21615
43806
9711
6087
27405
6054
50979
18729
37218
25575
3579
44970
25164
6141
32301
37578
41160
672
10962
20868
25845
50781
40170
36825
49740
10065
5472
606
43533
47766
22653
14148
11628
3420
20235
39033
9474
42273
28818
17748
38904
32400
11718
35124
9597
15075
43758
50760
15747
25779
42684
12648
25560
2910
20532
24303
12978
26004
24909
27567
44826
18618
12771
27510
44094
4062
15543
24624
46335
15420
42372
5295
47820
3090
11478
6417
18168
4236
28233
4971
30015
41976
39678
26634
44886
9210
50937
28920
6270
46902
5487
96
14520
18258
27606
7614
22323
14205
3294
39714
29625
45666
16068
48501
48756
27546
25977
37980
2838
3210
14010
32856
16242
2688
8490
32187
11898
30483
10107
18168
26385
15597
40320
11961
4911
38982
41631
27234
2187
44925
38007
2871
39591
3075
372
8403
30621
26349
46386
4515
618
9396
8427
38916
34140
38973
20103
46038
18456
30213
35262
44841
16866
24582
5802
21777
12564
47433
49014
36807
12414
7077
39678
1005
10152
11109
9411
11829
37458
26853
16344
9132
7305
24774
48051
41445
12747
17154
36483
2262
18423
20745
18159
35289
16383
23964
6069
28947
42453
26139
14754
3870
33216
25491
26931
14424
36600
36342
26253
45114
34251
13653
3249
41556
9483
22356
32001
22233
39510
39540
46551
28992
31341
13710
13281
47724
8730
41406
47727
186
38601
33540
26112
20817
8031
24099
6297
15687
31500
32550
9801
14751
17262
35106
27366
26745
6462
30423
20034
17031
18966
15585
46023
21363
29298
30360
40146
38028
20769
7929
9270
8370
41469
6438
246
20556
30540
6543
36243
11040
10152
17103
25791
27414
1209
24213
3159
29730
3639
23196
46761
44661
38781
41784
37080
17079
21144
26226
26166
12969
34158
35436
21342
46683
41877
43644
16242
21417
50187
23541
3513
9339
40644
360
36753
12912
24576
10971
42642
28215
34167
38403
21876
44004
243
7956
32142
43443
5241
7308
5415
10455
13800
48813
6138
4677
41457
22380
48150
40644
16980
663
21042
6624
1026
28851
19536
47658
39822
33234
24873
45045
20637
17805
9108
42936
47817
41250
35382
24114
19614
40797
34569
33414
9666
40710
9150
123
34146
28356
11823
126
78
3921
6753
23160
32775
48345
19818
21597
30582
44691
37701
22275
33552
46809
14214
1425
37059
49596
25542
27729
10449
9111
32199
20115
49821
12405
42294
32970
40764
25173
33096
40842
29097
10905
35058
10872
30309
3876
3525
9891
19623
41226
3222
2175
8091
17436
3600
16206
16032
29142
43935
48537
9312
47193
39708
8133
8598
31002
12159
49362
5178
16314
10260
5331
49275
45318
16203
28584
20250
41784
9531
39873
3069
12756
13104
11160
30192
16707
27369
17283
16905
42360
14820
48273
38553
3531
27465
47154
5589
39624
16572
32823
26994
48891
38154
25272
14265
25413
2856
34518
16200
12390
45447
19269
25146
7554
1485
26394
46317
50910
43677
34278
42273
29556
31554
882
4143
8019
19092
9732
18699
35667
42558
45696
4614
768
42024
18879
26184
15936
24453
13440
28326
18903
3765
24528
26457
5250
21981
43830
5163
14658
27108
18492
44214
7662
41430
48357
37737
9525
29148
27495
16248
42762
22191
20862
43530
35271
10797
40770
207
35253
3210
50592
3156
6975
46176
669
34284
17157
44499
10503
31818
42663
51
47088
21384
41481
15504
8121
22062
44652
35616
38310
7470
28863
30228
0
13134
12084
40773
35400
47337
15039
34992
21549
44073
1224
44274
27357
18384
8829
37860
21258
492
8967
17346
21876
50448
3906
30000
21513
19614
36672
30879
27084
36594
32166
27087
49728
44250
38916
5184
11643
25011
11232
33192
18084
12459
48522
16497
30843
6351
25413
1101
6843
34380
40503
28722
33831
15468
29778
26400
35082
37506
28335
11169
23100
31557
38256
43887
24807
48228
49071
7506
22239
9306
40698
11382
21765
9276
27879
23664
15627
2295
46821
22473
7731
7380
22251
41562
22848
1029
39018
6933
38535
38412
18102
32694
18969
27414
25581
43779
46698
23652
22341
39993
4014
12042
375
47835
43374
50313
20499
8004
23664
38376
30477
31395
45759
1728
44016
39663
24813
3090
46596
34404
41502
35754
16098
9474
34224
41679
24309
29922
36390
46650
18918
40404
29748
41349
37242
22125
40662
28797
30129
13326
16176
31662
15780
32991
4446
8796
21654
315
11886
39309
34719
2391
24063
21876
33921
7290
34611
7230
8268
20001
24936
27186
9408
3687
17538
17706
47868
29256
17559
26997
13641
33735
29715
29421
37782
34161
9273
30495
34476
21159
18804
40251
45606
13923
11127
28527
43269
45741
6813
540
36798
2808
49782
17262
6495
16320
34968
25419
16635
1530
23472
30276
6321
2187
30753
15162
7404
40026
45657
41880
10185
13461
2187
26850
27384
35373
26433
41712
1170
4305
42252
37968
7113
41034
4233
35664
28413
10257
10083
45048
33843
33555
46380
40167
6798
26133
4329
14202
15159
21042
27138
47400
34503
29325
23250
32943
35754
49686
23655
36924
25047
14907
45951
32160
27000
50184
38880
4413
31497
48963
20517
14343
2574
15897
25566
9372
42030
951
23574
6189
21993
50712
2589
27552
93
47898
9495
35850
17640
4209
21774
42687
41172
16725
23847
17172
37965
33783
43641
40521
31746
13158
3864
5376
29055
486
14748
20085
23493
9378
48330
16542
9090
50922
44094
9183
18876
24645
45033
36516
28854
37866
28203
41085
25647
23106
7257
12615
5889
50901
24192
8691
13059
50112
14067
13173
50598
28815
4314
45147
38193
1647
10689
18339
23625
25839
49578
42501
50484
14670
28017
50397
1536
27276
11538
49239
50382
18795
32910
27327
40752
6102
36018
2814
5214
50085
38043
26868
49956
42357
21015
8205
44004
31704
48600
38685
28599
47178
1242
50142
32904
29259
20595
34440
27591
32133
3738
26973
50928
36648
3300
40683
42753
10374
14553
19023
31515
23652
45894
1527
15009
15909
9732
30072
18672
29388
17757
47271
47625
19002
17469
29529
19317
38064
35028
46911
19197
38766
44940
41184
46470
19299
1923
38223
29673
16476
28305
10191
40128
23199
11718
26193
10164
43509
5265
28836
21897
45081
47166
40578
35139
13635
19110
3456
702
3138
21423
41955
12960
15366
32139
8430
34665
34062
17712
35394
50538
46017
45585
10722
18216
28362
36918
28380
20871
13239
28275
13824
7320
46497
3405
42459
9132
44571
16974
31890
47709
38397
22848
9669
24819
3987
40155
30540
38052
6867
14937
8646
1884
31578
41427
42156
8940
49401
41595
867
11640
18870
36750
41019
14367
11211
3534
45555
4782
20508
26448
23547
29964
49296
4272
25839
2283
44427
27438
11391
297
42375
42096
24237
45009
32523
15396
2952
30924
5991
25875
13620
46917
11625
25695
32340
22836
29232
26895
49674
20796
2343
22221
21816
22695
26493
47658
47037
41979
24096
7428
42276
37527
49524
15513
2592
2103
1965
27600
33027
30012
2478
17706
25929
36159
43401
7269
30054
43689
5223
28728
13488
7566
50952
6360
1320
48501
3018
48357
39480
49170
26841
1812
6753
47424
39384
9348
49527
41349
36948
2613
20364
10482
20319
17349
46644
34776
46677
25698
27468
900
3426
12012
30522
25434
18372
31842
44994
43449
29199
33474
12675
27099
35289
19431
23523
45729
50835
22050
36078
7839
24663
27498
18324
16038
15906
36024
21873
11583
10722
49341
12483
36204
32409
43005
32697
50781
23850
26691
43230
24105
31221
26964
204
37566
46395
45783
32295
17286
16836
39432
25125
12555
37986
14505
50652
2892
50529
21525
14475
32307
41922
26958
39570
23331
41022
21267
23112
35928
19014
37401
31089
50235
13365
2352
7860
30816
48135
40155
19158
13971
50643
15339
48585
37632
29847
48237
40524
432
18762
26058
3798
31740
24072
43368
4071
14094
13635
49239
21078
3705
6696
1170
2940
42117
3522
32856
43989
657
22014
12147
36687
43713
27489
5328
30345
28392
2565
41928
50880
43383
16986
3678
24123
12114
47046
50250
48267
31737
48489
18345
35442
4188
41571
9441
46305
45093
42297
39297
16809
35367
22500
24552
28083
21045
936
29484
20493
3501
42468
20376
17940
30510
24054
13119
42627
42159
12369
39894
44952
9858
7239
29397
36102
19869
9894
2466
36018
23247
12819
1827
29673
35319
48435
28812
27423
49371
7296
47916
23928
20823
17292
12924
333
12405
26043
42960
25620
38412
31854
19572
19329
10152
20025
26487
30021
29919
28953
15039
24225
12828
38925
2898
19206
7416
2766
46629
27846
32118
43545
22830
1941
31896
35757
2277
15357
32856
45237
40977
42327
48150
9549
32712
7302
29577
8199
8379
30552
8211
45474
25833
21039
4455
50787
40245
11874
2553
35874
10776
34674
50478
33606
36615
31374
40419
38892
46731
22278
4188
7764
13605
1338
17313
17373
30696
17946
25572
39075
19557
33783
4605
45390
25881
9063
16236
15126
42993
18789
22059
2769
2463
21537
7431
10137
23967
47853
49029
41754
41187
2217
49518
25848
25611
37887
43221
5307
4836
39849
15438
46449
44691
20046
11895
19572
165
28131
5754
14214
46923
27813
16983
20442
20406
46470
30579
15429
14379
50667
6183
4566
23940
4701
1470
49554
42591
44691
25917
18483
4599
41358
13932
49290
32460
47883
17862
3681
25017
23616
17895
42996
22488
5934
12438
13950
23460
43020
29382
37842
13743
6621
13464
37683
11325
14937
7293
24972
30684
33213
14511
35283
45627
28443
4629
49143
25326
22491
1824
21399
17166
41775
13395
39654
47709
25836
24660
42225
39912
3042
29067
24711
9666
13590
11394
43047
28527
18690
39075
30267
903
2586
36609
17586
2085
41238
15729
49467
34788
17553
19869
954
8328
4320
11664
27093
1212
7380
18318
12180
32481
18444
36891
13203
32034
48288
5250
31617
38034
15381
32940
9993
17967
18549
27579
42108
30846
43308
40575
36690
9861
31500
37644
40245
35823
20364
38394
8091
27744
27768
20274
9225
17268
6165
44484
49302
25509
49734
975
12543
36171
33918
22536
25194
23523
50115
16302
3369
42423
27936
40059
23340
30492
48759
34641
37371
40179
44091
45465
38982
42918
14739
19263
9186
42960
12750
29547
17472
33540
30522
30015
18714
13440
1554
43908
36966
22725
31269
11391
14151
8205
22509
8547
38697
42324
14247
25071
31506
7338
19536
19488
50256
5331
9807
8445
48291
22557
37992
14763
5100
39570
15837
23814
2013
17391
38778
10035
11172
19047
21426
47379
27252
14991
4929
37008
6318
19176
11079
37824
48570
1671
28368
47829
7002
38175
27330
4293
31791
36378
41115
36891
24948
5952
31761
49017
45399
41595
8052
5571
31701
537
1953
7953
15528
28938
16017
43902
48114
49152
1782
45684
50823
1206
13569
28881
10440
40899
33177
42231
48333
45348
50178
22284
300
1995
42357
16755
43590
50412
22326
24291
22005
46335
3303
8589
24273
41376
23550
43443
39531
25332
9186
39354
26541
22755
17238
36981
34713
21471
28212
3102
37875
49446
47442
9231
441
38802
25986
15087
9270
19368
10437
31275
14706
13740
10920
10035
4116
34470
24537
14703
8805
33723
3060
6402
27534
42354
14439
11247
12825
13707
36408
21756
12153
32850
30987
12594
20652
5973
49737
29922
47397
9174
32253
11103
44970
14232
43197
49089
48702
16734
12792
28563
21513
37908
6021
49047
29262
20460
31353
13143
34167
16761
34899
46320
49611
36942
29970
19266
42915
28710
20244
39315
8940
23556
21474
2913
37788
35727
23058
6546
23517
6906
6168
45030
44817
12189
43080
45135
32652
45489
29337
15819
11250
35292
33198
9861
21237
34224
183
35208
11934
42486
45579
42933
15042
38112
45846
23886
22839
17904
30432
17415
24810
36600
11445
40683
19848
25581
34821
1500
20070
35214
39375
2376
19506
43629
34296
11799
26856
34479
47010
9846
48021
12645
1779
34119
50757
18681
7005
44655
36585
8496
11070
10398
16152
44571
22137
36000
41211
5958
8556
10281
12228
18990
12660
31737
11619
46956
14592
9531
1491
10602
41436
20571
45306
14271
3690
45063
32955
32754
9774
18540
12306
42900
50994
28458
36474
22134
13461
26685
50148
44073
8022
11379
12063
42738
14172
45741
9750
28764
26328
33300
10425
16764
2871
4731
31038
28617
20850
12993
32427
30627
2589
44733
22527
2586
22194
30057
24720
6711
27798
45924
50784
6879
6303
33906
49617
42531
28647
8370
20298
3975
12726
30723
42798
37653
35454
22836
15270
5304
6885
18756
6987
9474
12489
573
12060
5739
30630
7836
12450
7431
24819
34293
14310
2178
17199
34983
44712
16902
14409
14010
42933
27135
15789
34731
13788
22299
28623
117
49659
6564
18873
5649
16041
31362
6222
50157
37104
7908
29052
20610
37395
2871
3903
22761
5049
43158
6747
49761
31116
21156
34827
45108
19350
21672
50895
33138
15027
28521
4311
13689
6141
23184
41394
22182
25605
18672
21342
11709
26580
50394
3375
12978
24321
29337
35739
29370
43551
13542
50190
23670
34701
5073
17778
25107
26748
17673
7245
12831
17250
11559
26520
23394
5799
16914
16632
31404
6642
9030
14169
33225
8424
17547
17259
3801
46884
1998
33174
10491
37599
3420
34161
21300
8493
22995
17463
6297
11727
24708
19131
28977
7323
16707
23427
35181
4680
40062
15585
11322
49092
29757
44547
28575
18360
10806
32376
36300
34863
36606
46791
21462
40026
1011
13818
19578
24006
2337
47931
35733
27045
16062
35769
5427
32772
30252
40608
37452
41370
27249
19830
39465
28062
13380
39096
46422
46242
42528
2778
1161
50193
49572
44679
39219
50583
29553
29853
45645
31890
26787
30381
29994
42849
37206
6477
46677
16458
18141
4185
6831
45390
24018
17352
22455
8454
27504
39933
3696
19032
42714
26916
18225
41286
20595
28503
11925
21207
7356
6570
2097
34143
8007
3147
48051
16269
9624
14784
32730
27765
18972
10617
22158
14046
27969
15669
22500
26529
26658
48252
45561
18372
24168
34845
30714
15822
34404
42639
37029
41760
20268
10182
46962
50331
13332
15069
15603
22956
29853
19389
21780
19881
30006
14994
33927
29031
30663
5427
4560
6321
2682
21177
46752
48906
5022
26466
13728
39426
40164
21813
1245
31488
31998
19263
1875
16386
34332
17478
39342
13185
36867
32178
4125
37929
47172
38052
15960
48891
14538
42576
26271
39276
12756
22023
37182
39834
19545
21969
50319
30765
43782
564
11253
46836
41883
13131
12222
25215
1665
22623
9456
9591
25857
13581
47520
22032
22692
34539
19923
37230
26115
46194
25506
9927
39273
11688
49764
7821
4713
49083
38586
48498
20703
20898
15390
11586
5085
49671
36801
6750
43350
17313
38397
18207
30897
5976
11295
2589
40515
31221
39819
37686
48471
36381
47616
36747
48069
17436
44568
1785
15519
3210
21339
36222
24108
7785
47808
29193
28512
4665
7002
20862
21978
45399
10128
23931
375
21423
48576
11946
1644
8451
20691
50118
44832
39363
6921
12960
5799
489
36801
21318
3699
7140
28596
49866
36981
25404
50115
14496
1125
6117
6414
23103
22575
16542
18093
22950
9024
15669
5955
10668
24123
26646
31842
17955
15009
38763
30915
20808
10308
38772
13182
36066
16968
41778
34932
2952
38238
34047
39504
39363
11223
45918
33522
33798
33519
615
27804
42543
16287
4815
24267
11466
31461
27168
477
17526
36987
2451
9390
47298
41223
22572
3420
7194
35406
38352
10146
22644
43455
49650
33063
25734
15624
15588
8532
49143
38259
7395
11742
3546
12210
36012
37068
14730
12180
37548
3312
49167
39999
12705
16521
30222
35277
19941
37416
41742
7293
18618
13386
21807
39324
17508
47541
3951
33096
27132
24150
42411
5583
35895
17016
39849
20907
3084
25635
4143
40632
28950
2310
29631
41655
18834
30912
47988
9831
17328
38730
39183
7005
23175
9990
46329
40683
28587
21336
44835
26775
45489
36246
3414
1440
24318
43266
22347
27405
17901
48546
17037
17907
21912
17727
8562
40746
48639
27609
21636
37023
15339
9819
44028
9570
19809
39360
21309
19452
9696
37200
17286
26241
22449
20700
27681
46767
12966
21084
45228
1926
18630
11268
19833
40545
51
50454
1347
48690
27063
22983
34713
13458
32802
27744
23031
23667
38160
44340
43122
47856
30543
9408
23100
24048
30108
50781
41871
14133
20868
7158
38115
10554
18426
29004
99
40533
28458
1449
38223
4521
46488
43992
40038
28293
20736
12069
960
7896
27465
15138
26811
29064
46602
49911
24168
47769
20748
37098
10902
12672
44256
20073
23229
11682
49077
23328
1215
26538
46833
10494
2115
42324
3486
42153
41673
46281
25278
42633
25233
23802
28830
1044
1866
24432
22011
48093
21201
42762
34191
3159
26490
27447
23232
49719
10185
21312
44106
33456
18906
10995
43950
21021
2319
18492
34233
15048
13773
8511
28740
10065
3369
6570
11109
27294
31002
4179
24387
23262
17997
7578
48477
44487
35025
20712
14265
16266
13080
7371
49722
31986
40422
13728
2007
13800
32220
7296
28848
17052
37866
6588
27117
41235
13158
9282
17529
15219
35517
41916
9537
2514
20550
7014
47004
26631
27726
32325
42897
11862
10752
41619
43848
174
4347
16914
13974
7626
24210
42825
46734
33132
20469
44907
23370
33630
3189
11955
19905
9765
24930
29442
12279
45480
7512
30339
21114
6297
11664
13011
18159
22416
25689
11010
44649
1092
49980
7623
8718
45246
21504
26508
27381
41976
20415
21807
46662
45663
33762
15567
4428
29748
16065
16707
24231
23577
18105
16401
29874
29769
468
48036
23244
26157
30102
16893
49308
138
24516
29082
45384
17079
4593
43821
8055
25008
14628
3717
41727
19449
19284
46155
49197
6405
33921
44484
29982
1026
9885
8859
1851
32412
27951
25095
29625
29109
13044
27933
29247
8619
6018
23631
25698
10611
16455
4809
6675
2139
8526
48405
21588
49866
14616
41844
5271
19593
6384
35253
20619
16272
15168
44529
19740
14175
40680
49365
43284
2727
26301
21531
33402
32319
45165
8100
13986
32676
12909
20661
5871
43491
40122
27462
42357
3741
40362
18684
23334
46746
24993
15012
34074
11220
30597
2814
25395
20277
23238
17682
45060
49539
39213
27462
1914
4434
6618
37956
37110
41583
7617
42984
34074
18798
41502
47487
44595
1920
37227
16929
48666
11223
2997
2799
22443
4650
27669
47838
24930
50907
14520
41046
49446
24792
39567
22416
29226
46185
9372
37395
7827
39048
435
41901
6846
12993
9447
441
14913
46674
39426
34635
28953
13482
37434
396
18132
14106
19293
14118
14013
4869
26223
34518
29661
14790
27990
7890
32031
37365
45285
39858
47469
16776
1818
3315
29769
33321
25812
44682
28995
14238
50373
29007
27720
36810
29403
16911
21972
19752
31029
35985
24624
6252
41559
3285
43098
18552
33231
24132
26973
49572
35046
23442
15348
7920
48813
45117
41241
23625
9855
41295
37863
9231
19302
36642
17097
19761
2553
39069
39516
4638
46110
35196
10893
36672
38481
25047
26280
20715
49179
2253
41343
33228
47751
5694
12204
45564
21867
2448
18189
31725
43743
27108
12012
34101
12750
29109
2862
37359
17178
13434
13056
12288
48630
46005
20016
36114
20052
17352
27885
18234
19605
40284
22518
38412
45978
34722
32976
16848
8226
22221
19629
23025
49332
2697
6126
33138
31806
8991
19500
20040
44481
32556
3384
42114
27561
23403
49284
18669
40755
26169
36903
31419
37509
30477
40887
32490
36258
22866
20394
44484
45087
11079
16512
14475
13776
44694
47616
16638
2685
38172
36678
47169
41784
40062
9339
40401
34521
7623
8070
46335
4848
44976
48810
42357
46509
38697
45903
31767
10563
15297
47310
26709
48432
34878
41184
11208
28572
8856
27846
2316
47028
35580
20541
37812
24645
29880
27213
30222
37503
35286
25557
13407
318
23367
4764
46827
33123
50670
49653
43686
37023
17019
41451
34458
897
2694
45666
525
11550
44571
2841
7581
29151
45438
45393
24852
24318
21609
26133
32877
27951
690
46284
28269
46116
22107
46152
28239
21777
15861
42981
7800
32880
4491
13314
4833
7185
30039
5361
18735
23610
30258
26316
23817
24699
42768
19728
20073
35433
45861
1953
12384
17607
19293
40653
12723
41400
6861
12018
34233
22725
26058
13092
26661
30549
26406
31497
37734
5445
7914
5469
111
9228
2844
23931
33927
45612
43659
25059
30045
38520
49068
13485
5127
17361
25194
39909
29820
32055
22983
35109
3780
49041
48201
1500
28590
23610
32997
15324
111
40911
42852
225
50139
45696
24156
4125
11364
38871
240
12465
48447
49308
25950
24630
37725
144
35595
38601
3255
7581
22713
29094
5622
19914
30594
34215
14580
34647
20595
14694
46614
12447
14919
16809
29199
10131
20934
40563
20058
21174
24084
17505
41538
21090
13191
28266
43290
48789
15867
46548
5370
9636
24642
10992
29553
26292
16263
15189
9939
36861
29883
5553
20364
15858
22362
49566
48045
14355
10185
17103
6585
5328
5664
48126
26418
18858
47448
18711
16647
34371
14259
22017
44010
9957
4065
44619
7305
42387
8808
17244
50304
9750
44853
19668
47664
16215
40290
15768
1626
21534
3927
8214
26862
9594
27396
2280
28452
45900
20991
16155
29271
6306
9228
44337
38319
35349
37956
45624
26736
17823
11868
26040
27573
27777
16767
46293
15051
6057
11061
16677
27591
14991
46947
25509
24585
45399
27792
24093
40299
19839
11304
40629
26148
42588
5022
13467
26937
14037
30150
24732
31860
13074
50772
30489
40854
38595
25782
4905
44655
7902
43638
43302
22893
39588
17814
18534
5043
16662
13683
16401
36501
47043
28086
33705
38631
33108
18231
14568
47145
48381
39300
28005
32511
10131
7494
22365
48726
4335
49326
13437
12237
41967
27798
6186
1611
16668
24720
6654
33330
9459
23055
40887
5502
141
45651
44133
4308
12882
29757
453
32319
40116
50517
13830
50247
7011
7254
19029
33402
5580
3525
45639
47547
31323
825
20214
47991
47601
26871
1377
6060
20982
42264
11562
43182
36915
26751
47490
20853
5511
18999
24228
45627
18516
9117
15930
47586
16371
6015
29988
44007
9540
46686
11613
11919
18567
31827
30966
37227
7698
32343
43287
50739
23610
25908
42921
31581
23715
10467
23493
29226
29466
47721
45909
19041
5838
32895
15627
44265
38913
16671
37275
19509
34413
19944
31431
1983
771
33453
10266
30528
14799
2553
30267
9465
50517
44244
41046
45291
25767
35595
45573
26289
32319
40485
45330
9213
44436
32013
24537
3405
48687
32868
22917
32100
1812
25404
5139
2583
7857
15405
33111
44712
40017
34434
3177
10590
49734
15282
4881
24501
50877
50457
50793
3252
10998
16179
12468
4434
48195
8061
7842
45882
40929
1815
49038
13797
27219
25236
38436
6132
40641
20550
50847
714
26040
25080
11307
24777
40362
38244
49278
40242
37701
20127
43494
48699
36309
27018
24192
33504
35079
32034
50442
47064
33849
48480
9861
32124
22716
48300
9312
34416
39906
31215
35130
37002
5298
17493
10779
45660
4740
31116
5958
42441
243
49455
11199
36552
47529
35391
19056
31611
38481
40554
49731
43386
38037
30651
46566
31809
50007
4878
37281
38913
7152
43470
24915
12450
9963
6753
7110
36759
37869
13071
50259
38112
33582
32514
45723
30111
38961
35835
32778
26442
25392
31512
40884
34485
11163
36450
37350
32226
12384
23634
20139
19536
38160
16110
3042
19179
44919
10155
4941
31788
45282
4200
40959
27864
36714
6738
29031
24675
42573
10812
22173
16965
13380
12057
22506
46599
19563
8859
27825
3003
3549
19020
44598
41709
6186
18696
9888
108
50907
14829
2952
45189
41085
14967
44109
48855
21705
44199
44586
13281
4011
15759
1302
39447
49872
23811
35046
40491
32670
33927
14553
36219
1947
30207
26928
8133
48903
7872
30297
48813
22704
33252
43002
34845
19275
7170
32703
40983
369
26289
3264
26436
13107
4566
14883
34035
50433
20985
23529
32103
3912
9138
39378
27915
39345
15306
7104
37248
45237
8460
35061
16941
41712
49122
22842
32043
27348
4545
22026
27717
1893
47346
25209
15000
22971
11148
49035
22404
32133
43620
3510
7101
1758
13944
6072
41103
309
13176
49410
45546
21636
4527
11487
34404
2649
34329
15450
1053
9933
8532
50826
11826
4881
25035
48882
27852
36183
46917
50256
39372
10596
24822
46473
12354
38769
1545
24516
39078
36780
22926
33624
29472
27453
16167
34935
1161
21552
50385
2214
2541
29973
2043
14367
34854
49134
34305
33762
34320
1281
33021
22692
11877
28899
40224
46287
16668
41769
19803
26802
49605
42729
31482
28080
41241
47649
12015
42402
40260
33456
44616
42801
12429
17715
28227
18342
15852
11532
1104
21228
12813
5181
43920
46746
34083
33144
42036
21807
45972
10839
19668
44577
24627
150
43713
14868
18858
4728
6270
8118
9240
21942
21975
43728
39660
50202
11070
26568
32793
12174
47796
16662
39414
11772
12411
22497
44919
3447
15360
10947
14286
35028
4524
38913
35181
48240
24837
25095
24024
31107
4269
33267
2052
26244
25995
12768
47505
8121
10392
29298
42351
7188
45960
30765
18960
7371
2262
34935
32874
17625
45882
18219
1653
21465
28188
7890
18705
2028
32985
13785
33135
37254
18108
6243
34557
15159
41067
31062
23280
459
31416
14634
29703
26376
45399
48666
4806
18720
3657
8736
7401
49542
26955
31110
20007
4146
39003
9768
28230
43044
23553
10365
357
12720
38667
34914
27879
28734
37032
162
252
17448
14796
29955
14880
31251
49677
41742
49971
2337
50481
28428
22935
48492
8541
13998
23694
47544
23766
924
10644
18375
33348
11001
31095
21015
16971
7977
20805
25059
30195
43113
42507
16047
22071
28446
47298
42804
41244
17328
16197
11781
45756
39132
9276
3297
2130
4026
21897
47952
4953
3600
37386
9357
36657
39537
1428
2631
18570
22233
27690
48765
14349
41256
13812
7476
40758
32169
50280
31002
49497
15480
42786
15309
25668
23118
18609
49857
27144
11562
17865
3153
15162
26307
12510
822
14847
13938
25509
4473
7230
2199
2241
43635
14511
38109
111
26325
19278
21447
6330
39831
7983
20172
4143
4710
43290
44808
3567
19434
5370
21432
22590
20535
47742
6156
43413
33645
20097
17922
38118
49383
42177
11415
42018
5691
49527
13185
32016
39861
5688
9402
50751
13674
29574
3894
18384
21864
19758
44007
12357
25128
36495
6003
16719
4293
12159
9132
37938
3312
49110
47115
1695
40290
7530
43713
17037
28113
27954
20109
16977
33645
29514
16728
47319
8088
42678
36759
1011
11436
822
13368
7620
37317
41427
46398
41613
2586
26586
50607
27957
24699
46722
29652
13989
3255
44424
2082
31368
21378
22191
19401
4023
705
7185
22398
30852
49863
30213
31863
32355
31035
16287
11034
39411
6714
6432
30024
31356
4074
29631
8313
28773
25356
37968
13818
50667
2448
15900
31035
23826
38094
50439
49908
9855
28680
43362
40707
27546
44634
43626
30957
24669
8913
41991
13080
15627
19479
14160
46986
45612
43794
26355
45441
40206
13323
8262
39873
15771
46218
41964
10656
4368
12459
31620
36282
41142
23982
25989
17688
17616
18618
19701
13344
49587
32751
48480
14217
1230
33699
32259
46842
26493
7614
41286
37755
42996
20604
26628
29823
37878
17592
11535
13305
30054
43155
49587
20196
38196
46632
8940
26868
36306
50697
40212
34896
32448
8751
20169
33681
42450
23484
579
39999
2154
12921
48810
16206
4581
24438
46032
13518
13086
6567
26823
14196
20781
47466
5448
7977
14154
36444
34845
50463
36144
46116
5415
17592
25923
47640
22329
39429
42180
44967
50484
44334
6888
48294
9543
33528
43788
26631
47046
5874
4254
22869
42129
25035
41391
18633
4068
26601
4080
9972
48120
11280
27144
2535
28872
2067
21231
22260
41496
12411
16227
12036
5748
45171
9330
37347
27699
2118
35034
23745
7992
39288
17670
21177
35382
30117
39813
10506
5721
14949
20478
2841
26229
47622
27435
4101
20745
48666
48417
33297
10080
35700
45333
37884
29874
3663
46287
28629
5781
30321
1377
35832
40665
41103
28065
47103
20223
16878
28668
48000
31827
49146
50841
7056
16827
27276
33216
8628
47001
1689
41928
28137
37392
7317
15021
16266
33039
32364
44895
9876
33741
17328
45708
45462
29490
44832
41568
20769
10710
19236
17769
13596
39438
17610
42708
27321
15945
46980
35952
11946
48672
48936
11139
35064
27309
26160
22386
9348
29580
38337
19227
34377
26724
35991
28839
5214
29823
41463
25983
11592
31755
43752
25188
42252
32418
38952
18573
19419
34935
25581
2421
3663
23517
13560
38727
21885
10776
32169
31233
11412
19506
50460
45789
46230
6510
23631
22500
36333
14094
48483
47925
16908
12291
44169
8160
15768
3180
26733
35187
38115
23373
8667
41778
17946
22227
561
39831
4062
3786
20067
15474
23292
41583
10266
40581
48093
4953
12081
33429
19047
31623
1410
7011
43914
16638
15171
8682
19818
12963
14928
28989
36336
23595
41823
3282
16878
13440
43116
42996
17226
34239
7473
11574
24822
39795
23211
21918
44748
35295
26403
34851
37974
27813
41865
1944
15507
6036
10629
35325
18999
47613
35370
26391
42264
48249
29676
8142
10689
43848
22197
49971
27087
29670
10548
909
18465
33759
22827
12213
40110
49230
47064
49140
48102
8985
87
12609
15024
10716
18993
5079
29385
25419
2529
20649
22671
32205
50847
4416
47109
22044
3390
23196
22770
35994
46161
41235
40809
17991
24504
978
38277
42627
50118
6435
612
50205
19047
37692
31977
9096
13830
10362
34515
16359
2067
28242
19620
23973
32661
15729
17073
7107
9981
39846
14157
5142
1137
3966
23133
25644
4944
32469
39327
26121
38904
39939
25326
29007
48690
28362
38103
11520
9780
43677
49935
11850
42975
18555
6879
24636
5340
23952
2799
15321
12798
16956
20463
35994
42981
14655
32694
18981
18180
21021
45102
6084
32016
41487
6150
29706
18849
15309
12282
28629
7986
11217
11535
50964
29772
18414
46656
35112
42369
20514
21489
26223
8526
41955
11217
22563
27666
43911
41547
45846
13932
6705
22986
17007
19248
29136
46713
38097
44448
7998
37785
23490
41271
20376
45510
20046
38793
12225
26214
1218
3795
18762
49497
12321
9717
9717
5943
37383
24684
18546
3285
9675
25251
26271
26682
44502
26466
44451
2655
41970
23505
11496
36516
13779
2931
31029
4881
41724
14310
2151
13998
18105
20913
12495
1482
1686
44268
7425
10125
40011
25971
13410
49686
22281
10740
47424
37839
37206
40875
11550
28176
35439
45105
13692
20274
48036
15777
25155
9816
30087
49362
45870
19248
19278
29421
42789
20964
22692
21270
2148
33759
18300
15558
3501
40581
26298
50925
49476
34560
11856
32082
33792
18351
26187
47487
38625
45279
34320
34836
4095
35466
33201
21021
3714
1479
50445
17559
44499
44193
38832
46647
26952
6132
33264
30453
17769
30618
30378
38301
14181
13290
19383
47973
31644
16629
15516
19269
10908
49839
3108
37062
34305
7365
7083
9075
30900
6528
26637
24399
50721
36525
42105
48729
42657
46425
28182
31482
26043
29616
18783
11280
13965
38166
8256
45609
25851
45828
35934
36762
15723
10098
44880
50028
17463
963
30162
48363
29550
27855
43821
29271
13380
34926
27003
27093
1407
26241
7575
27450
4860
48414
38733
40881
6636
18045
35490
32490
12873
42480
40308
28599
1581
34188
49683
19044
35151
50901
16410
13701
49812
9231
14031
12192
15213
12090
10341
16620
38331
17916
15126
14247
37386
2859
4128
44025
42960
10674
25515
26892
2157
14823
26547
3738
20067
47286
22782
4218
18246
10248
39978
17058
19479
3009
29253
5748
15099
39594
22368
24486
28569
37497
38736
37011
11412
13920
30036
25431
24597
26607
23379
26754
12486
49926
30492
32553
17268
24330
7830
35514
34581
47808
1575
25116
50817
1884
30867
36972
41478
24291
10458
41103
32844
20250
49173
15315
34173
28209
40746
7770
25875
13125
5580
38361
34107
36072
19917
375
31458
27747
6948
15039
46611
8523
11214
17484
10407
42081
3456
22941
37428
35970
35103
19275
5223
33276
34590
10452
10485
46392
40278
36360
30573
45858
45780
13680
1986
36753
36111
33444
35556
43059
19542
31167
582
30756
48651
33045
43893
23163
4989
30321
30189
11148
20652
35412
44424
4242
16920
25965
50634
6198
33384
30207
1056
28164
14943
3042
35973
57
7545
20529
14172
27087
696
36813
28899
20403
18858
21792
14622
45903
23169
44811
6051
43824
282
21531
19122
17202
47499
18759
45459
29883
20022
46515
29103
6024
20616
14076
28137
28161
34605
42309
4248
6357
28122
4203
48816
18039
48051
12438
34998
20220
28305
12108
35100
28587
33639
3225
16848
30138
44040
11307
31077
35118
6822
9180
41142
49494
23256
18279
26655
28917
31647
1959
35274
30825
6162
4146
19920
3213
16584
3921
45492
44892
16029
29592
44535
20724
3873
10383
21921
18969
43746
1998
3090
21627
33237
15288
20121
27549
4626
46779
5469
36273
19794
11799
16098
25959
38004
36021
29172
3588
10998
45720
19536
49083
24315
35130
18807
50244
16569
11784
18216
9318
13785
43362
2001
18078
29706
22122
45627
34332
39957
22152
19605
8754
5010
6762
5769
43014
13839
34941
17658
24837
720
8253
44976
47091
43383
12783
46335
31008
24570
35607
40326
9411
27969
13383
49545
6678
35508
44172
12066
46521
37383
2730
4275
13449
9492
10044
5463
45387
16044
45177
19224
16764
2430
13200
12855
16869
48039
30246
47880
43665
14856
8262
24132
13881
21648
22677
42615
28212
37908
3684
23733
46347
6414
50067
8796
37962
31167
14259
32349
47211
8436
22629
35031
32925
6885
18942
49794
3924
20247
17730
18648
35103
25995
13836
48984
18699
36516
40602
46911
45480
15342
41700
40827
21756
40767
49623
8718
20937
34938
41067
39204
14430
12696
45294
47355
19581
13236
17208
45561
33483
34938
35265
39642
31989
49104
8685
21744
5676
20343
17655
156
35685
30414
12039
6441
20181
10662
37215
41118
45600
27282
381
31086
11034
45675
27444
1671
29967
44652
18288
34509
50646
2556
23151
2694
22716
31836
24438
28392
23235
13152
50604
7920
43566
11643
14361
34803
44361
22632
46980
10017
49914
47361
41103
32004
42036
39603
4731
43059
33255
23022
26568
3960
47634
20778
28710
19350
23670
2148
18798
46908
37356
40458
3828
29922
1101
40248
13728
16518
11880
9708
26535
32853
28125
38694
13857
41217
27300
18591
33276
31611
12669
30903
35571
9303
681
13281
50709
24351
37488
18507
20259
23844
7965
46146
24825
31122
35394
38553
47640
18330
19317
45231
183
47442
32925
36099
37659
9225
25746
41991
40839
9471
21894
47466
18774
22575
31806
40539
17985
18294
30102
9300
13194
9123
4446
38019
11301
10896
25572
7941
29229
15945
24228
468
12387
28209
7623
21102
8493
33369
12096
49332
42840
33990
16854
32670
27624
48660
22209
45609
38010
23367
3909
207
32490
30414
38226
43791
41310
34857
22788
41595
50802
18072
42066
34248
46284
49689
4350
3777
3117
38502
24165
17013
43551
12075
49686
20175
9738
42951
36840
18804
37377
40749
41067
18867
42219
28296
33717
32532
34209
5505
23127
34011
23580
36249
39315
40920
5997
43668
44697
31170
2226
39918
48183
45777
993
17925
37008
32787
31935
44904
594
18312
34656
41661
37179
47931
41013
19896
29463
24222
47460
23649
29292
42096
30954
17607
32016
36951
32331
47769
17121
34560
36687
36363
393
37680
3288
8460
19470
35223
2364
42120
2535
8076
3837
10773
5010
15909
1725
5529
11187
49185
29178
40479
11337
9135
7089
43353
17142
10476
40122
5322
16092
25809
41685
16488
34548
44973
47004
25074
255
49368
38250
24846
28503
13143
35619
33513
29052
8403
39042
40242
28644
39279
777
39984
48414
29922
32337
36612
40401
43518
41934
5493
40383
32619
44037
23931
48651
40041
20061
48906
9468
7311
22752
37971
42513
29430
42540
20565
37833
30582
31863
15477
40917
32643
4461
9387
33621
7857
46002
23022
22431
36936
50574
11814
40614
43611
6804
38265
3711
26865
7227
35235
5235
29979
22206
18804
30465
13746
39369
17298
15384
42291
3834
5304
45990
30351
14691
28611
38208
31749
22692
9639
17688
22266
43512
29358
36933
50316
16623
11700
48237
23850
46935
24528
24885
40197
43332
26409
2943
2760
14763
40386
45051
18597
16746
11097
48951
2493
39708
7215
34245
33456
16857
22989
26778
31425
1347
12714
30741
40026
46470
27978
34932
42408
23565
30873
31605
15897
6282
5607
40713
21048
17049
5820
39645
33795
16917
8652
36288
27684
15870
41589
10140
3783
13578
36921
35208
36981
20691
37005
26007
38217
36039
9939
29625
8604
40815
32289
46560
18153
8952
36273
39201
26001
42096
49905
30852
8013
7557
38196
35697
45483
28788
16896
49266
13422
2817
4530
50406
45564
41535
47469
32781
26577
28467
33465
35181
18282
36810
30741
36435
45762
38073
46695
42819
29169
45600
44727
8238
24213
31923
43938
18699
31767
31890
16965
45192
34707
43554
15654
327
34089
12123
33108
9666
11646
37629
15906
29928
23439
17703
37422
40257
4776
4173
32076
5001
49773
25803
13242
22986
28785
28236
12741
9552
9126
765
25800
14889
44319
41454
15216
27408
24636
19380
8133
36282
6012
46095
37269
29451
34854
45747
18711
39633
49920
21843
15690
19749
47649
28932
13791
25434
6168
26535
6042
15294
27300
31845
30183
42675
44355
16455
41139
40047
35838
49272
47388
41850
15423
33657
20301
50280
50460
10068
9969
49380
31914
25659
18129
50619
3594
31920
47109
31818
29511
2151
18171
5811
5052
19410
48486
49410
35868
38628
9513
20706
7956
5901
33612
23382
10614
2913
44718
10074
35040
3687
30510
15954
402
19695
37629
3996
618
33738
6873
1185
6945
25044
6999
12000
44454
26541
32466
29322
36225
41979
21084
44184
47883
3696
38622
7497
28668
3396
39630
12708
7083
19140
50718
7485
9894
37347
33540
32568
42141
11469
33753
49086
36513
40752
10086
1023
38352
42552
1404
23577
33534
22488
38817
1473
26187
48495
31026
25911
891
41712
38619
30030
31911
9393
8574
41805
17796
13170
23373
8937
24639
6126
7023
10152
17937
17112
33231
5289
30720
34635
50922
35310
6126
9798
36783
3369
7293
38868
29280
8187
29580
38955
9273
10491
48348
17847
1296
15144
31017
24669
24081
4656
1854
2160
36864
19791
19272
19098
47136
21051
2733
47058
5361
30915
5856
13203
34284
35208
1071
34620
43395
30651
22575
1668
12201
41979
41574
13497
28179
21591
9225
1260
48306
11079
25479
34170
30870
15807
24324
27006
36858
27060
45120
42222
6975
22035
26481
12318
6243
27552
46938
20694
29259
18516
44418
41460
31551
34992
3960
8733
27642
13185
32049
24948
24264
6528
30174
26190
22338
3501
24252
8196
1617
18372
21474
30648
11463
47955
42966
39762
46563
9963
31512
24825
28479
24933
15285
9030
30981
41301
39819
7623
25542
20871
3627
20862
27399
33804
18108
49737
8361
42360
28992
9978
31791
50466
11682
14310
47424
25707
3075
14043
35670
34587
38868
13149
30576
25212
44235
10560
37569
33057
18183
34170
24984
43869
26088
1383
26673
44199
22179
6090
35559
171
16068
38406
50637
49806
1719
18117
24513
26850
32163
9183
10437
42087
44388
41016
16299
37626
22632
24927
41739
40815
8097
15723
4740
34185
39162
31413
49440
10341
37503
34002
10512
24627
43464
32208
23436
45183
50325
47949
21033
2544
28191
2529
44634
21579
14601
31989
30261
37233
5916
43056
49104
36069
29835
2847
41313
18000
5316
39753
28341
42822
44811
38856
38505
8334
20064
32997
2517
41445
1005
45609
43992
29196
19194
8682
50775
33795
11727
1095
20028
39702
44151
40188
24771
22989
43035
37140
40989
48354
47952
40386
11232
41763
50298
20793
50097
41418
2793
23673
31866
3798
40338
46914
4050
8532
26652
25881
13383
38379
26976
4467
27081
42186
44655
22911
14175
36693
9051
26220
5103
6003
15606
16335
18825
14907
37128
39978
5325
10977
34707
8247
36831
24045
26217
40881
3633
1869
37821
17016
40251
35853
21483
38388
27039
15141
10299
12270
22890
41409
38490
27993
47412
25155
44328
37293
11118
1512
26274
38499
12492
9981
46749
20379
5085
44022
10263
8718
45894
19140
47793
6201
3993
18276
44589
2091
4473
3891
14361
27363
45300
23910
4356
12768
20121
19740
21120
31239
43311
18450
18738
4803
50487
36543
25182
4572
29568
6501
35349
46518
47697
32142
1719
693
50418
46308
2784
3894
21255
39201
2313
37611
34167
6672
50382
3288
48468
20502
34527
40779
10008
24324
16638
9495
31923
12879
14070
32547
41436
49419
28065
38136
30561
840
38829
1035
18207
12669
26985
39462
22926
29301
26076
6096
7029
47514
9384
4497
39072
14970
16335
49080
10350
32973
7575
42273
16908
43701
45879
7347
42120
45000
45483
43737
45843
4368
15831
13050
39093
42816
23568
11019
21117
49644
39171
28146
46158
48558
3702
34230
34584
20037
3366
44934
24066
10944
36207
40977
3645
2142
19380
16824
47145
13863
9561
41988
18231
47448
26094
28380
39267
49662
39399
31440
19365
49629
30645
14523
47187
34347
19812
30771
25440
23178
46761
20562
5178
31968
32595
8826
34113
975
25650
1314
14838
6267
43302
4125
2718
40452
3561
13041
39114
14019
44481
29535
12648
24126
15117
30891
29529
5985
10662
26025
29163
28479
46590
5400
31503
28185
14226
14616
219
10932
37986
37113
39255
30288
12297
13029
41796
15858
26070
969
29877
41610
30504
42525
14736
45621
22416
15324
606
4134
41349
828
32613
36939
6228
13119
36183
42510
49791
36402
24498
36780
44571
34809
38124
5868
18897
50979
21729
16023
948
22662
6633
2508
14190
43428
48132
7662
7752
19794
33855
49101
42678
15468
6099
19962
50643
13338
33528
20493
20796
29082
28329
14367
12894
15453
20238
31791
37488
13023
47814
38436
35685
25506
40947
20931
17934
9135
28596
47742
50985
11451
45843
13722
48975
22998
33684
48621
36336
38271
40170
6132
16353
17499
20502
29247
4008
11796
32094
41499
24819
28911
50991
9504
25473
40938
30438
43407
21129
30090
40149
43173
41541
6048
5895
39516
105
39579
8193
36441
26850
48363
42576
14262
36918
34134
43509
40929
45930
24606
31428
19749
24573
31419
29253
21102
43416
30747
13509
35601
9837
24714
27774
22434
1818
33669
33009
1923
44307
41202
9423
42213
9624
999
5475
46542
35133
48987
7527
30063
44649
38955
20868
40278
41433
21177
10380
33849
927
45945
18450
32820
41715
17283
4257
43533
50952
37266
16515
44259
49524
25938
35475
8148
48993
40950
25749
4182
9993
33276
34245
25698
43290
26169
14976
33723
47346
25356
38628
48273
42357
28134
30096
33072
45417
34353
47664
16428
42675
13179
9687
41199
10173
16218
49350
8166
28227
46155
12348
38220
50487
17649
34977
42777
43818
49953
47556
11220
46368
6240
8496
37725
5433
9648
41856
50850
15057
38520
16278
6732
22755
48024
47931
32928
35298
17337
12150
12525
34548
46554
21804
34038
13203
5781
47871
28077
4734
44430
39297
22158
21726
18849
8886
27159
50553
21798
49068
36666
9318
14346
43398
32073
33426
11388
36057
17727
50781
48207
30252
34332
43761
1056
39426
28020
28893
36297
27153
33630
783
37506
4788
22512
5358
35730
49671
26967
6528
47739
12636
37902
33144
27090
41031
15570
9534
26088
4353
31374
23295
5664
14706
38112
6720
3132
37188
35616
10485
13341
40302
11271
50850
16146
33783
27264
22935
3510
25287
519
22308
37923
9480
4452
36072
50511
42078
16662
25602
46434
48036
19953
1098
33798
7068
29874
7986
15312
36546
18474
28656
47904
801
50562
35109
34584
26826
7044
9150
1113
29619
31458
10095
39099
35910
17223
38613
49047
33885
35271
44481
1980
4224
16635
35778
33348
17565
43767
48663
25170
33297
48375
22074
34098
47937
6183
39738
23763
35283
48888
46932
35961
29349
6027
24060
36315
45306
33729
34362
50250
18000
49899
1230
22227
15534
37008
4575
4158
831
24294
29328
34128
21669
402
39282
18606
28644
28020
13425
12927
25911
9360
48888
4260
37443
44007
11631
31752
26736
45996
31002
44739
44895
3288
38022
31488
40296
13653
35646
12186
37950
13974
17370
30675
36432
5655
49284
14076
33675
33765
49062
8586
43125
18006
34902
627
33069
46536
3435
8808
12588
5493
24603
28539
8781
33681
9027
20133
47334
15729
32319
5340
29703
49692
36018
37194
4347
5358
270
9078
39123
20388
17667
2307
9453
23625
2934
42522
41217
6369
22386
2805
11862
18045
2403
42699
726
11430
11832
48063
27162
44154
2403
27921
13902
38421
14115
40305
14835
36444
49383
2961
27888
38106
5268
37341
10734
30258
28866
23007
36627
22308
47871
19545
40356
50274
11244
41082
10704
45132
38145
8922
9342
11607
36846
23244
21084
22017
12549
35922
7461
32991
9939
35352
20097
37263
43749
1887
16521
43671
24897
2148
14982
43824
43749
4338
43098
26049
16476
24858
20181
25680
33783
29526
37287
41685
1770
29427
12702
36378
14349
42222
18369
46344
48630
9522
32607
41379
11412
49128
34053
36309
22332
20091
189
15081
46485
43287
12186
11961
17145
32370
37641
21984
10896
45984
34725
34722
24414
18486
42156
9819
9708
31581
5166
7338
41106
37773
19773
1518
6960
2826
8883
29292
44973
9072
15432
40458
23415
27618
1422
11616
8988
10119
33603
41940
27162
39384
47721
22632
6870
38877
3507
16578
19461
8673
45972
31623
17505
36804
33141
46521
39630
13080
24813
4662
44208
11301
45120
16623
38922
17598
28239
18966
49776
32898
9909
25938
21285
6630
19626
28155
16563
23133
15792
7080
2865
32820
38703
42426
18624
20844
37947
29313
4980
33816
33975
49188
45120
50151
14811
4098
16752
14109
23064
15528
47007
4029
12522
39348
32715
32148
38562
49281
4281
25410
5361
7146
29286
15123
49572
47913
35967
7575
48282
12006
41394
2313
10194
6570
1464
47064
10668
40272
32229
4788
4800
50292
8820
39378
38643
41535
20526
48261
10872
24810
22671
38292
3012
957
2415
23643
19926
9438
31218
39264
21444
21612
41577
2697
50238
14100
20817
9906
25428
2046
14697
30231
23394
45573
40665
33093
36108
10194
30354
18039
6060
2025
5331
9072
2985
7746
32715
44967
39240
34992
33234
9687
27660
23811
34440
26901
8967
4257
36807
34398
28359
22560
35685
22809
17133
25350
4905
24300
6600
35259
42339
12660
37287
47670
43791
11328
26472
25506
27351
14712
31554
9585
46455
8217
4455
951
35118
13422
27264
20925
18876
26679
14544
3561
49491
31677
50970
3396
4977
6570
9711
47316
41289
46998
15042
34080
29382
12570
30642
5736
49341
11199
37377
44796
19416
41832
16806
3534
26313
44070
46515
45189
19752
32115
19809
18243
12795
19779
43695
39828
48405
2406
36147
38694
20463
22245
43830
20901
34818
45531
26637
4215
5730
13017
20067
47202
25905
36873
21792
1218
29946
39363
46410
49698
20481
15219
38997
33276
6054
31692
22104
25515
34098
29307
35268
25617
22611
28098
46521
28485
22629
22158
32700
50415
6231
1767
46617
32139
38643
17409
4413
17589
5775
50823
38343
26256
37098
26340
30588
43152
7032
23748
17670
12186
2058
1938
8862
24669
1092
4383
2154
23724
48597
5910
23139
3831
7677
40815
7026
46320
7224
11439
34965
35055
33321
22308
32367
19419
19704
11955
33630
26736
35706
300
9981
8820
24294
18843
4545
25386
23226
28755
20166
42879
34665
14364
17766
42342
4179
46848
8721
33459
7290
43686
17517
11667
37053
20940
31086
5757
3954
13716
3552
10716
36072
35589
19536
31422
3432
24081
27867
48714
23892
48033
11649
7557
11397
29418
20955
37632
25266
29676
20094
3612
44421
8667
15279
30474
663
17424
7287
4617
2196
10839
15333
9327
46428
5925
40749
20916
1062
17616
40686
24954
36708
1338
32511
19161
30756
2469
5796
27078
3201
47946
30693
47622
27669
45972
49152
28332
34452
5442
32952
36651
16281
19341
45978
33768
25269
35727
3684
26331
24402
15429
288
10110
38823
3855
327
40635
6324
28179
16713
31584
25125
47406
28206
23850
13437
26361
1185
47889
31803
5193
4596
19140
24534
50574
23964
49803
35304
27651
47193
30762
14136
47481
11928
1959
336
12255
42594
28719
40437
30363
9303
36618
48828
8565
9471
11265
5982
32712
30210
8841
37905
34809
27984
11439
34383
948
32301
40743
50655
28494
42561
35847
47031
3489
37806
18423
37803
456
18198
49296
1878
27501
34914
50706
7125
15441
33027
13107
48153
34293
21951
6114
18102
49935
39612
23544
21939
20913
35343
43653
20463
26907
28500
38550
1452
37365
5973
39255
8877
24174
37551
10755
22731
43524
32517
29856
30021
14544
42966
27177
48840
35973
4347
37998
34908
43959
32598
27903
35928
16944
42612
5391
14907
20115
43941
38415
28536
20973
48729
37413
45147
35280
19227
38934
49860
744
17793
28884
37347
31815
27117
35187
16788
31464
44241
22752
24426
25842
21711
9354
13842
13326
36804
50805
33441
801
38220
10977
21774
35949
19446
37977
42288
9729
25914
41148
10476
14763
41088
47823
46578
17205
3066
34422
48672
47307
6174
44154
44205
27885
2508
7047
41211
10368
6852
45708
11172
16131
27741
32946
