2000
4149
2658
2331
2745
5379
1005
4158
1476
1947
4263
1086
81
2070
177
5289
5778
1620
4278
3516
5208
3633
4104
1701
1287
5346
4590
2586
3369
201
3405
5787
5406
66
3174
3207
501
4179
1368
3033
126
687
4119
1263
2757
5352
1611
3594
972
945
1110
1239
4578
273
2940
5868
5619
2586
3510
2988
3843
915
2775
3252
981
1008
1515
2538
5187
3939
5571
372
5685
4746
1635
2442
4101
4302
1092
129
5250
3261
2424
3828
3534
5364
4752
4209
1953
2262
1197
5796
3180
5028
4104
5217
36
678
1758
282
4617
2385
1710
4302
1134
4401
1803
291
2706
3951
1476
1956
2268
3903
840
858
4323
5595
5067
1332
1857
1320
2187
93
351
291
5313
1443
2025
2127
2781
1701
5568
4491
1059
1758
2895
3918
2049
657
1872
4584
2613
5196
2487
4509
57
810
4104
5124
2145
1020
447
5388
2169
1854
735
2538
4353
2763
4665
1137
4464
5292
684
5523
1050
3579
4500
3102
5292
372
2742
2961
5568
5229
1473
681
1095
5577
5808
4296
1653
1311
3684
3825
4221
4422
363
2574
1185
87
3711
705
5379
5454
1284
429
3033
5784
4587
2328
1212
1329
5289
1839
1614
1818
2520
2712
2454
3384
2064
4107
5751
5751
2988
3972
5229
4410
549
1470
4497
5316
2175
4932
4770
4515
417
2862
5358
5007
246
1626
1392
591
4521
4065
2412
1044
1833
4866
5484
3897
4029
5238
4704
1020
4266
3933
5430
4815
5403
4983
5190
2634
3915
3960
2208
4332
1878
1566
4395
2124
4248
846
3774
2772
4911
186
4872
1800
108
4356
5697
4137
4650
4404
213
2919
3393
5643
2790
2799
5682
1980
489
3597
5943
2697
2988
2877
5319
2439
5004
3570
3285
2778
1398
3252
4020
270
5052
4128
4626
5808
3321
4335
5268
3537
1254
2661
4236
4044
516
4977
27
1008
3630
1026
4761
618
3903
5139
4116
3963
3765
2457
1797
5163
5712
5817
5433
5820
5001
5115
684
3381
3450
5952
1974
5760
3672
1266
3807
4188
243
4890
252
3876
5916
5016
5550
4875
4155
3666
3897
1920
126
5694
2139
894
570
1572
1770
627
1743
2457
4008
5196
3465
5982
12
1137
2307
3819
5328
2550
3765
5580
426
4737
5652
5979
3615
4863
4701
1512
1839
5883
2262
3978
777
2832
606
3606
4518
2352
63
2526
2604
4584
3567
2616
5724
5874
1494
108
2424
5259
744
3909
3999
399
4944
2670
5262
4701
5238
1104
4587
1500
138
5364
5391
747
2970
3909
3099
4089
1491
759
2676
5058
3375
3456
5988
5925
3564
3471
5187
4308
1380
4242
5763
1380
912
84
81
150
2244
4668
2706
2382
5091
2097
3129
3117
6
1284
1209
1500
2043
4941
1614
477
3453
1605
402
1017
5076
645
381
1512
4887
147
2892
855
1287
4029
1005
3531
2700
3714
5913
2847
867
4101
5964
876
5385
2229
3432
2487
1170
5046
4020
4623
1707
5478
696
783
126
1080
3351
69
2283
243
927
3570
4275
2988
1101
2031
702
2070
4878
1572
171
4842
3504
615
1074
936
4158
3300
1038
2178
2982
2748
1656
4734
4587
2838
870
1941
2910
3153
3240
4893
1779
2571
1881
3936
5658
3642
1065
4536
270
1236
4437
4830
2907
567
822
1065
4923
1860
4299
2961
5664
1014
1698
5310
3852
2568
1251
1818
780
5547
711
3615
3177
3651
1554
2835
2349
2619
1374
2619
4911
867
1449
1821
1434
2271
3942
1413
5187
3300
4377
4854
4314
75
4164
3222
3699
471
5043
4479
1074
810
2097
4251
5517
4707
1089
1866
2382
3519
5541
1293
4386
2046
4170
876
5373
3171
3345
4563
471
1722
4473
5841
2853
3693
3063
1611
5220
3162
90
294
3975
3243
4548
4548
3006
693
417
5388
4212
1014
1740
3654
3063
5910
5586
2436
4137
2931
2055
4608
5712
528
4449
3621
5277
2571
5232
4497
5733
381
5850
3708
4680
5454
3315
1689
147
3732
2133
5415
5802
3873
4125
2865
4842
4767
5304
2979
2754
2415
2646
2466
2946
2151
90
3279
4722
378
1779
4458
759
1629
3222
5442
2139
537
1131
2286
5325
3264
2757
5130
2196
882
3051
1038
705
3411
5073
3459
5829
1719
984
2775
3873
2130
54
3651
2508
2889
3165
3270
5574
390
2712
1713
1983
4899
5055
2367
3219
1812
2553
5415
3750
5604
1509
4455
3018
585
1917
2847
3360
2901
678
2289
5031
1788
5943
2595
4680
3108
5865
5310
4554
3633
1026
1596
3588
1137
3963
810
2952
516
1281
702
120
3849
216
4194
5490
3189
1041
2850
90
1719
5142
177
4566
141
2772
3246
4305
3696
3612
2862
1329
5694
4458
4920
834
3477
786
3786
5049
3123
5544
5169
972
816
3366
462
4005
5463
4371
4095
2241
3513
5328
807
3654
2103
5109
1959
5799
2721
5877
2184
2418
5391
2160
3252
3924
4002
2094
2973
1128
2694
2145
3156
3513
567
4677
1518
30
3048
672
3327
1617
0
4134
327
3159
3243
3342
4014
5967
4278
201
3441
3669
2361
693
1596
366
3843
5625
2550
537
1770
762
4050
3393
5439
5571
4482
3543
243
1809
5160
1299
5946
543
4461
4245
3888
2475
4212
2166
2676
1653
891
96
3402
3543
1518
1245
3171
5124
1785
5997
5886
891
4449
5328
462
2931
3927
1761
5796
4146
3063
798
4689
2580
5046
3633
5055
3258
855
2790
5970
1749
3942
4428
348
5460
5676
4575
4584
2517
4575
4470
3408
4080
4854
4929
1011
2784
1746
1863
930
5865
2664
675
2445
1710
4311
2559
24
5166
5349
1050
1971
3291
5481
3378
3807
213
1953
3447
2730
1584
1917
1194
5664
1830
1179
1731
5670
2928
3597
1656
2793
261
2331
297
1971
1698
2856
3051
1923
2205
4104
3894
552
3585
2328
5415
3798
4284
2862
1584
924
4779
3834
591
1665
5016
2322
1335
3000
975
2991
849
1236
381
1146
4263
2079
4002
1317
4002
1263
477
2955
2871
4062
5283
2286
2916
4623
5148
5556
5550
4986
4446
1197
651
3462
3519
3045
1518
5553
1092
2370
789
1473
3516
111
4611
2577
2484
2613
3840
2961
5568
1770
1023
5910
4056
4995
4533
3207
4551
4083
3249
4053
336
3900
1518
4914
2001
4092
4467
3096
462
312
5625
5037
423
4236
1614
2907
1908
510
5868
2532
2280
1947
2442
1395
942
978
5658
549
117
2907
4605
456
1863
1179
5370
3867
327
4893
2019
792
5205
1644
885
5631
939
2499
3594
2847
4065
3465
5379
1404
468
2880
2799
2469
3858
3513
4074
5031
420
3735
543
2283
5970
969
150
300
5862
3225
1092
126
4872
1977
5757
867
5532
4407
3714
4653
2928
4149
57
3399
1029
3912
5868
5943
1425
4998
33
2901
2736
576
5187
2706
2604
393
3006
3522
3621
5154
3648
3549
1131
4461
4416
1719
2871
3186
375
5799
2391
1488
4254
3423
459
5178
4422
2940
4179
4455
5844
915
90
87
4677
2694
480
1686
1272
5157
840
4923
2706
3030
4440
2178
4749
2367
420
5124
2169
2814
1671
1479
1293
2130
660
5715
5070
4839
4173
4914
810
4263
5001
5487
2013
540
2229
3285
5697
3072
3264
3462
1158
1707
696
5907
5130
1119
90
1299
4989
1761
3837
282
4947
4497
1053
4017
4392
5226
3990
258
4545
4047
5745
558
5643
3033
4902
399
1161
2166
3861
2319
4929
4557
2226
4062
732
3372
417
777
189
4254
1059
5136
3807
2115
4212
2199
2397
2202
2457
945
1305
3261
2559
2007
1350
1461
2406
2511
4686
267
4830
3615
5880
2112
2733
1671
5487
4209
2448
5676
2463
4566
4815
1329
1737
4083
4584
4134
1341
2100
135
2646
5361
2697
4653
1767
4158
1059
4278
2844
2382
3108
1518
3321
276
4251
4992
5763
2460
1440
498
5982
1062
369
1311
2799
4452
951
936
5793
3051
2127
3495
3468
4824
3207
5235
2985
4266
3513
885
1707
1677
2403
5028
1956
1713
4020
2775
5229
516
3273
267
1581
4698
2634
5436
3150
3588
372
3999
639
3558
1497
4110
2382
4704
3345
423
4026
1917
1311
789
3594
4770
5817
606
1539
4893
3384
771
5412
1713
1038
2049
414
3675
1485
4620
1263
2916
3678
1902
474
5175
1068
2856
4935
4416
4338
4017
333
5649
4809
4983
5475
4626
648
1017
3522
4032
1788
3990
801
3882
39
2271
1557
2580
1950
3876
5496
5628
837
5970
5859
1905
3885
4794
321
2223
2811
1710
2928
1620
1752
2403
249
2400
4476
4827
1488
1320
2817
2289
5205
3912
5619
1818
492
1569
753
1047
2253
1590
1017
2112
3495
5958
906
4875
3237
4773
1641
1221
1452
3393
4683
2757
5793
3159
1584
1281
4482
5457
4629
4743
3369
5304
561
4917
1929
1314
5964
4182
3960
2040
294
1458
3054
2256
1389
294
2085
3030
1515
3537
426
198
294
1275
4416
2934
2559
2898
2391
2244
1641
816
1548
3258
5736
3477
5631
5700
1659
3591
2796
3009
105
5853
321
1494
147
3462
5583
2718
1002
9
3975
2352
1284
2391
5289
4899
345
1680
1143
3042
3555
2691
300
3291
1224
987
4047
3939
5637
1902
948
5742
1755
2325
2295
2958
5790
1878
5676
1848
1887
4707
5256
4227
1098
4545
4185
2499
1284
5328
5541
4839
3078
900
3186
5358
1887
2289
3300
1524
4191
4248
2325
5946
1632
4620
3960
2478
1554
4695
5382
4497
3402
4638
2724
5559
3186
909
2058
5526
1296
1602
5421
5430
2502
2607
4788
5445
5952
2088
972
4146
1395
4353
5148
4083
4029
3111
561
5583
1806
5943
4080
264
5637
1860
5823
3879
2772
1884
3405
5124
3486
2826
5610
5988
489
4398
5433
1500
1545
1461
702
3996
870
5850
2079
4899
4017
2640
4482
879
3639
2562
1146
4332
4425
969
2214
2253
2853
5619
2433
1395
3504
2043
2439
5049
1497
2931
1605
3042
4392
2307
1038
321
3216
4173
5220
1233
1869
4761
3171
5508
2379
4317
3843
1860
342
1113
4113
4254
1788
1602
5649
5292
4701
2091
5400
201
5022
1005
4299
4470
4371
396
5847
1587
4569
5070
3876
441
4887
1047
1005
1266
420
5904
3129
765
1017
2298
75
2808
4959
780
3156
3660
2871
3612
3861
2949
4620
2163
2478
2991
3615
3381
5634
2184
3507
3510
3681
2394
4560
4689
3663
4980
5649
1848
801
669
4146
876
4533
3105
1659
1689
1824
5586
5304
5685
3594
4980
2904
1128
3027
519
4509
2661
3762
2019
171
1443
5469
5787
1188
3132
5826
840
36
627
2565
5241
2562
1098
3402
5277
3843
5226
5919
4203
4914
3513
4239
2874
5697
1266
4452
5265
4983
3270
2340
213
5769
1809
0
960
0
5826
2856
36
1512
5421
5277
4074
1575
2682
3351
474
1908
3270
4680
1878
1842
2919
5811
2595
5244
4263
1860
4227
2589
4200
5496
2358
12
5499
4374
1068
381
1230
1104
1893
1707
384
1023
4338
4122
4374
4815
30
2703
3495
2967
5601
1470
2778
2196
714
2097
5115
0
4686
4371
5496
1044
4383
51
5421
507
1491
1707
1614
3384
3417
3054
4410
1755
1176
3840
1626
2262
1599
5121
5229
1200
1650
3063
4455
2364
5160
3570
3420
4902
1941
3975
5949
1383
5082
426
1890
573
3189
4560
3960
1662
1614
3426
4476
2790
1266
102
5055
3924
282
5340
5124
1932
2406
4635
5352
1566
3261
2775
471
5205
1806
1476
1644
888
2958
4590
2520
147
3153
1536
2868
4767
4962
1344
2616
1284
1446
1671
264
1728
1011
5391
3660
3417
5082
3015
42
2346
846
1569
2607
3708
3045
4251
5652
1059
3897
2172
2262
1050
3708
5130
876
3726
474
3492
69
1923
5163
333
4707
1230
780
2370
5706
5865
441
5748
3267
2343
1317
5874
51
5418
4125
5703
1533
2022
2934
3795
4131
1698
2928
5007
483
3402
2499
