3000
7149
2658
2331
5745
5379
7005
7158
1476
7947
1263
1086
3081
8070
6177
5289
8778
1620
1278
516
2208
3633
1104
1701
1287
2346
1590
5586
3369
201
3405
2787
8406
6066
6174
6207
3501
4179
4368
6033
3126
6687
7119
7263
5757
5352
4611
6594
6972
6945
7110
1239
1578
273
2940
2868
2619
5586
510
5988
6843
3915
8775
6252
981
7008
4515
5538
2187
939
2571
6372
8685
1746
4635
5442
7101
1302
4092
6129
8250
3261
8424
828
3534
2364
4752
7209
7953
5262
4197
5796
180
5028
4104
2217
3036
678
7758
6282
1617
2385
4710
1302
4134
1401
7803
3291
2706
3951
1476
1956
8268
903
3840
3858
4323
8595
2067
4332
4857
7320
2187
6093
3351
6291
8313
7443
8025
8127
5781
1701
2568
1491
4059
7758
2895
3918
2049
6657
7872
4584
8613
8196
5487
4509
3057
810
4104
5124
5145
1020
3447
8388
8169
7854
6735
8538
7353
5763
7665
4137
7464
2292
6684
2523
1050
579
7500
3102
8292
6372
8742
8961
5568
5229
4473
681
7095
8577
5808
4296
1653
1311
3684
825
1221
1422
363
8574
7185
87
3711
6705
2379
2454
1284
3429
3033
8784
7587
2328
7212
7329
2289
4839
4614
7818
5520
2712
8454
3384
8064
1107
5751
2751
2988
6972
5229
4410
6549
4470
4497
2316
2175
7932
4770
4515
3417
8862
5358
2007
3246
4626
1392
6591
1521
7065
5412
7044
1833
4866
2484
897
7029
8238
4704
1020
7266
933
5430
4815
5403
1983
8190
8634
915
3960
5208
4332
4878
1566
7395
8124
7248
846
6774
8772
7911
3186
7872
1800
108
1356
2697
7137
1650
7404
213
8919
393
5643
5790
5799
8682
4980
6489
597
8943
2697
5988
5877
5319
5439
5004
3570
6285
2778
4398
6252
7020
3270
8052
7128
4626
2808
6321
7335
2268
6537
7254
2661
4236
4044
516
4977
27
7008
6630
1026
1761
3618
6903
8139
1116
3963
3765
8457
7797
8163
5712
5817
2433
5820
5001
8115
684
3381
6450
2952
1974
5760
6672
7266
807
7188
3243
1890
6252
876
2916
8016
5550
1875
7155
6666
6897
1920
6126
5694
2139
3894
3570
4572
1770
627
4743
2457
4008
2196
6465
5982
12
4137
5307
819
2328
8550
3765
8580
426
7737
8652
5979
615
7863
4701
7512
1839
2883
5262
3978
6777
8832
606
606
1518
5352
3063
5526
8604
1584
3567
8616
5724
8874
1494
108
8424
5259
744
909
3999
399
7944
5670
8262
4701
5238
1104
7587
1500
6138
5364
2391
6747
5970
3909
3099
1089
1491
3759
2676
5058
3375
456
5988
5925
564
6471
2187
1308
7380
7242
2763
7380
3912
3084
3081
150
5244
1668
2706
2382
8091
5097
129
6117
6
4284
7209
1500
8043
1941
7614
3477
3453
4605
402
4017
2076
3645
6381
1512
1887
147
8892
6855
4287
4029
7005
531
5700
714
2913
5847
6867
4101
2964
6876
8385
2229
432
8487
4170
8046
4020
7623
4707
5478
3696
6783
126
1080
351
3069
2283
243
927
6570
4275
8988
7101
2031
702
2070
7878
7572
6171
1842
6504
6615
4074
6936
7158
300
7038
2178
8982
2748
7656
4734
1587
8838
6870
1941
2910
153
3240
4893
7779
8571
4881
6936
2658
6642
1065
1536
6270
7236
4437
4830
5907
567
3822
4065
1923
1860
7299
2961
5664
7014
7698
8310
6852
5568
1251
1818
6780
5547
6711
6615
6177
3651
4554
8835
2349
5619
1374
8619
4911
6867
4449
1821
7434
8271
6942
1413
2187
6300
4377
7854
4314
3075
7164
3222
699
471
5043
7479
7074
3810
5097
4251
8517
1707
4089
1866
8382
6519
2541
4293
4386
8046
7170
3876
8373
6171
6345
1563
3471
1722
1473
8841
5853
693
3063
7611
2220
162
6090
294
3975
3243
4548
4548
6006
693
6417
5388
7212
1014
1740
3654
63
8910
8586
8436
7137
5931
2055
1608
8712
3528
1449
6621
5277
5571
5232
7497
5733
3381
8850
708
7680
5454
6315
4689
6147
3732
2133
5415
5802
3873
1125
5865
4842
1767
5304
2979
8754
8415
5646
8466
2946
8151
6090
279
4722
3378
7779
1458
6759
7629
3222
5442
5139
537
1131
2286
5325
3264
8757
2130
8196
882
51
4038
3705
6411
8073
3459
5829
4719
3984
8775
3873
2130
54
651
5508
8889
3165
3270
8574
6390
8712
4713
7983
1899
8055
5367
6219
7812
8553
5415
750
8604
1509
4455
6018
585
7917
2847
6360
2901
3678
2289
5031
4788
2943
2595
4680
6108
5865
5310
4554
6633
1026
4596
588
1137
963
6810
8952
516
4281
702
120
6849
6216
7194
8490
6189
1041
5850
90
4719
8142
6177
1566
3141
8772
6246
1305
6696
3612
5862
4329
5694
1458
4920
6834
3477
3786
6786
5049
123
8544
5169
6972
6816
3366
6462
4005
5463
4371
4095
2241
3513
2328
3807
6654
2103
2109
7959
8799
5721
5877
5184
2418
8391
2160
252
3924
7002
8094
8973
7128
8694
5145
6156
6513
567
4677
1518
6030
48
6672
327
4617
0
4134
3327
3159
6243
3342
4014
2967
1278
201
6441
669
2361
6693
4596
366
6843
5625
8550
6537
1770
6762
4050
3393
2439
5571
1482
3543
3243
1809
8160
4299
5946
3543
7461
4245
6888
2475
7212
8166
2676
4653
891
6096
3402
6543
7518
1245
3171
8124
7785
5997
5886
3891
1449
8328
462
2931
3927
4761
5796
4146
63
3798
7689
8580
8046
6633
2055
6258
6855
5790
2970
7749
3942
7428
6348
2460
8676
1575
1584
8517
7575
7470
3408
1080
7854
4929
4011
2784
1746
1863
6930
2865
5664
6675
2445
4710
4311
5559
3024
2166
2349
7050
1971
6291
5481
378
807
6213
1953
3447
5730
1584
1917
1194
2664
1830
7179
7731
5670
8928
597
4656
2793
6261
2331
6297
1971
7698
2856
6051
1923
5205
4104
3894
3552
585
5328
5415
6798
7284
8862
4584
924
1779
6834
3591
4665
5016
2322
1335
6000
3975
5991
849
1236
381
7146
4263
8079
1002
1317
1002
7263
6477
5955
2871
7062
2283
8286
5916
1623
8148
2556
2550
1986
1446
7197
6651
6462
519
45
4518
5553
7092
5370
6789
7473
3516
3111
7611
5577
5484
8613
3840
2961
5568
7770
1023
8910
7056
7995
1533
6207
1551
4083
249
4053
3336
6900
1518
4914
8001
7092
1467
6096
3462
312
5625
8037
3423
4236
4614
8907
4908
510
2868
2532
8280
4947
2442
7395
3942
3978
5658
6549
117
5907
1605
3456
4863
4179
8370
3867
3327
1893
2019
6792
2205
7644
6885
5631
3939
2499
6594
8847
4065
465
2379
4404
6468
5880
2799
2469
858
513
1074
2031
6420
3735
6543
2283
8970
6969
6150
3300
8862
225
1092
3126
7872
7977
8757
3867
2532
7407
3714
7653
8928
7149
3057
6399
4029
6912
8868
5943
7425
1998
33
5901
5736
6576
8187
5706
5604
6393
6
6522
6621
2154
648
6549
1131
1461
1416
4719
8871
6186
3375
8799
5391
7488
7254
423
6459
8178
7422
5940
1179
7455
2844
6915
6090
3087
4677
2694
480
4686
1272
8157
6840
1923
5706
30
4440
8178
4749
5367
6420
8124
5169
2814
7671
4479
4293
5130
3660
2715
2070
4839
1173
4914
3810
7263
8001
8487
2013
540
5229
3285
8697
3072
6264
6462
4158
1707
6696
8907
8130
4119
90
4299
7989
7761
837
3282
4947
4497
7053
7017
1392
8226
3990
6258
7545
4047
5745
558
5643
3033
4902
6399
7161
2166
3861
2319
4929
1557
2226
4062
6732
3372
417
6777
3189
1254
1059
8136
6807
8115
7212
8199
8397
2202
5457
6945
7305
3261
8559
5007
7350
4461
2406
5511
7686
6267
7830
3615
8880
2112
8733
7671
5487
1209
5448
8676
2463
7566
7815
1329
7737
7083
1584
7134
1341
8100
6135
8646
2361
5697
4653
1767
1158
7059
7278
8844
5382
6108
4518
6321
276
4251
4992
5763
5460
1440
6498
8982
1062
6369
1311
8799
4452
3951
6936
5793
3051
5127
6495
6468
1824
3207
8235
2985
1266
6513
3885
7707
4677
8403
5028
4956
4713
1020
2775
2229
3516
273
3267
4581
7698
5634
5436
3150
588
3372
999
3639
558
7497
1110
2382
1704
345
6423
4026
7917
1311
3789
3594
1770
8817
606
7539
1893
3384
771
5412
4713
4038
2049
3414
675
7485
7620
1263
2916
678
4902
3474
8175
7068
5856
1935
7416
4338
7017
6333
5649
1809
1983
8475
1626
3648
7017
3522
7032
7788
990
3801
3882
3039
8271
4557
2580
7950
6876
5496
8628
3837
8970
8859
1905
6885
1794
321
2223
8811
7710
8928
1620
1752
8403
3249
5400
7476
7827
4488
7320
8817
8289
2205
3912
8619
7818
6492
7569
6753
4047
8253
1590
4017
8112
3495
2958
906
4875
6237
1773
4641
7221
4452
6393
7683
8757
2793
6159
7584
7281
4482
8457
7629
7743
3369
8304
6561
1917
7929
4314
5964
7182
6960
2040
6294
1458
6054
8256
7389
3294
2085
3030
1515
6537
426
198
6294
4275
7416
5934
2559
2898
5391
2244
1641
816
1548
258
2736
477
5631
8700
7659
3591
2796
6009
6105
8853
6321
4494
3147
462
8583
5718
7002
9
6975
5352
4284
5391
2289
7899
345
7680
1143
3042
555
2691
3300
3291
4224
987
4047
3939
5637
7902
948
2742
7755
8325
8295
2958
8790
7878
8676
7848
7887
7707
5256
4227
4098
7545
4185
5499
7284
5328
8541
7839
78
3900
3186
5358
4887
8289
300
1524
7191
1248
5325
5946
1632
4620
960
2478
4554
1695
2382
4497
402
7638
8724
5559
6186
3909
2058
5526
1296
1602
5421
2430
5502
8607
7788
2445
8952
8088
3972
7146
1395
1353
5148
4083
7029
6111
6561
2583
7806
8943
7080
264
8637
7860
5823
6879
2772
7884
3405
5124
486
8826
8610
5988
489
7398
8433
1500
7545
4461
702
996
6870
5850
5079
4899
4017
2640
7482
3879
3639
5562
4146
4332
4425
969
2214
8253
8853
5619
5433
1395
6504
5043
8439
8049
4497
8931
1605
3042
4392
2307
4038
3321
216
1173
8220
4233
4869
7761
171
8508
5379
4317
3843
1860
6342
7113
1113
7254
4788
7602
8649
2292
4701
8091
2400
201
8022
4005
4299
4470
7371
396
8847
7587
1569
8070
3876
6441
7887
4047
7005
4266
420
2904
6129
6765
1017
8298
6075
5808
7959
6780
156
3660
5871
3612
3861
5949
7620
8163
2478
5991
615
3381
5634
2184
3507
510
681
2394
4560
7689
6663
4980
2649
4848
3801
3669
4146
876
1533
3105
7659
1689
7824
5586
5304
2685
3594
4980
2904
7128
3027
3519
1509
8661
6762
5019
171
7443
8469
5787
7188
6132
2826
840
3036
6627
5565
8241
8562
7098
3402
8277
843
2226
5919
7203
4914
513
4239
8874
8697
7266
4452
2265
7983
3270
8340
213
2769
7809
6000
960
6000
8826
2856
36
7512
8421
8277
7074
7575
2682
6351
474
4908
3270
7680
1878
4842
2919
2811
5595
2244
7263
7860
1227
2589
7200
2496
5358
6012
8499
7374
4068
381
1230
4104
7893
1707
3384
7023
1338
7122
4374
1815
3030
8703
495
5967
5601
4470
8778
2196
6714
8097
2115
0
1686
1371
2496
7044
7383
3051
5421
3507
4491
7707
7614
3384
417
3054
1410
1755
1176
6840
4626
5262
7599
5121
2229
4200
1650
3063
7455
8364
2160
570
420
4902
1941
3975
2949
1383
8082
426
4890
3573
189
4560
6960
1662
7614
426
4476
8790
7266
102
5055
6924
6282
8340
2124
7932
2406
1635
8352
4566
3261
8775
471
5205
4806
4476
7644
3888
5958
4590
8520
6147
153
7536
8868
7767
7962
4344
8616
7284
4446
4671
6264
1728
4011
8391
660
6417
2082
15
3042
5346
846
4569
2607
6708
45
1251
2652
7059
6897
2172
5262
7050
708
5130
6876
726
474
6492
69
4923
2163
6333
7707
7230
6780
8370
5706
8865
441
8748
6267
2343
4317
8874
51
5418
1125
2703
4533
8022
5934
795
7131
7698
5928
5007
483
6402
2499
1608
3381
5718
8997
2091
3948
6780
2517
1710
7701
2958
1458
6024
5301
6831
5898
6408
4305
8079
111
8838
8157
7101
636
6288
5802
7620
3351
6285
5022
5850
7893
8406
3624
7890
2553
7575
6726
5070
1341
6483
8028
2802
3507
5385
1689
405
2793
7053
540
3960
6891
8700
2064
8583
5988
8922
7203
342
6207
4284
7248
6156
4746
1875
5046
7299
1506
3831
3369
2847
2370
3453
6705
5880
8838
8397
7341
3687
7506
7884
7647
5397
7584
1767
6039
5628
1689
5298
5970
8952
582
5277
6108
5328
7152
3213
3627
714
8100
8052
4617
1470
2505
2325
7350
2343
2778
6750
7086
1284
5634
6792
7737
5274
8559
5832
1902
2307
2133
8931
3315
3771
5208
426
102
4416
4695
4785
5130
3795
4896
747
6321
7401
4128
4674
1803
6906
3480
8889
246
114
6681
42
5388
7299
5874
7290
1662
8007
7221
4977
2781
4485
5403
3939
8901
2154
780
6087
7005
5676
7893
4329
5136
3021
1059
6939
1986
4539
7884
3288
4653
5568
3330
2097
4923
207
1443
6585
270
8667
2562
4107
5208
24
8046
5112
2178
885
2199
1242
6561
1092
5571
3753
5172
6630
1692
8214
2169
579
2502
7878
7203
5835
975
4182
7098
2418
1767
7368
3141
5385
2478
8352
5409
2580
5520
8646
3465
7719
1944
2085
870
7515
5838
7098
6201
8589
6312
8370
1224
870
8304
483
6705
279
4665
4803
3753
6432
4230
7953
3873
7764
7305
1341
1344
3825
2043
5868
3600
3987
7953
5526
2502
5847
4680
8703
6492
1992
129
7716
2865
8433
8199
1626
768
4920
7488
5577
3408
3774
4530
7284
2538
3891
8625
3882
8772
1668
750
3375
5655
759
957
213
7665
5640
972
5157
8688
1101
4932
3609
1590
5187
5238
2358
1110
4782
7935
5574
8556
4524
3858
2094
8415
4539
7032
8190
7263
8841
3621
4974
600
5634
5187
321
2274
6159
6537
3021
8316
3525
6630
906
8712
3924
4320
1878
8706
3258
7455
318
8838
3369
2412
8253
7911
1503
8499
7230
1344
4176
3207
3000
813
450
3324
4143
7668
861
7164
6984
4386
5853
8949
5154
777
4269
7035
1542
8583
6546
2916
8421
1971
6387
8733
882
7890
8232
171
234
3411
3378
3234
5280
4884
6558
423
3552
8475
8646
2595
4917
5499
2544
1074
7332
7869
165
930
7455
7767
3849
7932
738
1236
7665
2679
126
6900
2850
360
2367
7284
4650
7647
3168
2211
126
6723
2742
8772
1374
7662
6327
4974
792
4662
3843
957
6648
3354
780
1497
2289
1518
3789
954
4197
3915
8910
8103
5331
3333
6387
984
3036
558
4251
3165
8337
8049
2937
1767
6711
267
6741
8559
5985
2640
1572
3633
5997
2352
5133
342
4929
978
2352
126
4896
3321
288
2283
6654
6675
4323
693
8289
630
3858
8682
8682
7851
2505
7449
174
246
7011
6159
3945
639
1851
942
2994
8040
2340
7923
18
4692
105
4914
69
393
8256
6726
8127
4635
8475
8472
5268
4389
213
6006
3240
2718
4455
4473
2967
3522
1632
7968
4164
3483
8910
8214
2523
3306
7137
2544
54
8298
8514
126
750
8826
6852
8877
4464
7383
405
1788
2772
618
7794
7068
3339
4305
2541
7362
8886
5232
6330
5106
771
7296
4320
4353
2658
3513
6897
2712
3867
7467
2838
4617
8352
1746
5550
3816
129
5958
5604
3957
6576
5454
2028
1971
759
5625
1389
645
1857
8775
6807
2631
8127
2127
8040
1785
6696
6993
4500
1566
5460
7338
7239
5868
87
3792
684
1272
750
7344
5232
8382
4854
8316
2412
5616
4941
3801
7317
7857
3579
5127
2544
3762
8310
1584
5550
7065
8577
1050
687
6093
444
7926
2964
531
2718
4704
2862
4524
4107
8094
3909
8961
7410
6321
6633
4407
2178
6009
4320
6813
3192
6864
1578
3558
8448
7128
1623
81
234
3366
6177
678
2295
1197
1212
6069
5901
4074
1596
2064
4224
6561
2028
3690
3882
717
153
7116
6726
4476
4932
918
2340
7566
4479
2847
5694
7158
3984
5928
1527
1161
6606
4878
3414
8874
1947
1374
5004
3543
3438
1284
2160
6522
4974
6042
7242
6186
5217
4968
1662
2205
6945
4002
771
3480
7905
7521
1638
2892
4449
3165
5109
3111
99
8526
4044
2049
900
1104
6648
4338
3447
8811
1863
477
6909
1161
6663
3126
6129
8325
5331
5130
4386
7158
8610
3291
5679
1251
6183
2184
5472
3351
5298
5574
2877
1398
8679
3777
3558
6327
171
7005
6138
3090
7485
5106
4251
5148
288
2439
4476
5622
7569
918
3780
7182
4209
1518
489
2451
3702
7017
5802
1056
4647
8679
2454
4326
4512
6015
2712
5739
5076
906
8832
3561
6012
4083
768
6303
7578
5244
3981
6150
6162
8817
5388
2427
1335
6933
4878
5040
6006
2736
6096
1656
3471
609
7038
7983
7680
750
5781
3756
1659
5613
7320
7671
1752
144
6030
333
6444
1011
7539
4662
831
4983
7089
3222
3972
4026
8262
978
6762
6417
2634
2292
7026
675
2331
5706
2481
8112
462
4140
4725
8838
3870
6480
8982
900
7869
6426
2970
7464
2088
4857
3447
1236
8079
8475
5262
7344
453
4080
4761
4146
6372
2787
5877
8706
549
8358
7818
1011
3501
4602
1908
8427
3138
1890
327
2007
375
4353
471
3519
210
4974
4755
8292
4449
1017
7692
5958
6156
4509
1104
3528
7296
6981
4290
8901
7398
3111
912
1899
7713
3876
2382
1851
6825
3765
4914
7200
8121
6441
1719
8331
3471
6477
8679
8976
8550
7371
5934
5706
2880
7041
1293
2232
6078
5583
2133
4476
8694
4104
7431
8463
7980
813
2370
6861
5637
8340
5061
4758
6837
7839
4089
1308
6372
4827
1284
5922
3198
8277
3687
6081
7374
4980
8313
4452
2619
2505
987
3372
6609
474
2835
6645
2346
6264
4509
7983
5604
1626
3741
4500
465
8886
5808
7893
4713
8151
5874
7914
7428
561
6051
5802
6597
6420
2310
216
