4000
4149
8658
2331
2745
11379
7005
4158
1476
1947
4263
7086
6081
2070
177
5289
5778
1620
10278
3516
11208
3633
10104
7701
1287
5346
4590
8586
3369
6201
9405
5787
11406
6066
9174
3207
6501
4179
7368
9033
6126
687
4119
1263
2757
5352
7611
9594
6972
6945
1110
7239
10578
273
2940
11868
5619
8586
9510
8988
3843
6915
2775
3252
981
1008
7515
8538
5187
3939
5571
372
5685
10746
1635
8442
4101
10302
7092
129
5250
9261
8424
3828
9534
11364
4752
4209
7953
2262
1197
11796
9180
5028
4104
11217
6036
678
7758
282
4617
2385
1710
10302
1134
4401
7803
6291
2706
3951
7476
7956
2268
3903
840
858
4323
5595
5067
1332
7857
7320
2187
6093
351
6291
5313
7443
8025
2127
8781
1701
5568
10491
1059
7758
2895
9918
2049
6657
1872
10584
2613
5196
2487
4509
6057
6810
10104
11124
8145
7020
6447
11388
2169
7854
6735
8538
4353
2763
10665
1137
4464
5292
684
5523
1050
3579
4500
3102
11292
6372
2742
2961
11568
5229
7473
6681
1095
5577
5808
10296
1653
1311
9684
3825
10221
4422
363
2574
7185
87
3711
705
5379
5454
7284
6429
9033
11784
10587
8328
7212
1329
11289
7839
7614
7818
2520
8712
2454
9384
8064
4107
11751
5751
8988
9972
11229
10410
549
7470
10497
5316
8175
4932
10770
4515
417
8862
5358
11007
6246
1626
1392
6591
10521
10065
2412
1044
7833
4866
11484
3897
10029
11238
10704
7020
10266
9933
5430
10815
5403
4983
5190
2634
9915
3960
8208
10332
1878
1566
10395
8124
4248
846
3774
2772
10911
6186
4872
7800
108
4356
11697
10137
4650
10404
6213
2919
9393
11643
2790
2799
5682
7980
6489
3597
11943
2697
2988
2877
5319
2439
11004
9570
3285
2778
1398
3252
10020
6270
11052
10128
10626
11808
9321
4335
11268
3537
7254
8661
4236
10044
516
10977
6027
7008
3630
7026
10761
6618
9903
5139
10116
9963
3765
2457
1797
5163
5712
11817
11433
5820
11001
11115
6684
9381
3450
5952
1974
11760
3672
7266
9807
4188
6243
4890
252
9876
11916
11016
5550
10875
4155
3666
9897
7920
6126
11694
2139
894
570
1572
7770
627
1743
2457
10008
5196
9465
11982
6012
1137
8307
3819
5328
2550
9765
5580
426
10737
5652
5979
9615
10863
10701
7512
7839
5883
8262
9978
6777
8832
606
3606
10518
2352
6063
8526
8604
4584
9567
2616
5724
5874
7494
108
8424
5259
6744
9909
3999
399
4944
2670
11262
4701
11238
7104
10587
7500
6138
5364
5391
6747
8970
3909
9099
4089
1491
6759
8676
11058
9375
3456
5988
5925
3564
3471
11187
10308
1380
4242
11763
7380
6912
84
81
6150
8244
10668
2706
2382
5091
8097
9129
3117
6
7284
7209
1500
2043
4941
1614
477
9453
7605
6402
1017
11076
6645
381
1512
10887
147
8892
6855
1287
10029
1005
9531
8700
3714
11913
2847
867
10101
5964
876
5385
2229
3432
8487
7170
5046
10020
4623
1707
5478
6696
783
126
7080
3351
69
8283
243
6927
9570
10275
8988
7101
8031
702
8070
10878
1572
6171
4842
3504
615
7074
6936
10158
3300
1038
8178
8982
2748
1656
4734
4587
2838
870
7941
2910
9153
9240
10893
7779
8571
7881
3936
5658
9642
1065
4536
270
7236
10437
4830
8907
6567
822
7065
10923
1860
4299
8961
5664
7014
1698
11310
9852
2568
7251
1818
780
5547
711
9615
3177
9651
1554
8835
8349
2619
1374
8619
10911
867
1449
7821
7434
2271
3942
7413
5187
9300
4377
10854
4314
6075
10164
3222
9699
6471
5043
10479
1074
6810
8097
4251
5517
10707
1089
1866
2382
3519
11541
1293
4386
2046
10170
876
5373
3171
9345
10563
471
1722
10473
5841
8853
9693
9063
7611
5220
3162
6090
6294
9975
3243
10548
4548
3006
693
6417
5388
4212
7014
7740
9654
9063
5910
11586
2436
10137
8931
2055
10608
11712
528
4449
9621
11277
2571
5232
4497
5733
381
11850
3708
4680
11454
9315
7689
147
3732
2133
5415
11802
9873
4125
8865
4842
4767
11304
2979
2754
2415
2646
2466
2946
8151
90
3279
10722
6378
7779
4458
6759
7629
9222
11442
8139
6537
7131
8286
11325
9264
2757
11130
8196
6882
9051
1038
705
9411
5073
3459
11829
7719
6984
2775
3873
8130
6054
3651
2508
2889
9165
9270
11574
6390
8712
7713
1983
4899
5055
2367
3219
7812
2553
11415
3750
11604
1509
4455
9018
6585
7917
8847
3360
2901
678
8289
11031
7788
11943
2595
10680
9108
11865
11310
4554
9633
7026
7596
3588
1137
9963
6810
8952
516
7281
702
120
9849
6216
10194
5490
3189
7041
8850
6090
7719
5142
6177
4566
6141
8772
3246
4305
9696
3612
8862
7329
11694
4458
10920
834
3477
6786
9786
5049
3123
11544
5169
972
6816
3366
6462
10005
11463
4371
4095
8241
9513
11328
807
3654
8103
5109
7959
5799
8721
5877
2184
8418
11391
2160
9252
3924
10002
8094
8973
1128
8694
2145
3156
3513
6567
10677
1518
6030
3048
6672
3327
1617
6000
4134
6327
3159
9243
3342
10014
5967
10278
201
3441
9669
2361
693
1596
366
9843
11625
2550
6537
1770
6762
10050
9393
5439
11571
4482
9543
6243
7809
11160
1299
11946
6543
4461
10245
9888
2475
4212
8166
2676
7653
6891
6096
9402
9543
7518
7245
9171
11124
1785
11997
5886
891
10449
11328
462
2931
9927
7761
11796
10146
9063
798
4689
2580
11046
3633
5055
3258
855
8790
11970
7749
3942
10428
6348
11460
5676
4575
10584
8517
4575
4470
9408
4080
4854
10929
7011
2784
7746
7863
930
5865
8664
6675
8445
7710
10311
2559
24
11166
11349
1050
7971
3291
11481
3378
3807
6213
7953
3447
2730
1584
7917
1194
5664
1830
1179
1731
5670
8928
9597
7656
2793
6261
2331
297
1971
1698
2856
3051
1923
2205
4104
9894
6552
3585
2328
11415
9798
10284
2862
1584
924
10779
3834
6591
1665
5016
8322
7335
3000
6975
2991
6849
1236
6381
7146
4263
8079
10002
7317
10002
1263
477
8955
8871
4062
11283
8286
2916
10623
11148
5556
11550
10986
10446
7197
651
3462
3519
9045
7518
11553
1092
2370
789
7473
9516
6111
4611
8577
2484
2613
9840
2961
11568
7770
7023
11910
4056
10995
10533
3207
4551
10083
3249
4053
6336
3900
7518
10914
2001
4092
10467
3096
6462
312
11625
5037
6423
4236
1614
8907
7908
510
11868
8532
8280
7947
8442
1395
6942
6978
5658
549
6117
8907
4605
456
1863
1179
11370
3867
6327
10893
8019
792
11205
7644
6885
5631
939
8499
3594
8847
10065
3465
5379
7404
468
2880
8799
8469
9858
3513
10074
5031
420
3735
6543
2283
5970
6969
6150
300
5862
3225
1092
6126
10872
7977
11757
867
5532
4407
9714
4653
8928
4149
57
9399
7029
9912
5868
5943
1425
4998
33
2901
8736
6576
5187
2706
2604
393
3006
9522
3621
5154
3648
3549
1131
4461
4416
7719
8871
3186
375
5799
8391
1488
4254
3423
459
11178
10422
2940
4179
10455
5844
915
6090
87
4677
8694
480
7686
7272
5157
840
10923
8706
3030
4440
2178
10749
2367
6420
11124
8169
2814
1671
1479
7293
2130
660
5715
5070
4839
4173
10914
6810
10263
11001
11487
8013
540
8229
3285
5697
9072
3264
3462
1158
7707
6696
11907
11130
1119
90
7299
4989
1761
9837
282
4947
10497
7053
10017
4392
11226
9990
258
10545
10047
11745
6558
11643
9033
10902
6399
7161
2166
9861
8319
10929
4557
8226
10062
6732
9372
6417
777
189
4254
1059
5136
3807
8115
4212
8199
8397
2202
8457
6945
1305
9261
2559
2007
7350
1461
8406
2511
4686
6267
10830
3615
11880
8112
2733
7671
5487
10209
8448
5676
2463
10566
10815
7329
7737
4083
4584
4134
7341
2100
135
8646
11361
2697
10653
7767
4158
7059
10278
8844
2382
9108
1518
3321
6276
4251
10992
11763
2460
7440
6498
5982
7062
6369
1311
2799
10452
6951
6936
5793
9051
8127
3495
9468
10824
3207
5235
2985
10266
3513
885
1707
1677
2403
5028
7956
7713
4020
8775
11229
516
3273
6267
7581
10698
8634
11436
9150
3588
6372
3999
639
3558
7497
10110
2382
10704
3345
6423
10026
7917
7311
789
9594
10770
5817
6606
7539
10893
3384
6771
11412
7713
1038
8049
6414
9675
7485
4620
1263
2916
9678
1902
6474
5175
1068
8856
4935
4416
4338
4017
333
11649
4809
10983
11475
10626
6648
7017
9522
10032
1788
9990
6801
3882
6039
2271
1557
2580
7950
3876
5496
5628
6837
11970
11859
7905
9885
4794
321
2223
8811
1710
2928
1620
1752
2403
249
8400
10476
10827
7488
1320
8817
2289
5205
3912
5619
7818
6492
1569
753
1047
8253
7590
1017
8112
3495
11958
906
4875
3237
10773
7641
7221
1452
9393
10683
2757
5793
9159
1584
1281
10482
11457
4629
4743
3369
11304
561
10917
1929
1314
11964
10182
9960
2040
6294
1458
3054
8256
7389
6294
8085
3030
1515
9537
426
198
294
7275
10416
2934
8559
8898
2391
2244
1641
6816
1548
3258
5736
3477
5631
5700
1659
3591
8796
9009
6105
11853
6321
1494
6147
3462
5583
8718
1002
6009
9975
2352
1284
8391
5289
10899
6345
7680
1143
9042
3555
2691
300
9291
7224
6987
4047
9939
11637
1902
6948
5742
1755
2325
8295
8958
5790
1878
5676
7848
7887
4707
11256
10227
1098
4545
10185
8499
1284
11328
5541
4839
3078
6900
3186
11358
1887
8289
9300
1524
10191
4248
8325
11946
7632
4620
9960
2478
7554
4695
11382
4497
9402
10638
2724
11559
3186
909
8058
5526
1296
1602
11421
5430
8502
2607
4788
11445
11952
2088
972
10146
7395
10353
11148
4083
4029
9111
6561
11583
1806
5943
4080
264
5637
7860
11823
9879
8772
7884
3405
11124
9486
2826
5610
5988
6489
10398
5433
7500
1545
7461
6702
9996
6870
5850
2079
10899
4017
8640
10482
6879
3639
2562
7146
10332
10425
6969
8214
8253
2853
11619
8433
1395
3504
2043
8439
11049
1497
2931
7605
3042
10392
2307
1038
6321
9216
4173
5220
1233
1869
4761
9171
5508
8379
4317
3843
7860
342
1113
4113
4254
1788
1602
5649
5292
4701
2091
5400
6201
5022
1005
10299
4470
4371
396
11847
1587
4569
5070
3876
6441
10887
1047
1005
7266
6420
5904
3129
6765
7017
8298
75
8808
10959
6780
3156
3660
8871
9612
9861
2949
10620
8163
8478
2991
9615
9381
5634
2184
3507
9510
9681
2394
10560
10689
9663
4980
5649
1848
801
669
10146
876
10533
9105
7659
1689
1824
5586
11304
11685
9594
10980
8904
7128
3027
6519
4509
8661
9762
8019
6171
7443
11469
5787
7188
9132
11826
840
36
627
2565
11241
2562
1098
9402
11277
3843
11226
5919
4203
10914
3513
4239
8874
11697
7266
4452
5265
4983
3270
2340
213
11769
1809
6000
6960
0
5826
8856
36
7512
11421
11277
10074
1575
8682
9351
6474
7908
3270
10680
7878
7842
2919
5811
8595
11244
10263
1860
4227
2589
4200
5496
2358
6012
11499
10374
7068
6381
7230
7104
1893
7707
6384
1023
10338
4122
10374
4815
30
2703
3495
8967
11601
7470
2778
8196
6714
2097
11115
0
4686
4371
5496
7044
10383
6051
5421
6507
1491
1707
1614
3384
9417
9054
4410
7755
1176
3840
1626
2262
7599
5121
11229
7200
1650
3063
4455
8364
5160
3570
9420
10902
7941
3975
5949
7383
11082
426
1890
573
3189
4560
3960
1662
1614
9426
10476
2790
1266
102
5055
9924
6282
5340
5124
7932
8406
10635
5352
1566
3261
2775
471
11205
7806
7476
7644
6888
8958
10590
8520
147
3153
1536
2868
4767
10962
1344
8616
1284
1446
1671
264
7728
7011
5391
3660
3417
5082
9015
6042
8346
846
7569
8607
9708
3045
4251
5652
1059
3897
2172
2262
7050
3708
5130
876
3726
6474
9492
6069
7923
11163
6333
4707
7230
780
8370
11706
5865
6441
5748
3267
8343
1317
11874
6051
5418
4125
11703
7533
8022
2934
9795
4131
7698
2928
5007
483
9402
2499
7608
6381
2718
2997
11091
9948
3780
8517
10710
10701
2958
4458
3024
11301
6831
2898
6408
1305
8079
6111
8838
5157
10101
6636
9288
5802
10620
3351
6285
8022
5850
1893
2406
9624
4890
2553
7575
9726
11070
7341
9483
2028
11802
507
2385
7689
3405
8793
10053
540
3960
6891
5700
2064
2583
2988
8922
1203
6342
3207
10284
1248
6156
1746
10875
11046
4299
7506
9831
3369
2847
8370
6453
3705
8880
8838
11397
1341
6687
10506
1884
10647
5397
7584
1767
9039
11628
10689
11298
5970
2952
9582
8277
9108
11328
7152
9213
3627
3714
8100
8052
7617
4470
2505
11325
1350
11343
11778
3750
7086
10284
5634
6792
4737
2274
8559
2832
1902
8307
2133
8931
315
771
5208
9426
102
1416
7695
4785
5130
3795
1896
747
9321
4401
1128
10674
4803
906
3480
11889
246
9114
6681
6042
11388
4299
8874
1290
1662
11007
10221
1977
11781
4485
11403
939
5901
8154
6780
87
1005
8676
1893
10329
2136
3021
10059
6939
4986
1539
7884
6288
10653
2568
330
11097
7923
9207
1443
9585
9270
11667
11562
10107
5208
24
11046
11112
8178
6885
11199
10242
3561
1092
8571
6753
5172
6630
1692
11214
8169
9579
5502
7878
1203
5835
6975
10182
4098
8418
7767
1368
9141
8385
11478
2352
8409
11580
2520
5646
6465
1719
4944
11085
3870
1515
5838
10098
9201
8589
9312
5370
7224
3870
2304
9483
9705
9279
7665
1803
6753
3432
4230
4953
873
4764
7305
10341
4344
9825
5043
11868
600
9987
10953
5526
11502
5847
4680
8703
3492
1992
3129
10716
5865
5433
8199
4626
3768
4920
7488
11577
9408
774
4530
10284
5538
891
8625
9882
11772
1668
9750
375
11655
9759
6957
213
4665
11640
9972
8157
2688
1101
7932
9609
7590
5187
2238
11358
10110
10782
10935
8574
11556
4524
6858
5094
5415
4539
4032
5190
7263
2841
6621
7974
600
2634
8187
6321
2274
6159
3537
6021
8316
525
3630
3906
5712
6924
4320
4878
5706
3258
1455
6318
8838
9369
11412
2253
1911
4503
8499
10230
7344
4176
6207
9000
6813
3450
3324
10143
10668
6861
4164
6984
7386
8853
11949
2154
3777
4269
7035
10542
8583
9546
5916
5421
7971
6387
8733
9882
10890
5232
9171
6234
9411
3378
3234
5280
7884
6558
3423
6552
2475
8646
2595
10917
5499
2544
1074
10332
7869
9165
9930
4455
7767
3849
10932
3738
10236
7665
2679
9126
900
11850
3360
11367
4284
7650
4647
168
2211
9126
6723
5742
5772
10374
4662
327
1974
6792
10662
9843
3957
9648
3354
780
1497
2289
4518
789
9954
7197
9915
11910
8103
2331
333
387
9984
6036
558
1251
3165
8337
8049
8937
7767
711
9267
9741
8559
8985
8640
1572
6633
11997
2352
8133
3342
7929
9978
2352
3126
7896
3321
288
11283
3654
675
10323
9693
2289
630
858
11682
8682
10851
8505
10449
9174
6246
7011
6159
3945
9639
1851
3942
11994
11040
8340
7923
9018
10692
105
4914
3069
393
5256
6726
2127
4635
5475
5472
5268
7389
6213
3006
6240
2718
1455
4473
8967
9522
10632
1968
7164
483
5910
8214
11523
3306
4137
8544
3054
5298
2514
6126
6750
8826
852
8877
1464
7383
3405
7788
2772
9618
10794
10068
339
1305
2541
10362
11886
2232
330
8106
3771
7296
4320
4353
11658
9513
897
2712
3867
4467
8838
10617
2352
10746
8550
3816
6129
11958
11604
9957
9576
11454
8028
10971
759
11625
10389
645
1857
11775
9807
5631
8127
2127
11040
7785
696
993
10500
4566
5460
7338
4239
8868
6087
792
684
1272
750
1344
11232
11382
1854
8316
11412
2616
7941
9801
4317
10857
9579
2127
5544
6762
5310
4584
2550
7065
5577
1050
687
93
9444
4926
8964
3531
5718
10704
5862
7524
1107
5094
6909
2961
1410
6321
6633
10407
5178
9
10320
3813
3192
3864
10578
9558
8448
1128
4623
3081
3234
6366
3177
678
11295
1197
4212
6069
11901
10074
1596
2064
4224
9561
5028
6690
3882
717
6153
10116
726
4476
1932
3918
8340
1566
1479
5847
2694
7158
9984
5928
1527
1161
6606
1878
3414
11874
7947
4374
11004
9543
6438
4284
8160
522
10974
42
1242
6186
11217
1968
10662
2205
6945
7002
3771
9480
1905
7521
4638
11892
1449
6165
2109
9111
9099
5526
10044
5049
9900
10104
3648
4338
3447
11811
4863
3477
909
7161
9663
126
9129
8325
2331
5130
4386
7158
2610
6291
2679
7251
6183
5184
2472
9351
2298
11574
2877
1398
5679
777
558
9327
6171
4005
9138
90
7485
11106
7251
5148
288
5439
1476
2622
10569
6918
9780
1182
1209
1518
9489
8451
6702
1017
5802
10056
1647
8679
11454
7326
10512
15
5712
5739
5076
3906
5832
561
3012
1083
6768
3303
7578
8244
6981
6150
3162
5817
8388
5427
7335
6933
1878
2040
9006
8736
96
10656
6471
609
7038
4983
1680
750
11781
6756
4659
5613
7320
7671
7752
3144
30
3333
444
7011
10539
4662
831
7983
10089
9222
3972
1026
11262
978
9762
417
11634
5292
1026
6675
11331
2706
8481
11112
9462
1140
4725
5838
9870
480
8982
9900
4869
9426
5970
4464
2088
7857
447
1236
5079
5475
2262
4344
6453
1080
4761
7146
6372
5787
2877
5706
9549
11358
4818
7011
501
10602
1908
11427
138
10890
9327
5007
9375
4353
9471
519
210
10974
1755
5292
4449
4017
10692
11958
6156
4509
7104
528
10296
9981
7290
8901
10398
111
3912
10899
10713
6876
11382
10851
6825
9765
4914
4200
2121
3441
4719
2331
3471
6477
8679
8976
11550
7371
8934
5706
11880
4041
7293
11232
3078
2583
8133
1476
2694
1104
1431
2463
7980
813
2370
3861
11637
8340
8061
1758
837
1839
4089
4308
9372
1827
1284
8922
9198
11277
3687
9081
4374
10980
8313
7452
2619
5505
9987
6372
6609
474
8835
3645
2346
264
7509
1983
8604
4626
3741
10500
6465
8886
2808
4893
10713
5151
2874
7914
4428
6561
6051
8802
6597
3420
5310
9216
9981
4353
3588
5646
4830
1482
9294
7176
1746
5859
9159
11406
11541
1956
10962
7065
10842
1773
11958
10614
7980
2832
7584
1464
10449
1635
10266
6102
6111
4632
3321
4095
8988
7965
9741
1818
9447
8091
10050
249
3006
7209
714
2550
9165
11676
9615
9063
2505
9573
8733
10485
1464
4317
11949
969
7008
11271
7074
2178
3906
10395
6273
1950
6360
5070
4824
4866
1164
2874
6171
4170
10083
6885
6720
8304
7620
5391
6423
10125
4023
3159
9669
5487
8532
10674
6456
4599
9948
1530
6777
2910
981
1050
5916
8400
6120
10740
2322
8340
1614
8493
513
11697
4437
8289
9057
57
1683
4536
11238
6762
8751
8907
249
5286
7584
7761
9885
6588
10350
4662
9498
387
6768
3414
8787
888
2154
165
10287
4824
8661
10800
4521
2154
8145
2634
2211
10884
7170
2505
5646
3924
11415
6951
10266
8055
3771
9207
2643
2121
1869
1197
2508
8637
5667
354
10581
7821
519
8868
645
10236
8724
6222
390
5928
9912
3657
5868
6138
6165
11517
11118
6636
7524
9384
2691
11295
6591
6390
1416
9516
7587
4983
7209
1254
6393
6849
10131
7968
4773
11832
6207
2556
7110
7653
8484
6078
369
2352
216
7590
2925
11337
3282
10452
9777
5973
9747
5427
1419
222
2943
9006
5205
11211
11316
11598
6060
10503
8622
10833
10335
2829
2445
6501
11541
10929
579
966
2340
1851
9612
6321
1188
894
4773
24
6867
3579
5451
8286
3801
9450
6348
10062
8661
6720
10716
3777
5223
7338
3669
4614
11226
6114
11115
10767
5046
750
789
8442
2601
10401
2763
4848
11295
8595
4872
7218
174
10323
4560
3975
7773
11964
2037
5493
6684
753
9270
11907
8091
939
5577
8373
7056
5748
8196
1158
6498
8985
9600
10155
8442
1419
3003
7737
10014
8931
4011
10188
7254
8571
3219
4086
8535
6312
9579
4275
8121
7905
5238
4215
8847
10815
1644
4959
5619
9843
6117
117
6828
4773
11331
3273
6192
3390
66
5265
324
4080
3453
7578
1707
7731
720
10245
2043
10299
3576
10167
6207
8817
3438
4110
8688
5082
9069
2310
2925
4242
3483
10812
9015
2814
2085
4263
6207
3207
9528
6531
7287
2040
3165
8997
9771
3888
8298
11814
3243
11874
11037
10506
9747
2475
3672
6438
8616
741
8748
11541
4983
231
10353
3054
3048
1494
7320
10311
4704
4848
5898
1047
6888
9063
10044
5715
2007
7398
6588
5253
8331
5625
4815
6078
9159
8490
516
5775
10287
9264
5316
4329
10554
4728
7383
2658
7278
2703
969
11982
8610
6867
2088
4554
4986
1188
10272
6996
8589
4860
1305
4920
11541
7176
54
8700
3666
1629
2475
3012
11949
8850
7341
10503
2634
2724
1161
9912
6486
3186
10953
3096
10053
1041
8706
4098
2229
6978
150
11874
894
2511
5850
1494
9687
5907
10194
2412
7536
1728
5424
8541
11634
765
7047
3324
3489
8208
2292
11031
453
1245
2127
11562
3342
10836
3660
6630
6870
3810
6504
8823
6321
1413
10317
5067
7320
9567
7479
3912
351
1959
453
1041
2724
8556
4365
7269
5823
7716
6303
6276
10017
9486
5838
1362
9378
10557
9048
5307
2367
3552
2130
9747
4965
1503
3870
1341
126
11349
6309
1536
2364
7821
3633
5088
5433
9057
1413
11256
4773
8772
6588
2790
6261
429
5208
4695
10986
2256
10002
2409
6867
1188
1212
888
2691
5082
3288
3876
5487
9597
6468
7851
6474
10101
1995
966
7158
3411
222
11931
183
6813
2724
7500
8298
8988
198
8340
11247
10200
11805
6114
11391
1020
7002
3138
7158
10290
8070
648
8946
2538
9555
4476
642
11553
5442
8856
4020
6723
8790
5259
2592
570
762
10890
9558
2016
8286
9861
216
8091
3975
663
10167
10980
4860
5328
10326
930
5976
7272
4527
4587
807
6225
4140
6249
3081
8160
972
927
1422
3564
1497
3240
3510
114
5256
11796
9975
6528
8946
1953
7194
7113
1989
1110
441
1371
3096
7473
9702
7623
63
10509
1848
5259
5814
5988
2478
6789
6915
4956
11409
9471
8196
3978
9585
2508
3774
7560
9036
1776
10569
5286
8892
1614
6396
10389
4044
9495
6921
1746
6174
6984
1311
9081
1299
7125
3069
3777
2970
9984
8733
3438
7455
5985
7416
6096
8493
246
2715
6588
2025
1284
11874
10917
3957
7329
10362
8001
5880
5283
10803
1110
1323
114
10191
2625
7239
1260
7458
11268
303
4194
2706
8814
11235
10122
3969
8787
10368
6684
3375
393
9024
4305
366
2037
690
10731
10038
6570
5070
8841
8739
6396
10011
6930
9021
5253
9249
4479
4521
10608
9729
7227
8478
8967
6405
447
5754
4773
7131
10185
5169
5214
2490
6591
7251
4239
5322
6348
11865
10395
4245
8604
5847
2259
3537
2868
8568
1842
8403
2145
450
7191
10428
8928
5214
4833
9378
24
9606
5565
10209
3831
10779
1755
10425
6033
5994
4803
381
6918
4254
4626
3522
10101
7941
7059
969
4509
8901
10431
6654
10407
6678
5082
7338
11892
9915
5772
11916
8580
11337
11181
411
11175
1992
11892
5208
9045
4698
6645
3963
8952
327
7485
7056
8271
3603
9081
780
1560
8568
8493
11970
3246
1575
8364
3138
549
2136
4110
9129
1473
4347
10596
648
7398
10491
6912
4443
3189
2613
9462
1197
2943
6003
8253
270
9606
6393
2106
225
2961
10599
195
6210
1233
9615
10404
2838
11751
3573
11967
2280
8976
11619
3987
4374
10110
10899
9873
2355
2571
8391
4611
6570
2397
864
6840
1059
8313
10002
1284
11277
9660
2535
6543
11949
150
6003
2787
957
9576
3810
3240
7611
3429
7227
1041
2598
7182
10917
6009
10809
8364
10620
5379
10761
543
1275
11823
8856
336
2163
9189
9996
4701
3732
9945
5907
9738
732
6867
8370
4542
11163
3981
9027
6390
5025
11625
2628
4998
6693
1440
1362
5313
7875
126
6912
10209
1005
3771
10545
3168
2016
8541
8925
5751
7542
2835
3489
8274
10758
11859
1872
9921
3843
10899
5367
9924
11583
9051
2922
6276
11547
4284
645
7425
