5000
13149
2658
8331
5745
8379
10005
1158
1476
4947
4263
7086
81
11070
177
8289
11778
1620
10278
12516
2208
633
1104
7701
4287
2346
4590
8586
369
12201
9405
11787
14406
12066
9174
9207
9501
4179
10368
33
9126
3687
7119
13263
14757
11352
10611
594
12972
9945
13110
4239
10578
3273
11940
14868
5619
5586
12510
5988
6843
6915
2775
6252
3981
1008
4515
2538
5187
3939
2571
3372
11685
13746
1635
11442
10101
1302
1092
12129
11250
3261
5424
6828
6534
2364
10752
1209
7953
8262
7197
14796
180
14028
10104
8217
36
3678
10758
9282
7617
2385
1710
4302
1134
7401
4803
291
8706
9951
1476
4956
2268
6903
840
12858
13323
11595
14067
10332
4857
10320
14187
9093
9351
9291
2313
13443
2025
2127
11781
13701
8568
13491
7059
13758
5895
918
14049
3657
10872
4584
8613
2196
11487
13509
57
9810
10104
14124
5145
4020
9447
8388
2169
7854
6735
8538
10353
8763
10665
7137
7464
8292
9684
14523
7050
579
4500
6102
8292
372
14742
5961
2568
11229
4473
6681
10095
14577
5808
4296
7653
4311
12684
9825
1221
4422
3363
11574
13185
3087
3711
9705
11379
2454
13284
3429
3033
2784
13587
11328
7212
13329
2289
13839
13614
10818
5520
8712
14454
384
2064
7107
8751
14751
5988
9972
8229
13410
6549
10470
1497
14316
5175
1932
1770
7515
9417
8862
14358
8007
9246
10626
10392
591
13521
13065
11412
4044
10833
10866
8484
12897
7029
2238
1704
13020
1266
9933
11430
7815
5403
1983
11190
14634
3915
12960
11208
13332
10878
10566
10395
5124
10248
9846
9774
8772
7911
6186
1872
7800
6108
10356
5697
13137
1650
7404
213
2919
6393
11643
14790
11799
2682
10980
489
6597
8943
11697
8988
8877
11319
8439
14004
6570
3285
8778
4398
252
4020
6270
8052
10128
1626
2808
12321
7335
14268
12537
10254
5661
13236
10044
6516
4977
6027
7008
630
4026
7761
9618
12903
8139
7116
963
3765
14457
13797
8163
14712
2817
14433
11820
2001
5115
3684
3381
12450
2952
4974
11760
12672
7266
6807
4188
12243
1890
252
12876
5916
8016
11550
7875
1155
3666
12897
4920
3126
11694
2139
6894
3570
1572
7770
9627
10743
11457
13008
8196
3465
2982
9012
1137
14307
819
5328
11550
6765
5580
9426
1737
2652
5979
9615
7863
13701
7512
1839
5883
8262
3978
12777
11832
9606
9606
10518
5352
6063
8526
2604
13584
567
11616
14724
14874
1494
9108
11424
8259
3744
9909
9999
6399
4944
8670
14262
7701
5238
1104
13587
13500
9138
11364
14391
3747
5970
9909
9099
1089
7491
759
14676
8058
12375
3456
11988
2925
12564
12471
11187
1308
7380
10242
11763
1380
3912
84
9081
9150
5244
7668
11706
14382
8091
11097
3129
3117
6006
1284
4209
13500
2043
7941
10614
3477
453
7605
6402
13017
5076
6645
3381
1512
1887
147
2892
9855
4287
1029
4005
9531
8700
714
8913
5847
867
1101
8964
6876
2385
2229
9432
8487
10170
5046
1020
10623
1707
11478
12696
6783
3126
1080
12351
9069
5283
243
3927
9570
1275
11988
4101
14031
12702
2070
4878
13572
3171
13842
9504
9615
1074
3936
7158
300
13038
8178
14982
14748
4656
1734
10587
11838
6870
7941
5910
12153
12240
13893
10779
2571
10881
3936
5658
12642
10065
10536
270
13236
13437
13830
11907
3567
6822
4065
7923
4860
1299
11961
8664
10014
13698
8310
6852
5568
1251
1818
6780
2547
711
6615
9177
651
10554
14835
2349
5619
10374
2619
7911
12867
1449
4821
1434
8271
12942
13413
2187
3300
10377
10854
13314
9075
4164
9222
3699
9471
11043
10479
1074
810
2097
10251
5517
1707
10089
7866
11382
9519
14541
4293
7386
5046
13170
12876
2373
171
345
4563
3471
10722
4473
5841
8853
12693
63
1611
11220
162
12090
12294
975
3243
7548
10548
9006
6693
3417
5388
1212
7014
13740
12654
12063
11910
14586
14436
1137
14931
8055
4608
14712
12528
10449
12621
14277
14571
14232
10497
14733
381
11850
708
7680
8454
315
1689
147
3732
11133
5415
14802
9873
7125
11865
10842
10767
11304
11979
14754
8415
5646
14466
5946
5151
12090
9279
4722
378
4779
4458
759
1629
9222
8442
14139
9537
10131
14286
2325
6264
8757
2130
5196
882
3051
1038
705
3411
2073
459
11829
7719
3984
2775
12873
5130
12054
6651
5508
5889
165
6270
11574
9390
14712
10713
7983
13899
14055
14367
9219
7812
5553
14415
12750
8604
4509
13455
12018
6585
13917
8847
3360
2901
678
5289
8031
1788
11943
2595
7680
12108
8865
8310
10554
12633
4026
7596
588
7137
6963
9810
14952
12516
13281
12702
6120
6849
216
7194
2490
3189
1041
5850
6090
1719
11142
3177
7566
12141
5772
246
13305
3696
12612
8862
1329
5694
1458
1920
12834
12477
786
12786
14049
3123
14544
5169
9972
3816
12366
12462
7005
2463
7371
13095
8241
3513
5328
807
654
11103
5109
13959
14799
2721
11877
5184
8418
2391
11160
6252
3924
1002
8094
2973
4128
11694
8145
3156
513
9567
4677
7518
12030
12048
9672
9327
4617
0
10134
9327
159
243
12342
4014
2967
13278
9201
441
669
5361
6693
4596
6366
3843
11625
14550
537
4770
6762
1050
3393
11439
8571
4482
12543
3243
13809
2160
7299
8946
543
7461
13245
12888
11475
1212
11166
5676
1653
891
96
12402
9543
10518
1245
6171
14124
1785
14997
5886
6891
7449
2328
462
11931
3927
7761
14796
10146
63
12798
10689
11580
11046
12633
8055
12258
12855
2790
2970
13749
6942
4428
12348
2460
5676
7575
1584
11517
7575
7470
3408
4080
13854
7929
1011
2784
4746
4863
12930
8865
2664
12675
5445
13710
10311
2559
24
8166
5349
7050
10971
12291
11481
12378
3807
6213
4953
9447
2730
1584
1917
10194
5664
4830
7179
10731
11670
11928
597
13656
5793
3261
11331
297
1971
10698
2856
6051
7923
8205
13104
3894
9552
9585
5328
2415
798
10284
11862
7584
924
13779
6834
6591
7665
14016
2322
4335
0
6975
2991
9849
10236
3381
10146
1263
14079
13002
7317
7002
10263
9477
14955
8871
4062
5283
11286
8916
4623
8148
5556
5550
10986
1446
1197
3651
462
3519
12045
4518
14553
4092
14370
9789
7473
9516
111
10611
11577
11484
2613
6840
5961
2568
4770
10023
11910
1056
7995
1533
9207
13551
7083
9249
4053
12336
12900
4518
4914
14001
13092
4467
3096
12462
3312
14625
11037
3423
10236
7614
14907
1908
3510
5868
8532
8280
4947
5442
13395
12942
6978
11658
549
3117
5907
4605
456
7863
13179
5370
6867
327
13893
14019
12792
2205
13644
12885
5631
12939
5499
9594
14847
13065
465
8379
10404
9468
2880
8799
11469
9858
9513
1074
2031
420
9735
6543
8283
11970
969
150
12300
14862
3225
10092
6126
1872
7977
11757
3867
2532
10407
3714
4653
14928
1149
57
9399
4029
12912
5868
2943
7425
10998
9033
11901
5736
576
5187
2706
5604
9393
6
9522
12621
14154
648
3549
7131
1461
7416
13719
11871
186
3375
11799
5391
7488
10254
9423
9459
5178
1422
5940
1179
10455
2844
6915
90
12087
13677
5694
6480
13686
4272
8157
12840
4923
11706
9030
10440
8178
7749
11367
12420
11124
8169
2814
7671
7479
1293
2130
12660
2715
8070
13839
13173
10914
9810
13263
8001
8487
8013
3540
11229
12285
11697
9072
6264
12462
7158
1707
9696
14907
2130
7119
90
10299
13989
7761
6837
282
13947
4497
7053
7017
7392
5226
6990
6258
7545
4047
14745
558
11643
33
1902
12399
13161
8166
9861
5319
13929
4557
5226
1062
732
9372
417
3777
6189
7254
4059
5136
807
11115
1212
8199
5397
8202
14457
12945
1305
3261
2559
2007
7350
4461
14406
5511
1686
9267
10830
615
2880
5112
5733
7671
14487
10209
11448
5676
2463
4566
10815
7329
4737
1083
4584
10134
13341
8100
12135
14646
11361
14697
1653
7767
4158
1059
13278
5844
14382
9108
10518
6321
3276
1251
13992
2763
11460
10440
12498
2982
4062
12369
10311
8799
13452
3951
3936
11793
12051
5127
495
12468
4824
6207
5235
8985
7266
3513
3885
10707
1677
14403
2028
4956
4713
1020
11775
5229
516
9273
12267
4581
10698
11634
2436
9150
588
6372
9999
12639
558
10497
10110
5382
1704
345
3423
13026
7917
7311
12789
9594
10770
14817
3606
4539
4893
384
9771
5412
13713
7038
14049
9414
3675
1485
7620
4263
11916
6678
1902
12474
2175
1068
2856
7935
1416
10338
10017
9333
2649
7809
7983
2475
7626
648
7017
12522
1032
1788
6990
3801
12882
6039
2271
1557
11580
13950
9876
8496
5628
837
5970
11859
1905
12885
4794
3321
8223
14811
1710
14928
7620
13752
2403
249
14400
13476
1827
4488
4320
8817
8289
2205
3912
14619
7818
492
13569
6753
13047
8253
7590
4017
5112
9495
5958
9906
1875
3237
13773
7641
7221
10452
6393
13683
14757
5793
12159
1584
10281
1482
14457
7629
7743
3369
11304
561
7917
13929
7314
5964
7182
3960
14040
12294
13458
9054
11256
4389
12294
14085
12030
4515
9537
3426
3198
9294
13275
4416
14934
8559
5898
14391
5244
13641
6816
1548
3258
14736
477
14631
5700
7659
3591
8796
9009
6105
2853
9321
10494
147
12462
11583
8718
7002
9
975
5352
13284
5391
5289
10899
345
4680
1143
3042
555
2691
6300
291
7224
9987
10047
3939
2637
7902
12948
8742
10755
11325
8295
14958
8790
4878
8676
4848
4887
13707
14256
7227
4098
4545
7185
8499
13284
8328
11541
13839
78
6900
3186
11358
1887
2289
300
4524
10191
13248
2325
5946
13632
10620
9960
11478
4554
7695
5382
13497
6402
4638
5724
14559
9186
12909
8058
11526
10296
4602
14421
14430
11502
2607
10788
2445
8952
11088
6972
4146
13395
13353
14148
1083
13029
9111
12561
2583
1806
2943
1080
12264
11637
10860
11823
9879
8772
4884
6405
8124
9486
5826
11610
5988
12489
7398
8433
10500
7545
4461
3702
9996
6870
2850
11079
4899
1017
8640
7482
6879
639
8562
4146
1332
4425
969
11214
2253
5853
2619
14433
4395
12504
11043
14439
14049
7497
11931
13605
42
1392
2307
10038
12321
9216
10173
2220
10233
7869
13761
6171
8508
11379
10317
9843
4860
342
10113
7113
10254
1788
10602
14649
14292
10701
14091
2400
3201
11022
1005
7299
1470
7371
6396
2847
1587
1569
5070
876
9441
7887
7047
7005
4266
6420
5904
9129
6765
1017
5298
6075
2808
4959
9780
6156
660
8871
12612
3861
8949
13620
11163
14478
5991
6615
6381
11634
8184
507
12510
6681
8394
4560
13689
12663
10980
8649
10848
6801
9669
1146
12876
1533
6105
7659
7689
10824
5586
5304
14685
3594
7980
14904
7128
3027
6519
13509
14661
3762
14019
12171
10443
11469
5787
13188
9132
5826
6840
9036
12627
5565
14241
14562
7098
9402
11277
3843
5226
5919
13203
4914
9513
10239
8874
5697
13266
4452
8265
1983
12270
11340
3213
11769
7809
9000
9960
6000
14826
5856
36
1512
11421
14277
1074
7575
8682
12351
474
13908
3270
13680
7878
1842
8919
5811
11595
11244
10263
4860
13227
11589
1200
5496
8358
9012
14499
7374
4068
3381
13230
4104
4893
13707
3384
10023
10338
1122
7374
10815
30
14703
9495
11967
5601
7470
2778
2196
3714
2097
11115
6000
13686
1371
11496
7044
10383
51
14421
3507
7491
1707
7614
12384
417
54
7410
10755
1176
3840
10626
5262
7599
5121
2229
13200
1650
9063
4455
5364
11160
570
420
13902
1941
975
5949
1383
5082
9426
4890
12573
189
1560
9960
4662
1614
6426
4476
2790
10266
102
8055
6924
9282
14340
5124
10932
8406
13635
5352
4566
3261
5775
3471
5205
10806
13476
10644
888
11958
4590
2520
12147
6153
1536
5868
7767
7962
10344
14616
7284
10446
7671
3264
4728
7011
8391
660
417
11082
6015
9042
14346
846
1569
8607
708
45
4251
5652
1059
12897
8172
2262
4050
9708
8130
876
6726
3474
492
3069
13923
8163
6333
7707
4230
3780
8370
8706
14865
3441
2748
3267
8343
4317
11874
9051
8418
1125
14703
13533
14022
11934
795
7131
10698
8928
8007
6483
12402
8499
13608
381
5718
8997
8091
9948
12780
5517
7710
1701
8958
10458
9024
2301
3831
5898
408
1305
11079
111
14838
14157
1101
636
6288
11802
13620
3351
3285
11022
11850
1893
11406
6624
10890
8553
1575
12726
14070
13341
3483
8028
8802
12507
14385
1689
3405
14793
7053
3540
3960
6891
2700
5064
11583
8988
5922
10203
12342
9207
10284
13248
156
10746
4875
11046
4299
10506
12831
3369
8847
5370
453
6705
2880
14838
8397
10341
3687
4506
13884
7647
11397
1584
1767
12039
14628
7689
11298
11970
5952
6582
14277
6108
2328
4152
6213
6627
3714
8100
14052
1617
13470
14505
8325
1350
14343
5778
750
7086
10284
14634
3792
10737
5274
5559
11832
4902
2307
8133
5931
12315
3771
5208
3426
6102
13416
13695
1785
2130
6795
4896
3747
9321
4401
1128
10674
7803
6906
480
14889
6246
114
3681
6042
5388
13299
2874
10290
4662
11007
1221
1977
14781
10485
5403
9939
8901
8154
780
87
4005
5676
7893
13329
14136
9021
13059
6939
4986
13539
10884
288
13653
14568
6330
8097
1923
9207
7443
6585
9270
8667
8562
13107
8208
3024
8046
2112
11178
12885
2199
4242
3561
10092
2571
6753
8172
630
13692
2214
14169
9579
2502
1878
13203
8835
9975
4182
7098
2418
10767
1368
141
8385
14478
8352
11409
11580
14520
11646
9465
1719
4944
2085
870
7515
8838
13098
12201
11589
312
11370
10224
6870
2304
12483
705
12279
1665
7803
3753
12432
13230
7953
9873
1764
1305
10341
13344
825
11043
11868
6600
987
13953
11526
8502
11847
13680
5703
12492
13992
6129
7716
5865
8433
5199
10626
9768
10920
7488
2577
12408
9774
10530
7284
11538
891
2625
9882
5772
13668
6750
12375
14655
9759
12957
12213
10665
11640
6972
8157
14688
13101
4932
9609
10590
14187
5238
5358
10110
1782
7935
11574
11556
7524
3858
8094
8415
10539
7032
14190
13263
2841
621
1974
12600
2634
14187
12321
14274
6159
9537
3021
8316
3525
12630
3906
2712
6924
13320
1878
8706
6258
13455
9318
2838
6369
2412
11253
1911
13503
14499
4230
1344
4176
6207
3000
6813
9450
324
10143
4668
9861
13164
12984
13386
14853
5949
5154
6777
4269
7035
4542
14583
9546
2916
2421
4971
9387
2733
6882
7890
2232
171
9234
6411
6378
12234
2280
4884
12558
12423
9552
11475
14646
11595
13917
14499
2544
4074
10332
10869
165
3930
10455
13767
6849
1932
3738
1236
4665
14679
9126
6900
14850
3360
2367
10284
4650
4647
168
2211
6126
9723
2742
5772
10374
1662
9327
1974
9792
4662
12843
9957
12648
12354
12780
4497
14289
1518
9789
3954
1197
3915
14910
5103
11331
6333
387
984
36
558
7251
6165
14337
14049
11937
13767
711
6267
741
14559
14985
2640
13572
12633
14997
11352
2133
3342
1929
978
11352
3126
4896
321
12288
5283
6654
12675
10323
6693
2289
6630
12858
5682
5682
13851
8505
10449
9174
9246
10011
9159
945
12639
10851
942
8994
2040
8340
10923
3018
4692
3105
7914
9069
393
2256
726
2127
1635
11475
8472
8268
13389
3213
3006
12240
11718
13455
10473
5967
12522
4632
10968
10164
483
11910
8214
2523
9306
4137
5544
3054
11298
2514
12126
750
8826
12852
2877
10464
13383
405
7788
11772
3618
10794
13068
339
13305
8541
10362
14886
2232
6330
14106
6771
7296
7320
13353
5658
513
3897
8712
867
10467
5838
1617
8352
7746
8550
3816
6129
8958
11604
6957
12576
11454
5028
1971
9759
2625
1389
9645
4857
11775
12807
11631
8127
5127
14040
13785
9696
6993
7500
10566
2460
13338
1239
14868
6087
9792
3684
1272
3750
4344
8232
5382
4854
2316
11412
14616
4941
12801
13317
13857
9579
11127
14544
6762
5310
13584
5550
4065
5577
13050
3687
12093
444
4926
11964
6531
14718
4704
11862
7524
13107
5094
12909
2961
7410
9321
6633
1407
11178
9009
4320
9813
9192
3864
1578
3558
2448
7128
7623
12081
9234
366
9177
9678
5295
10197
1212
9069
14901
13074
1596
2064
7224
3561
5028
3690
12882
717
9153
13116
9726
13476
7932
3918
2340
13566
7479
8847
5694
4158
9984
14928
4527
4161
9606
13878
3414
14874
7947
7374
2004
9543
9438
13284
2160
3522
1974
42
4242
186
2217
13968
13662
14205
6945
1002
12771
3480
13905
7521
7638
8892
7449
12165
2109
6111
99
5526
10044
8049
12900
1104
6648
7338
3447
8811
10863
9477
12909
4161
9663
126
3129
8325
14331
14130
13386
1158
2610
12291
8679
10251
6183
5184
11472
12351
11298
11574
2877
10398
8679
777
558
327
12171
4005
9138
12090
13485
11106
1251
8148
288
8439
1476
14622
7569
3918
780
10182
1209
13518
9489
11451
3702
10017
8802
4056
10647
11679
14454
4326
1512
15
8712
2739
8076
6906
14832
6561
3012
1083
3768
3303
13578
5244
6981
6150
9162
11817
5388
14427
10335
3933
10878
14040
3006
8736
3096
13656
9471
6609
7038
10983
10680
750
2781
3756
7659
2613
10320
10671
7752
3144
3030
6333
12444
10011
1539
10662
6831
10983
10089
6222
3972
10026
5262
6978
3762
12417
5634
2292
4026
12675
2331
14706
2481
5112
3462
10140
7725
2838
9870
480
5982
12900
10869
3426
11970
1464
14088
7857
12447
13236
14079
5475
8262
4344
12453
1080
1761
7146
3372
5787
8877
5706
9549
11358
10818
13011
6501
7602
4908
5427
12138
10890
3327
8007
3375
4353
9471
6519
12210
10974
4755
11292
1449
13017
4692
2958
3156
10509
10104
6528
1296
3981
1290
14901
4398
12111
12912
10899
4713
6876
5382
1851
6825
12765
13914
10200
2121
12441
1719
14331
12471
6477
14679
2976
8550
4371
5934
11706
14880
1041
7293
5232
9078
8583
5133
13476
5694
7104
13431
14463
13980
3813
5370
9861
5637
8340
5061
7758
9837
10839
7089
7308
6372
10827
10284
14922
198
5277
687
81
10374
7980
5313
4452
5619
14505
6987
372
6609
9474
14835
9645
2346
9264
4509
7983
2604
13626
741
1500
9465
11886
8808
4893
7713
8151
8874
7914
13428
9561
12051
8802
6597
6420
2310
12216
9981
13353
12588
5646
7830
1482
294
10176
10746
8859
3159
2406
11541
7956
7962
10065
4842
1773
14958
1614
13980
8832
13584
1464
7449
10635
10266
3102
6111
1632
321
1095
14988
1965
6741
7818
3447
11091
7050
3249
9006
10209
9714
5550
3165
2676
615
12063
8505
573
2733
7485
13464
1317
8949
9969
1008
8271
13074
11178
9906
13395
12273
13950
360
8070
10824
7866
4164
2874
171
13170
13083
9885
3720
5304
1620
8391
6423
10125
13023
9159
6669
11487
14532
4674
6456
4599
12948
4530
777
11910
6981
13050
14916
11400
6120
10740
8322
14340
13614
8493
12513
11697
7437
5289
6057
9057
13683
1536
8238
762
14751
14907
12249
14286
4584
7761
3885
6588
1350
4662
3498
12387
6768
3414
8787
12888
14154
6165
1287
1824
14661
13800
13521
11154
8145
8634
5211
10884
10170
2505
11646
9924
2415
12951
13266
11055
9771
6207
2643
11121
10869
10197
8508
2637
2667
6354
4581
1821
12519
5868
3645
1236
8724
6222
12390
5928
3912
6657
5868
3138
9165
2517
2118
636
4524
384
11691
14295
6591
3390
10416
6516
13587
7983
13209
1254
3393
6849
7131
4968
1773
14832
6207
14556
10110
7653
5484
3078
3369
11352
6216
1590
2925
8337
6282
7452
12777
2973
6747
8427
10419
6222
14943
9006
14205
2211
14316
2598
9060
10503
11622
10833
10335
2829
14445
9501
14541
4929
12579
6966
5340
7851
12612
12321
1188
3894
4773
3024
6867
579
11451
2286
6801
450
348
10062
2661
3720
1716
777
14223
13338
669
13614
5226
114
8115
4767
5046
9750
789
14442
2601
13401
11763
7848
2295
5595
10872
13218
6174
7323
4560
12975
7773
8964
8037
14493
12684
9753
270
11907
8091
939
14577
2373
1056
11748
11196
10158
6498
11985
9600
13155
14442
10419
6003
1737
1014
5931
4011
7188
13254
8571
9219
10086
2535
6312
9579
4275
5121
13905
5238
13215
14847
4815
4644
4959
5619
843
117
12117
12828
13773
14331
12273
9192
9390
3066
14265
324
7080
6453
13578
4707
4731
12720
7245
11043
7299
576
1167
6207
5817
3438
10110
14688
8082
69
5310
8925
4242
6483
10812
3015
5814
8085
1263
207
207
528
531
7287
11040
3165
11997
771
888
8298
11814
12243
8874
2037
7506
3747
5475
6672
3438
2616
6741
8748
11541
10983
231
7353
3054
6048
4494
4320
10311
4704
4848
14898
1047
888
3063
13044
5715
8007
10398
6588
5253
8331
8625
1815
12078
3159
8490
516
5775
4287
9264
2316
4329
13554
13728
7383
8658
7278
11703
3969
11982
5610
3867
2088
10554
10986
4188
1272
3996
14589
7860
13305
7920
5541
4176
9054
8700
12666
13629
14475
6012
11949
5850
10341
10503
8634
2724
4161
912
3486
12186
1953
9096
1053
4041
8706
1098
8229
9978
9150
11874
6894
11511
8850
1494
687
2907
10194
2412
1536
13728
8424
2541
8634
3765
13047
6324
6489
2208
11292
14031
3453
13245
8127
8562
6342
1836
9660
3630
870
3810
504
11823
321
13413
13317
5067
1320
12567
7479
6912
351
4959
9453
13041
8724
11556
4365
4269
2823
4716
3303
6276
7017
486
14838
13362
6378
13557
6048
11307
2367
6552
8130
6747
4965
10503
870
10341
12126
8349
6309
1536
2364
4821
3633
11088
5433
12057
4413
8256
1773
11772
3588
8790
12261
3429
11208
7695
1986
2256
4002
8409
12867
1188
4212
6888
11691
5082
6288
12876
2487
12597
3468
4851
6474
7101
4995
966
4158
9411
9222
5931
6183
12813
14724
7500
5298
14988
198
11340
2247
4200
8805
114
5391
13020
7002
6138
7158
13290
8070
9648
14946
11538
3555
10476
3642
8553
11442
11856
7020
9723
2790
2259
11592
6570
9762
1890
6558
14016
2286
12861
3216
11091
12975
12663
13167
4980
7860
5328
7326
930
14976
7272
1527
7587
6807
9225
1140
3249
6081
8160
12972
12927
10422
9564
4497
9240
510
114
8256
2796
12975
528
2946
10953
13194
1113
4989
10110
6441
1371
96
10473
12702
1623
3063
4509
10848
8259
11814
5988
5478
9789
3915
4956
8409
12471
14196
12978
12585
11508
774
10560
12036
7776
10569
14286
8892
4614
9396
4389
10044
9495
3921
7746
174
6984
1311
81
4299
13125
6069
9777
11970
9984
14733
9438
7455
2985
7416
9096
14493
12246
8715
588
5025
4284
14874
13917
12957
13329
7362
8001
11880
11283
4803
1110
7323
6114
1191
11625
4239
7260
10458
5268
6303
10194
14706
2814
2235
7122
969
5787
4368
9684
6375
9393
3024
10305
12366
5037
12690
4731
13038
9570
5070
2841
14739
12396
13011
930
9021
2253
12249
4479
7521
7608
3729
7227
14478
5967
3405
447
11754
7773
10131
7185
2169
2214
2490
3591
7251
4239
8322
9348
2865
13395
1245
2604
14847
14259
3537
8868
5568
4842
2403
2145
12450
10191
13428
11928
5214
1833
12378
6024
9606
11565
13209
831
13779
4755
4425
6033
8994
1803
381
918
4254
1626
3522
4101
4941
7059
12969
10509
11901
4431
12654
13407
3678
11082
10338
8892
12915
11772
14916
11580
8337
2181
12411
11175
10992
5892
2208
9045
7698
6645
9963
11952
12327
13485
1056
2271
9603
3081
12780
10560
11568
14493
8970
246
10575
8364
9138
12549
5136
13110
9129
13473
4347
10596
9648
4398
1491
912
13443
9189
11613
12462
10197
8943
3
11253
270
9606
3393
2106
9225
14961
1599
3195
210
1233
615
13404
2838
5751
573
11967
8280
8976
11619
6987
13374
13110
7899
873
11355
8571
2391
10611
6570
2397
6864
6840
1059
14313
13002
10284
14277
3660
2535
3543
8949
3150
6003
11787
12957
6576
12810
6240
4611
9429
13227
7041
11598
10182
7917
12009
7809
14364
7620
14379
1761
3543
10275
2823
2856
12336
2163
6189
996
4701
9732
9945
11907
738
6732
9867
11370
4542
5163
981
3027
3390
8025
14625
2628
4998
693
10440
4362
8313
13875
6126
912
13209
13005
3771
10545
168
14016
11541
8925
8751
10542
5835
9489
2274
4758
5859
10872
9921
6843
13899
2367
3924
2583
9051
8922
3276
8547
13284
645
7425
8466
5616
9690
6471
13443
5235
10698
12459
1776
4623
6210
1374
14514
4755
3648
4272
10617
3576
3249
6516
6531
5616
14496
9114
3726
8418
1446
12273
10758
6150
8754
4227
11766
3444
14754
14265
12735
10452
11724
3567
4134
2937
4941
3648
7692
12645
11979
7365
1221
228
2937
7755
9903
2433
5925
2685
14907
11430
14958
10668
6636
12771
3951
7458
5271
3705
6723
3009
3216
3447
6576
7350
10440
11520
54
7191
9165
12033
3612
14445
1320
6552
7200
279
13041
2181
2964
12951
13611
2922
8619
9303
4749
12570
1761
10023
5331
8484
2088
12603
990
8664
9009
11430
9240
9066
7677
3408
10155
11292
6909
531
6900
3165
810
4941
5346
3774
2892
8016
10755
11511
2319
504
13137
4083
14583
7527
12567
1671
5130
13557
10338
3198
14046
8634
12264
6723
1098
11475
7071
8007
12009
13971
11172
1875
3915
1521
5652
6807
13593
1407
7377
912
5967
9570
4995
5553
6153
6621
7224
11286
9234
6618
14484
8280
255
804
4062
1353
1335
11133
9363
2400
10107
5535
4278
3078
11112
13986
9885
9705
393
6318
10620
6360
4947
4671
969
11100
348
8196
11442
9585
3870
10926
6921
4125
786
39
9537
6180
231
3900
8580
10338
13491
1914
2472
13662
900
1413
8367
1293
7734
8043
11712
1737
1773
12681
12837
2121
9933
9282
762
13806
9264
11742
6987
14109
837
1524
5289
1068
9480
2925
462
12030
4842
2934
10692
5742
4350
4059
11094
1140
1161
11862
2877
2934
13599
714
9111
8535
14052
13932
11397
8319
10674
3384
11484
11511
8967
1773
1638
3447
8754
2100
477
13596
5037
11169
8397
9387
4287
4491
10527
5448
5409
2460
12438
4008
3174
6549
1599
6285
5481
12996
3660
5211
5439
144
5781
14406
5973
7419
6909
14727
13575
7389
13326
3612
7614
10779
2055
957
4326
1638
10461
9735
4098
7899
13743
11331
3507
345
2616
13044
2397
6276
7314
7836
6420
13095
7242
12393
9570
3210
1176
8145
10599
3558
816
7269
14337
2871
12285
3663
4512
7746
2454
12666
4704
5256
8997
12267
9657
11613
14367
12054
6945
6681
8949
13365
8832
5247
14814
3402
8457
5049
606
8112
8607
1422
384
7947
8349
12669
666
1917
9471
7179
14586
14175
12435
12639
498
7092
13311
14868
8202
5256
6549
2151
7680
4440
7401
11550
11898
858
1599
12504
8973
10209
2982
13413
7212
11334
138
11934
13251
13665
4113
12837
1899
5604
10479
2397
1752
12846
2265
9957
3102
12873
1164
10782
2313
12621
11391
3267
13482
12990
774
11511
12255
7812
13980
4467
4146
3174
5460
2400
1839
9573
4293
3738
4236
3828
6138
5988
1674
12459
5001
8835
10332
6168
8673
1701
3789
5064
9027
6327
3057
13857
6894
4368
6669
5874
12894
10818
9048
3354
2274
14946
1983
10623
3684
6219
14454
13878
12210
5184
11340
2211
14019
10728
12435
7695
1488
1227
12759
10515
11610
4872
9372
3507
13299
1041
9381
11193
915
7488
14547
3189
7434
1530
2871
174
11808
2325
14055
13074
7509
10395
4341
10587
6123
1779
3282
7611
7062
5097
7182
3672
14028
1554
11235
12327
6654
9675
12576
7569
2163
12123
14817
13653
2709
2688
13827
3573
9069
12882
1647
5634
12333
5991
5277
3459
7770
8559
126
3888
2715
11367
11616
5799
12921
7854
7182
8631
2529
4758
5259
8748
5937
5076
7401
8646
11820
10284
12222
9945
8169
2925
4635
5502
8916
9915
13017
5742
7530
2202
9630
10245
13569
10305
5100
546
3159
12282
9180
5688
6096
14439
14436
12033
8571
10893
5682
9447
6177
6960
8448
3402
9885
13083
12963
7860
7998
36
2658
531
2238
1347
14832
4863
11652
4935
9468
14811
6273
3648
9555
12372
7143
13047
13461
4770
8940
4143
3273
4173
159
11721
7578
14103
9804
5541
11019
6861
9633
13677
7392
930
24
11280
5793
732
5271
261
4599
11547
7965
14154
12975
4164
12201
11436
8934
10197
4638
12207
14373
8853
12984
11007
12012
7791
5604
8031
14652
237
10767
11100
1167
14847
7380
11019
582
12654
336
5181
13257
12360
4338
288
1524
5595
780
14517
4851
5418
780
4224
3330
13767
4287
342
10614
9891
8376
14322
14184
4143
10422
354
3990
6858
429
8628
8568
765
13812
10881
2181
7206
225
3708
1857
1008
7281
6708
10482
8061
10932
13812
6828
219
14157
6498
14166
11589
5820
13353
4788
5298
2763
12834
1215
3192
6465
9783
8013
9333
9723
10197
1539
9948
2961
3396
12
10242
14163
10497
3303
10095
13365
14190
14373
1578
5688
2595
13167
11511
948
7011
1809
7767
4848
3024
15
369
1866
8031
13758
645
7284
4353
14649
10245
7749
14664
5487
10968
14217
12846
6066
12582
12036
9495
14163
2727
1146
1386
14238
6153
8400
5103
13920
2304
12186
13938
6729
3108
11025
5487
7809
3309
9840
7458
13554
6645
11178
8097
2616
10395
5943
12738
7980
2982
11289
7143
9765
12435
8529
13059
3588
5985
3162
6567
8289
4404
5505
4074
11568
1530
9561
4377
8895
4401
11838
7449
11049
8016
4602
2721
3414
10545
459
450
13527
11748
11649
8292
9183
9234
10407
1830
222
13572
8397
12567
7032
13902
1644
3603
4488
11205
7980
13383
4665
8874
9888
4770
1893
14490
7491
9363
14091
7950
13869
1677
8754
10518
14025
6993
4752
9435
8823
9030
8007
2220
6600
4095
5178
12300
7698
13722
8505
681
1161
2226
13611
11049
6996
504
14595
14487
13923
13689
11493
12792
366
5247
8310
3447
12243
2121
12882
6066
11151
9945
12345
2751
14043
6579
51
6741
5304
12615
11478
6465
14841
10092
6573
10896
14652
6168
10383
2634
8913
10935
426
13335
1182
12795
1785
2481
14916
14667
12606
11067
9615
9951
2877
8658
1530
6984
4455
10890
8655
4992
2358
12555
4140
8931
8451
3792
4155
7890
6426
2127
3825
10911
462
9066
8706
6303
11547
12678
5973
9153
12801
4644
8160
678
2358
13749
11721
6813
9639
5376
861
1053
6987
5001
14040
438
8796
3198
8331
4278
9381
1212
189
9843
10278
12951
5205
10884
