6000
16149
2658
2331
14745
5379
7005
16158
1476
7947
10263
1086
12081
8070
6177
5289
17778
1620
10278
9516
11208
3633
10104
1701
1287
11346
10590
14586
3369
201
3405
11787
17406
6066
15174
15207
12501
4179
13368
15033
12126
6687
16119
7263
14757
5352
13611
15594
6972
6945
7110
1239
10578
273
2940
11868
11619
14586
9510
14988
15843
12915
8775
15252
981
7008
13515
14538
11187
9939
11571
6372
17685
10746
13635
14442
16101
10302
13092
6129
17250
3261
8424
9828
3534
11364
4752
16209
7953
14262
13197
5796
9180
5028
4104
11217
12036
678
7758
6282
10617
2385
13710
10302
13134
10401
7803
12291
2706
3951
1476
1956
8268
9903
12840
12858
4323
17595
11067
13332
13857
7320
2187
6093
12351
6291
17313
7443
8025
8127
14781
1701
11568
10491
13059
7758
2895
3918
2049
6657
7872
4584
8613
17196
14487
4509
12057
810
4104
5124
14145
1020
12447
17388
8169
7854
6735
8538
16353
14763
16665
13137
16464
11292
6684
11523
1050
9579
16500
3102
17292
6372
8742
8961
5568
5229
13473
681
7095
17577
5808
4296
1653
1311
3684
9825
10221
10422
363
8574
7185
87
3711
6705
11379
11454
1284
12429
3033
17784
16587
2328
7212
7329
11289
13839
13614
7818
14520
2712
8454
3384
8064
10107
5751
11751
2988
15972
5229
4410
6549
13470
4497
11316
2175
16932
4770
4515
12417
8862
5358
11007
12246
13626
1392
6591
10521
16065
14412
7044
1833
4866
11484
9897
16029
17238
4704
1020
16266
9933
5430
4815
5403
10983
17190
8634
9915
3960
14208
4332
13878
1566
16395
8124
16248
846
15774
8772
16911
12186
16872
1800
108
10356
11697
16137
10650
16404
213
8919
9393
5643
14790
14799
17682
13980
6489
9597
17943
2697
14988
14877
5319
14439
5004
3570
15285
2778
13398
15252
16020
12270
17052
16128
4626
11808
15321
16335
11268
15537
7254
2661
4236
4044
516
4977
27
7008
15630
1026
10761
12618
15903
17139
10116
3963
3765
8457
7797
17163
5712
5817
11433
5820
5001
17115
684
3381
15450
11952
1974
5760
15672
7266
9807
16188
12243
10890
6252
9876
11916
17016
5550
10875
16155
15666
15897
1920
6126
5694
2139
12894
12570
13572
1770
627
13743
2457
4008
11196
15465
5982
12
13137
14307
9819
11328
8550
3765
17580
426
16737
17652
5979
9615
16863
4701
7512
1839
11883
14262
3978
6777
8832
606
9606
10518
14352
12063
14526
8604
10584
3567
8616
5724
17874
1494
108
8424
5259
744
9909
3999
399
16944
14670
17262
4701
5238
1104
16587
1500
6138
5364
11391
6747
14970
3909
3099
10089
1491
12759
2676
5058
3375
9456
5988
5925
9564
15471
11187
10308
7380
16242
11763
7380
12912
12084
12081
150
14244
10668
2706
2382
17091
14097
9129
15117
6
13284
7209
1500
8043
10941
7614
12477
3453
13605
402
13017
11076
12645
6381
1512
10887
147
8892
6855
13287
4029
7005
9531
14700
9714
11913
14847
6867
4101
11964
6876
17385
2229
9432
8487
13170
17046
4020
16623
13707
5478
12696
6783
126
1080
9351
12069
2283
243
927
15570
4275
8988
7101
2031
702
2070
16878
7572
6171
10842
15504
6615
13074
6936
16158
9300
7038
2178
8982
2748
7656
4734
10587
8838
6870
1941
2910
9153
3240
4893
7779
8571
13881
15936
11658
15642
1065
10536
6270
7236
4437
4830
14907
567
12822
13065
10923
1860
16299
2961
5664
7014
7698
17310
15852
14568
1251
1818
6780
5547
6711
15615
15177
3651
13554
8835
2349
14619
1374
8619
4911
6867
13449
1821
7434
8271
15942
1413
11187
15300
4377
16854
4314
12075
16164
3222
9699
471
5043
16479
7074
12810
14097
4251
17517
10707
13089
1866
8382
15519
11541
13293
4386
8046
16170
12876
17373
15171
15345
10563
12471
1722
10473
17841
14853
9693
3063
7611
11220
9162
6090
294
3975
3243
4548
4548
15006
693
6417
5388
16212
1014
1740
3654
9063
17910
17586
8436
16137
14931
2055
10608
17712
12528
10449
15621
5277
14571
5232
16497
5733
12381
17850
9708
16680
5454
15315
13689
6147
3732
2133
5415
5802
3873
10125
14865
4842
10767
5304
2979
8754
8415
14646
8466
2946
8151
6090
9279
4722
12378
7779
10458
6759
7629
3222
5442
14139
537
1131
2286
5325
3264
8757
11130
8196
882
9051
13038
12705
15411
17073
3459
5829
13719
12984
8775
3873
2130
54
9651
14508
8889
3165
3270
17574
6390
8712
13713
7983
10899
17055
14367
15219
7812
8553
5415
9750
17604
1509
4455
15018
585
7917
2847
15360
2901
12678
2289
5031
13788
11943
2595
4680
15108
5865
5310
4554
15633
1026
13596
9588
1137
9963
6810
8952
516
13281
702
120
15849
6216
16194
17490
15189
1041
14850
90
13719
17142
6177
10566
12141
8772
15246
10305
15696
3612
14862
13329
5694
10458
4920
6834
3477
12786
15786
5049
9123
17544
5169
6972
6816
3366
6462
4005
5463
4371
4095
2241
3513
11328
12807
15654
2103
11109
7959
17799
14721
5877
14184
2418
17391
2160
9252
3924
16002
8094
8973
7128
8694
14145
15156
15513
567
4677
1518
6030
9048
6672
9327
13617
0
4134
12327
3159
15243
3342
4014
11967
10278
201
15441
9669
2361
6693
13596
366
15843
5625
8550
6537
1770
6762
4050
3393
11439
5571
10482
3543
12243
1809
17160
13299
5946
12543
16461
4245
15888
2475
16212
8166
2676
13653
891
6096
3402
15543
7518
1245
3171
17124
7785
5997
5886
12891
10449
17328
462
2931
3927
13761
5796
4146
9063
12798
16689
8580
17046
15633
11055
15258
6855
14790
11970
7749
3942
16428
6348
11460
17676
10575
10584
8517
16575
16470
3408
10080
16854
4929
13011
2784
1746
1863
6930
11865
14664
6675
2445
13710
4311
14559
12024
11166
11349
7050
1971
15291
5481
9378
9807
6213
1953
3447
14730
1584
1917
1194
11664
1830
7179
7731
5670
8928
9597
13656
2793
6261
2331
6297
1971
7698
2856
15051
1923
14205
4104
3894
12552
9585
14328
5415
15798
16284
8862
13584
924
10779
15834
12591
13665
5016
2322
1335
15000
12975
14991
849
1236
381
7146
4263
8079
10002
1317
10002
7263
6477
14955
2871
16062
11283
8286
14916
10623
17148
11556
11550
10986
10446
7197
6651
15462
9519
9045
13518
5553
7092
14370
6789
7473
3516
12111
16611
14577
14484
8613
3840
2961
5568
7770
1023
17910
16056
16995
10533
15207
10551
4083
9249
4053
12336
15900
1518
4914
8001
16092
10467
15096
12462
312
5625
17037
12423
4236
13614
8907
13908
510
11868
2532
8280
13947
2442
7395
12942
12978
5658
6549
117
14907
10605
12456
13863
13179
17370
3867
12327
10893
2019
6792
11205
7644
6885
5631
12939
2499
15594
8847
4065
9465
11379
13404
6468
14880
2799
2469
9858
9513
10074
11031
6420
3735
6543
2283
17970
6969
6150
12300
17862
9225
1092
12126
16872
7977
17757
12867
11532
16407
3714
16653
8928
16149
12057
15399
13029
15912
17868
5943
7425
10998
33
14901
14736
6576
17187
14706
14604
6393
9006
15522
15621
11154
9648
15549
1131
10461
10416
13719
8871
15186
12375
17799
14391
7488
16254
9423
6459
17178
16422
14940
10179
16455
11844
6915
6090
12087
4677
2694
480
13686
1272
17157
6840
10923
14706
9030
4440
8178
4749
14367
6420
17124
14169
2814
7671
13479
13293
14130
12660
11715
11070
4839
10173
4914
12810
16263
17001
17487
2013
540
14229
3285
17697
3072
15264
15462
13158
1707
6696
17907
17130
13119
90
13299
16989
7761
9837
12282
4947
4497
7053
16017
10392
17226
3990
6258
16545
4047
5745
558
5643
3033
4902
6399
7161
2166
3861
2319
4929
10557
2226
4062
6732
3372
417
6777
12189
10254
1059
17136
15807
8115
16212
8199
8397
2202
14457
6945
7305
3261
8559
14007
7350
13461
2406
14511
16686
6267
16830
3615
17880
2112
8733
7671
5487
10209
14448
17676
2463
16566
16815
1329
7737
16083
10584
16134
1341
8100
6135
8646
11361
14697
4653
1767
10158
7059
16278
8844
14382
15108
13518
15321
276
4251
4992
5763
14460
1440
6498
17982
1062
6369
1311
8799
4452
12951
6936
5793
3051
14127
15495
15468
10824
3207
17235
2985
10266
15513
12885
7707
13677
8403
5028
13956
13713
10020
2775
11229
12516
9273
12267
13581
16698
14634
5436
3150
9588
12372
9999
12639
9558
7497
10110
2382
10704
9345
6423
4026
7917
1311
12789
3594
10770
17817
606
7539
10893
3384
771
5412
13713
13038
2049
12414
9675
7485
16620
1263
2916
9678
13902
12474
17175
7068
14856
10935
16416
4338
16017
6333
5649
10809
10983
17475
10626
12648
7017
3522
16032
7788
9990
12801
3882
12039
8271
13557
2580
7950
15876
5496
17628
12837
17970
17859
1905
15885
10794
321
2223
8811
7710
8928
1620
1752
8403
12249
14400
16476
16827
13488
7320
8817
8289
11205
3912
17619
7818
6492
7569
6753
13047
8253
1590
13017
8112
3495
11958
906
4875
15237
10773
13641
7221
13452
15393
16683
8757
11793
15159
7584
7281
4482
17457
16629
16743
3369
17304
6561
10917
7929
13314
5964
16182
15960
2040
6294
1458
15054
8256
7389
12294
2085
3030
1515
15537
426
198
6294
13275
16416
14934
2559
2898
14391
2244
1641
816
1548
9258
11736
9477
5631
17700
7659
3591
2796
15009
6105
17853
6321
13494
12147
9462
17583
14718
7002
9
15975
14352
13284
14391
11289
16899
345
7680
1143
3042
9555
2691
12300
3291
13224
987
4047
3939
5637
7902
948
11742
7755
8325
8295
2958
17790
7878
17676
7848
7887
16707
5256
4227
13098
16545
4185
14499
7284
5328
17541
16839
9078
12900
3186
5358
13887
8289
9300
1524
16191
10248
14325
5946
1632
4620
9960
2478
13554
10695
11382
4497
9402
16638
8724
5559
15186
12909
2058
5526
1296
1602
5421
11430
14502
8607
16788
11445
17952
8088
12972
16146
1395
10353
5148
4083
16029
15111
6561
11583
7806
17943
16080
264
17637
7860
5823
15879
2772
7884
3405
5124
9486
8826
17610
5988
489
16398
17433
1500
7545
13461
702
9996
6870
5850
14079
4899
4017
2640
16482
12879
3639
14562
13146
4332
4425
969
2214
8253
8853
5619
14433
1395
15504
14043
8439
17049
13497
8931
1605
3042
4392
2307
13038
12321
9216
10173
17220
13233
13869
16761
9171
17508
14379
4317
3843
1860
6342
7113
10113
16254
13788
7602
17649
11292
4701
8091
11400
201
17022
13005
4299
4470
16371
396
17847
7587
10569
17070
3876
6441
16887
13047
7005
13266
420
11904
15129
6765
1017
8298
6075
14808
16959
6780
9156
3660
14871
3612
3861
14949
16620
8163
2478
14991
9615
3381
5634
2184
3507
9510
9681
2394
4560
16689
15663
4980
11649
13848
12801
12669
4146
876
10533
3105
7659
1689
7824
5586
5304
11685
3594
4980
2904
7128
3027
12519
10509
8661
15762
14019
171
7443
17469
5787
7188
15132
11826
840
12036
6627
14565
17241
8562
7098
3402
17277
9843
11226
5919
16203
4914
9513
4239
8874
17697
7266
4452
11265
16983
3270
8340
213
11769
7809
6000
960
6000
17826
2856
36
7512
17421
17277
16074
7575
2682
15351
474
13908
3270
16680
1878
13842
2919
11811
14595
11244
16263
7860
10227
2589
16200
11496
14358
6012
17499
16374
13068
381
1230
13104
7893
1707
12384
7023
10338
16122
4374
10815
12030
8703
9495
14967
5601
13470
8778
2196
6714
8097
11115
0
10686
10371
11496
7044
16383
12051
5421
12507
13491
7707
7614
3384
9417
3054
10410
1755
1176
15840
13626
14262
7599
5121
11229
13200
1650
3063
16455
8364
11160
9570
9420
4902
1941
3975
11949
1383
17082
426
13890
12573
9189
4560
15960
1662
7614
9426
4476
8790
7266
102
5055
15924
6282
17340
11124
7932
2406
10635
17352
13566
3261
8775
471
5205
13806
13476
7644
12888
14958
4590
8520
6147
9153
7536
8868
16767
16962
13344
8616
7284
13446
13671
6264
1728
13011
17391
9660
15417
11082
9015
12042
14346
846
13569
2607
15708
9045
10251
11652
7059
15897
2172
14262
7050
9708
5130
6876
9726
474
15492
69
13923
11163
6333
16707
7230
6780
8370
5706
17865
441
17748
15267
2343
13317
17874
51
5418
10125
11703
13533
8022
14934
9795
16131
7698
14928
5007
483
15402
2499
1608
12381
14718
8997
11091
3948
15780
2517
10710
16701
2958
10458
15024
5301
6831
14898
6408
13305
8079
111
8838
17157
16101
636
15288
5802
16620
3351
6285
14022
5850
7893
8406
3624
16890
2553
7575
15726
5070
1341
15483
8028
11802
12507
14385
1689
9405
2793
16053
540
3960
6891
17700
2064
8583
14988
8922
7203
342
15207
4284
7248
6156
13746
10875
5046
16299
1506
3831
3369
2847
2370
12453
15705
14880
8838
17397
7341
12687
16506
7884
16647
5397
7584
1767
15039
5628
10689
5298
5970
8952
9582
14277
15108
5328
7152
3213
3627
9714
8100
8052
13617
10470
2505
11325
7350
11343
11778
15750
7086
10284
5634
6792
16737
14274
8559
14832
1902
2307
2133
8931
12315
12771
5208
9426
102
13416
13695
4785
5130
3795
13896
747
15321
16401
13128
4674
10803
6906
3480
17889
246
9114
6681
42
5388
16299
14874
7290
1662
17007
16221
13977
11781
4485
5403
12939
17901
2154
780
6087
7005
14676
7893
4329
14136
3021
10059
6939
10986
13539
7884
12288
4653
14568
12330
11097
13923
9207
1443
15585
9270
17667
11562
4107
5208
24
17046
5112
2178
885
11199
10242
15561
1092
14571
12753
5172
6630
1692
17214
2169
9579
11502
7878
7203
5835
975
4182
16098
2418
1767
7368
3141
14385
11478
8352
14409
11580
14520
17646
12465
7719
10944
11085
9870
7515
5838
16098
15201
8589
15312
17370
1224
9870
8304
9483
15705
9279
13665
13803
12753
15432
4230
16953
12873
16764
7305
10341
10344
3825
11043
5868
12600
3987
16953
5526
11502
5847
4680
8703
15492
1992
9129
16716
11865
17433
8199
10626
9768
4920
7488
5577
3408
12774
4530
16284
11538
12891
8625
3882
17772
1668
9750
12375
5655
9759
957
213
16665
5640
9972
14157
8688
1101
13932
3609
1590
5187
14238
11358
10110
4782
16935
14574
17556
4524
12858
11094
17415
4539
16032
17190
7263
8841
12621
13974
600
14634
14187
321
2274
6159
15537
12021
8316
12525
15630
9906
17712
12924
4320
10878
17706
3258
7455
318
8838
3369
11412
8253
7911
10503
8499
16230
1344
4176
12207
3000
813
9450
3324
4143
16668
861
16164
6984
13386
14853
17949
14154
9777
4269
7035
10542
8583
15546
11916
17421
1971
6387
8733
9882
16890
17232
9171
234
3411
3378
3234
5280
13884
6558
9423
12552
8475
8646
2595
4917
5499
2544
1074
16332
7869
9165
9930
16455
7767
3849
16932
9738
10236
7665
2679
9126
6900
11850
9360
11367
16284
13650
16647
12168
2211
9126
6723
11742
17772
10374
16662
6327
13974
792
4662
3843
9957
15648
3354
780
1497
2289
10518
12789
9954
13197
3915
17910
8103
14331
12333
6387
9984
12036
558
13251
3165
8337
8049
2937
1767
6711
9267
15741
8559
14985
2640
1572
12633
5997
2352
14133
9342
13929
9978
2352
9126
13896
3321
288
11283
15654
6675
4323
9693
8289
630
12858
17682
8682
16851
2505
16449
9174
246
7011
6159
3945
9639
1851
9942
11994
17040
2340
7923
9018
4692
105
4914
9069
393
17256
6726
8127
4635
17475
17472
5268
13389
213
15006
12240
2718
13455
4473
2967
3522
10632
7968
13164
12483
17910
8214
11523
3306
16137
2544
9054
17298
8514
126
750
8826
6852
8877
13464
7383
9405
1788
2772
9618
16794
16068
12339
13305
2541
16362
17886
14232
6330
14106
9771
7296
4320
4353
11658
3513
6897
2712
3867
16467
2838
4617
8352
10746
14550
3816
129
5958
5604
3957
15576
5454
2028
10971
759
5625
10389
645
1857
17775
15807
11631
8127
2127
17040
1785
6696
6993
4500
10566
5460
7338
16239
14868
87
12792
684
1272
750
7344
5232
17382
13854
8316
11412
14616
13941
3801
16317
16857
3579
14127
11544
12762
17310
10584
14550
7065
17577
1050
687
6093
9444
16926
2964
9531
11718
4704
11862
13524
13107
17094
12909
8961
7410
6321
6633
4407
11178
6009
4320
15813
3192
15864
10578
3558
8448
7128
10623
9081
9234
12366
15177
678
11295
1197
10212
6069
5901
4074
1596
2064
4224
15561
11028
12690
3882
717
153
16116
6726
4476
13932
9918
2340
7566
13479
11847
14694
7158
3984
5928
1527
1161
6606
13878
3414
17874
1947
10374
5004
3543
12438
10284
2160
6522
4974
6042
7242
6186
5217
13968
10662
2205
6945
13002
9771
3480
7905
7521
10638
11892
13449
12165
14109
3111
9099
17526
4044
11049
9900
10104
15648
4338
3447
17811
10863
9477
6909
1161
15663
12126
15129
8325
14331
5130
4386
7158
8610
12291
14679
1251
6183
11184
14472
3351
14298
5574
2877
1398
17679
12777
12558
15327
171
16005
15138
12090
7485
5106
13251
5148
288
11439
13476
14622
16569
918
3780
7182
13209
1518
9489
2451
12702
7017
5802
10056
13647
8679
11454
13326
4512
6015
11712
5739
5076
9906
17832
12561
15012
13083
768
15303
7578
14244
12981
6150
15162
17817
14388
11427
1335
6933
13878
14040
15006
2736
6096
10656
12471
609
7038
16983
7680
750
5781
12756
10659
5613
7320
7671
1752
9144
6030
9333
6444
1011
16539
4662
831
13983
16089
3222
3972
13026
17262
978
15762
6417
11634
11292
7026
675
11331
14706
2481
17112
9462
13140
4725
17838
3870
6480
8982
9900
16869
15426
11970
16464
2088
13857
12447
1236
17079
17475
14262
16344
453
13080
4761
13146
6372
11787
14877
17706
9549
17358
16818
1011
12501
4602
1908
17427
12138
10890
9327
11007
9375
4353
9471
12519
210
4974
13755
17292
4449
10017
16692
5958
6156
4509
1104
12528
16296
15981
13290
8901
16398
12111
9912
10899
16713
12876
11382
10851
6825
3765
4914
16200
8121
15441
10719
8331
3471
6477
8679
8976
17550
7371
14934
5706
11880
16041
1293
11232
15078
14583
2133
13476
8694
13104
7431
8463
7980
813
2370
15861
5637
8340
14061
13758
6837
7839
4089
10308
15372
13827
1284
14922
3198
17277
3687
15081
16374
4980
8313
13452
2619
11505
9987
12372
6609
474
2835
15645
2346
6264
13509
7983
14604
10626
3741
4500
465
8886
14808
16893
4713
17151
14874
7914
16428
561
6051
14802
6597
15420
11310
9216
9981
4353
3588
17646
4830
7482
15294
7176
13746
11859
15159
11406
5541
1956
16962
7065
10842
13773
5958
16614
13980
2832
7584
13464
4449
13635
10266
12102
12111
4632
3321
4095
8988
7965
3741
13818
15447
2091
4050
12249
15006
1209
6714
2550
3165
5676
9615
15063
2505
15573
14733
16485
1464
4317
11949
6969
1008
5271
1074
14178
9906
4395
273
1950
12360
5070
16824
10866
7164
2874
6171
4170
4083
12885
6720
8304
1620
17391
6423
4125
16023
3159
3669
17487
8532
16674
6456
10599
3948
7530
6777
14910
12981
7050
17916
8400
12120
16740
2322
2340
1614
8493
6513
5697
4437
14289
15057
6057
13683
4536
11238
12762
8751
14907
12249
17286
13584
1761
9885
588
10350
16662
15498
6387
6768
15414
14787
888
14154
165
4287
16824
8661
10800
4521
14154
8145
2634
2211
4884
7170
14505
17646
15924
11415
12951
16266
8055
15771
9207
8643
8121
7869
7197
14508
14637
5667
12354
16581
1821
12519
2868
645
4236
14724
6222
390
5928
9912
3657
11868
138
165
11517
17118
12636
7524
15384
2691
5295
6591
12390
13416
15516
1587
10983
13209
7254
6393
12849
10131
1968
16773
11832
6207
14556
1110
7653
2484
12078
12369
14352
12216
13590
8925
11337
9282
16452
9777
11973
3747
17427
7419
222
14943
9006
11205
11211
17316
17598
6060
10503
2622
4833
4335
8829
2445
6501
17541
4929
579
12966
2340
13851
9612
12321
7188
894
10773
24
12867
15579
17451
2286
15801
15450
12348
10062
8661
12720
10716
15777
5223
13338
3669
10614
5226
6114
17115
4767
11046
750
789
14442
14601
10401
8763
4848
11295
2595
4872
7218
174
4323
10560
15975
1773
5964
8037
11493
684
753
9270
5907
14091
12939
17577
2373
1056
17748
8196
13158
498
8985
9600
16155
2442
1419
3003
13737
4014
8931
4011
4188
13254
14571
3219
16086
2535
12312
9579
4275
14121
1905
11238
10215
14847
10815
13644
16959
11619
3843
12117
12117
12828
4773
11331
15273
6192
15390
12066
11265
6324
16080
15453
1578
13707
1731
720
16245
14043
10299
3576
10167
12207
14817
3438
10110
8688
17082
9069
2310
2925
4242
15483
16812
9015
8814
14085
16263
6207
9207
9528
12531
7287
8040
15165
2997
9771
15888
2298
5814
9243
5874
17037
4506
3747
2475
15672
12438
2616
6741
14748
5541
10983
12231
4353
3054
3048
1494
1320
10311
10704
10848
5898
1047
888
3063
4044
11715
2007
7398
588
11253
14331
17625
16815
78
3159
14490
12516
5775
4287
9264
11316
16329
4554
16728
1383
8658
1278
2703
969
11982
14610
6867
14088
16554
10986
1188
10272
12996
8589
10860
7305
4920
11541
7176
6054
14700
3666
1629
2475
9012
11949
14850
7341
16503
14634
8724
7161
15912
12486
9186
10953
9096
16053
7041
8706
10098
8229
978
6150
17874
12894
14511
5850
7494
3687
11907
4194
8412
13536
7728
17424
8541
5634
6765
7047
3324
15489
14208
2292
11031
6453
13245
2127
5562
3342
10836
15660
12630
12870
3810
12504
8823
321
1413
16317
5067
13320
3567
13479
9912
12351
13959
453
1041
2724
8556
4365
1269
5823
7716
12303
12276
4017
15486
17838
7362
9378
16557
3048
5307
2367
15552
14130
3747
16965
13503
9870
13341
126
5349
6309
13536
2364
7821
15633
5088
17433
3057
7413
5256
10773
2772
588
14790
261
429
5208
10695
16986
8256
16002
2409
6867
13188
7212
6888
8691
17082
3288
9876
5487
9597
6468
7851
474
4101
13995
966
7158
3411
6222
17931
6183
6813
14724
7500
8298
2988
198
8340
11247
16200
11805
114
11391
1020
7002
3138
1158
10290
14070
6648
2946
2538
15555
4476
6642
11553
5442
14856
16020
12723
14790
5259
2592
12570
12762
10890
15558
14016
2286
9861
12216
14091
9975
6663
16167
16980
10860
17328
10326
6930
5976
13272
10527
4587
807
225
16140
6249
15081
14160
972
12927
1422
3564
7497
15240
15510
6114
11256
17796
15975
6528
14946
7953
13194
13113
7989
7110
12441
1371
15096
1473
15702
7623
6063
16509
7848
5259
5814
5988
2478
6789
915
4956
11409
9471
2196
9978
15585
14508
9774
13560
3036
7776
4569
17286
2892
13614
6396
16389
16044
3495
921
13746
12174
6984
13311
3081
13299
1125
9069
15777
8970
9984
2733
3438
1455
5985
13416
96
2493
6246
14715
6588
14025
1284
5874
16917
15957
13329
16362
14001
17880
17283
10803
13110
7323
6114
16191
2625
7239
7260
1458
17268
303
4194
2706
2814
11235
16122
3969
14787
4368
684
3375
393
3024
10305
366
2037
6690
16731
16038
6570
17070
8841
2739
6396
16011
930
9021
5253
9249
10479
4521
10608
15729
7227
14478
8967
6405
447
5754
10773
1131
10185
11169
5214
2490
12591
7251
10239
11322
6348
17865
10395
16245
2604
17847
14259
3537
8868
2568
13842
2403
8145
6450
1191
16428
2928
11214
4833
3378
24
15606
5565
10209
9831
10779
13755
4425
33
5994
16803
6381
6918
10254
4626
9522
10101
1941
13059
969
4509
8901
4431
12654
16407
6678
11082
1338
17892
15915
5772
17916
14580
11337
11181
6411
5175
7992
11892
5208
15045
10698
12645
3963
2952
327
13485
13056
2271
9603
15081
6780
1560
2568
2493
17970
9246
13575
2364
9138
12549
8136
10110
9129
1473
4347
16596
6648
13398
10491
12912
10443
3189
8613
15462
7197
8943
12003
2253
12270
3606
393
2106
6225
2961
4599
6195
12210
1233
9615
4404
14838
17751
15573
5967
2280
2976
5619
9987
16374
16110
4899
9873
2355
14571
8391
10611
6570
2397
12864
840
7059
14313
4002
13284
17277
9660
2535
12543
11949
12150
3
8787
12957
15576
15810
15240
1611
3429
7227
1041
2598
13182
10917
6009
10809
2364
16620
17379
4761
12543
1275
11823
8856
6336
8163
9189
15996
10701
3732
9945
5907
3738
732
867
2370
16542
17163
3981
3027
6390
5025
5625
2628
16998
12693
13440
1362
11313
13875
6126
6912
16209
1005
15771
4545
9168
8016
2541
2925
11751
13542
8835
15489
14274
10758
17859
13872
9921
3843
16899
17367
9924
5583
3051
8922
276
17547
10284
12645
13425
17466
2616
12690
471
1443
17235
10698
9459
1776
13623
3210
16374
5514
1755
12648
16272
1617
9576
9249
6516
9531
8616
17496
15114
12726
8418
16446
12273
1758
12150
8754
1227
14766
3444
2754
17265
3735
13452
8724
6567
10134
11937
4941
15648
13692
645
14979
16365
10221
6228
5937
1755
15903
5433
17925
11685
14907
17430
5958
16668
12636
15771
951
10458
2271
3705
9723
6009
216
447
12576
10350
13440
17520
9054
10191
165
6033
9612
11445
13320
15552
13200
12279
4041
14181
5964
951
13611
11922
17619
9303
10749
570
1761
13023
5331
11484
2088
6603
12990
14664
9
8430
15240
9066
1677
15408
16155
11292
9909
12531
9900
6165
6810
13941
2346
12774
14892
17016
7755
14511
8319
504
16137
10083
14583
4527
3567
16671
11130
16557
13338
12198
8046
11634
3264
9723
10098
2475
4071
2007
15009
13971
8172
4875
9915
10521
17652
6807
10593
7407
4377
912
8967
3570
10995
5553
9153
15621
4224
2286
15234
618
14484
5280
12255
804
16062
4353
4335
2133
6363
2400
16107
14535
7278
9078
8112
7986
15885
705
15393
3318
1620
6360
7947
13671
12969
17100
12348
17196
2442
9585
870
16926
15921
13125
786
15039
537
6180
231
6900
8580
16338
4491
16914
8472
13662
6900
7413
14367
4293
10734
17043
11712
1737
13773
6681
837
8121
6933
3282
762
7806
3264
17742
3987
5109
15837
4524
11289
16068
12480
2925
15462
30
1842
5934
13692
8742
13350
10059
14094
7140
10161
8862
8877
5934
16599
9714
15111
5535
14052
16932
14397
17319
16674
384
5484
14511
5967
16773
13638
447
2754
11100
477
4596
17037
14169
14397
12387
7287
10491
1527
17448
2409
11460
6438
1008
3174
3549
7599
285
2481
3996
660
2211
5439
6144
17781
11406
5973
13419
12909
8727
7575
13389
13326
6612
10614
10779
2055
957
4326
4638
1461
6735
16098
7899
7743
2331
12507
15345
2616
16044
2397
3276
1314
7836
9420
1095
1242
15393
15570
15210
7176
5145
10599
3558
12816
4269
14337
14871
6285
663
1512
7746
8454
666
16704
17256
2997
12267
15657
5613
11367
54
9945
12681
8949
1365
14832
11247
17814
12402
8457
8049
606
2112
11607
13422
6384
7947
11349
12669
9666
13917
3471
1179
14586
2175
435
639
15498
16092
7311
8868
17202
17256
3549
8151
1680
1440
1401
2550
14898
9858
10599
15504
11973
4209
11982
1413
13212
5334
15138
5934
1251
1665
7113
15837
4899
8604
16479
2397
7752
6846
11265
6957
6102
15873
16164
7782
17313
621
11391
15267
10482
3990
12774
5511
9255
7812
7980
4467
13146
6174
11460
14400
7839
573
13293
12738
10236
12828
15138
17988
1674
9459
8001
8835
7332
6168
17673
7701
6789
11064
6027
327
15057
1857
6894
7368
9669
14874
12894
4818
3048
6354
2274
11946
7983
16623
6684
219
11454
4878
210
14184
14340
8211
5019
4728
15435
4695
13488
4227
15759
1515
5610
13872
3372
12507
4299
13041
9381
17193
915
13488
5547
3189
7434
13530
2871
15174
14808
14325
2055
16074
10509
16395
7341
16587
3123
4779
3282
16611
10062
2097
1182
15672
17028
4554
11235
3327
654
3675
3576
1569
17163
9123
5817
7653
5709
8688
4827
3573
6069
6882
1647
17634
6333
8991
17277
9459
13770
2559
9126
6888
5715
11367
5616
5799
15921
16854
10182
17631
2529
13758
2259
2748
5937
8076
10401
11646
17820
16284
15222
6945
5169
17925
7635
11502
8916
6915
4017
5742
10530
14202
12630
16245
7569
1305
5100
6546
159
15282
6180
2688
12096
8439
5436
33
17571
16893
11682
447
15177
9960
8448
3402
9885
16083
15963
1860
4998
3036
8658
15531
17238
4347
14832
7863
5652
1935
15468
5811
273
3648
9555
12372
13143
16047
13461
13770
14940
7143
15273
13173
159
5721
16578
11103
3804
14541
14019
9861
633
4677
7392
930
9024
5280
8793
15732
8271
6261
4599
8547
10965
14154
3975
7164
12201
17436
2934
10197
7638
207
5373
8853
6984
5007
3012
10791
2604
17031
2652
3237
4767
11100
4167
14847
16380
14019
12582
6654
3336
17181
16257
15360
13338
3288
4524
8595
3780
8517
1851
11418
9780
7224
3330
16767
13287
6342
10614
15891
5376
14322
2184
10143
7422
6354
6990
6858
3429
2628
14568
6765
1812
13881
5181
16206
225
9708
7857
4008
1281
9708
16482
11061
16932
1812
9828
12219
8157
3498
11166
14589
17820
13353
7788
8298
2763
15834
16215
6192
465
12783
14013
3333
9723
1197
1539
9948
11961
9396
15012
13242
2163
13497
6303
1095
16365
17190
14373
7578
2688
8595
4167
2511
3948
13011
10809
7767
10848
9024
15015
12369
4866
11031
16758
15645
13284
1353
8649
7245
10749
5664
2487
13968
2217
9846
15066
582
9036
12495
8163
11727
4146
13386
14238
9153
8400
8103
16920
2304
186
13938
15729
6108
8025
14487
4809
3309
15840
13458
10554
9645
2178
14097
5616
4395
5943
3738
4980
14982
17289
13143
9765
3435
8529
7059
12588
17985
15162
12567
2289
16404
8505
1074
5568
16530
15561
10377
2895
13401
5838
13449
5049
8016
10602
11721
12414
16545
15459
450
13527
14748
14649
5292
183
6234
13407
13830
6222
10572
8397
9567
10032
16902
10644
15603
16488
8205
7980
1383
4665
14874
15888
10770
4893
8490
4491
363
8091
1950
1869
4677
17754
16518
11025
993
4752
6435
14823
12030
17007
5220
3600
10095
5178
15300
7698
4722
5505
15681
7161
11226
13611
5049
3996
504
14595
8487
1923
4689
11493
3792
9366
11247
2310
3447
12243
8121
9882
9066
2151
9945
15345
5751
2043
3579
3051
9741
8304
9615
8478
15465
2841
4092
3573
7896
5652
168
16383
8634
5913
10935
12426
16335
4182
15795
1785
17481
5916
11667
9606
8067
3615
6951
14877
5658
10530
984
16455
1890
11655
7992
17358
15555
13140
2931
5451
792
4155
4890
9426
11127
15825
4911
9462
3066
2706
12303
2547
9678
5973
12153
801
10644
2160
15678
17358
13749
17721
15813
15639
11376
6861
16053
9987
2001
2040
15438
2796
6198
2331
13278
381
1212
189
9843
4278
3951
5205
7884
13629
12234
3093
14433
4878
6312
13167
4236
2061
12888
3105
756
7323
11025
16812
17310
13026
852
14751
15822
8106
138
12159
8487
1350
12348
1389
6687
17358
6594
14571
12987
828
17664
9420
6762
5976
4590
12054
9093
534
16215
9852
7857
9240
9720
8226
4269
11628
4977
3147
2793
6171
15306
11280
8577
10713
13725
15264
10071
2319
11835
6114
4203
12558
16593
10965
1590
4239
5019
10686
4773
3237
3594
13689
12477
14370
3915
16746
7998
9948
2952
10791
16119
258
5130
7752
12027
855
5019
5154
4233
17910
11271
8436
13524
9864
1404
15117
14103
7479
8859
1932
11772
12453
16677
6252
9879
2592
6054
17877
13596
9006
11727
12771
10323
16857
2526
5406
768
7545
10563
5001
8511
4890
14496
4038
14754
16956
1155
11913
6435
11070
14901
210
5523
13581
7518
16458
17229
14628
16335
12828
5637
11118
8655
17016
11031
11181
4422
12858
1782
16041
17859
10296
2931
15411
15390
741
14367
16545
13710
3861
9615
10614
5127
16194
7251
12645
14652
7536
9273
14043
3420
15966
8220
12078
16038
1251
6315
2463
15165
8100
504
15027
1452
4494
13494
16842
5235
9864
16443
948
14781
9114
12618
1908
8364
2925
15609
6072
10461
7938
3171
13884
5907
11391
7962
5001
13701
15333
7464
10866
5433
9027
8949
7941
13521
4446
7839
1812
15366
6282
2760
13203
16452
16434
15111
6816
1359
13776
12888
11823
3714
16062
8763
10677
9453
17781
15681
6210
15114
6201
17079
3606
16284
9084
11547
11805
13530
2445
14676
11952
8727
492
7155
8238
16929
5322
15054
1344
1098
9945
14223
5871
9063
4986
17604
1572
5823
15285
7785
2940
4545
7920
6546
2829
17004
1149
15693
13593
3594
12369
8601
13380
13917
15759
3618
12846
3081
672
14193
5238
11673
11472
11109
3792
16461
11769
5367
4284
10113
14208
8280
14658
4128
14826
543
4188
17034
17292
837
2628
12717
9441
16008
8637
8256
2682
3483
12393
3357
732
17631
16086
12207
11796
1881
11724
5568
8304
17064
15681
4512
7347
13395
9696
5229
13938
14940
5319
13233
15780
7950
7950
8277
7014
16587
16533
9699
3129
11982
14112
4917
12672
13254
180
6468
16191
11904
13092
6495
12027
11829
11007
1374
8280
2703
7659
5277
702
12981
1566
17538
3987
10572
7815
12057
9162
7404
4812
13347
1386
1980
1320
14058
15237
1503
3585
13428
13407
17733
1926
8490
12621
13989
10920
2901
17751
582
9234
453
14619
10800
17991
606
3375
7806
13719
13593
16266
534
8940
708
2514
10260
14769
17751
11763
1410
14238
8229
2199
17220
17775
14820
13209
10698
780
12960
12336
10014
14469
8955
2817
14460
10617
7248
5322
6336
2841
3588
6870
11781
5355
10443
5097
3180
11250
17919
4590
7488
9204
7845
6708
8979
4668
2976
2733
6504
16992
15069
17574
13464
6024
3447
9924
17697
10695
16305
7092
13536
2949
13962
8373
8304
7461
14529
11484
714
14448
17130
8202
6708
6978
15969
16743
12702
945
1479
1206
17937
16548
780
13401
5631
5286
6384
5328
15981
4689
12420
11520
8694
9441
1893
17001
16902
16422
10485
672
13926
10674
8877
3690
17652
7902
2436
12354
8847
4971
14616
9840
3519
16452
6300
10206
3738
13740
16593
1722
1485
12069
14298
10179
4566
16191
9180
3471
15672
2724
4143
12654
13398
14076
16347
14106
3978
1839
9516
13881
6810
6132
6780
11385
4584
13080
4650
9381
8820
3243
12159
11361
15312
8457
3540
1881
7704
13779
6408
6432
17559
11607
1089
14013
8742
492
10119
13776
3387
1635
9660
11253
8823
16440
5694
14463
12576
10344
5844
4452
13587
3
15813
11958
9516
2409
14895
17223
16188
4359
5655
15747
17022
7800
12816
7764
8292
4935
3543
11679
7626
14259
5988
16449
13755
11685
13971
8331
4029
1815
12783
675
2877
11652
13689
12393
14061
10584
12672
13308
15999
330
12111
15021
8130
6930
4788
17481
12921
9387
12216
3606
6702
207
3111
2457
11892
17082
11844
15921
1956
7683
16596
4833
1335
12285
282
16452
5925
12957
11760
3924
13287
5874
2004
4473
13860
6792
3954
8781
17235
16173
12387
5937
17436
15501
9450
11328
14583
3294
9249
17595
10977
8904
4428
12312
4245
5769
11820
11229
726
5583
16209
15069
11457
213
2598
7317
8061
6555
17154
7296
5784
11544
14289
5220
10101
5739
17604
7740
10089
9909
7338
3066
813
12822
16434
6117
591
10257
17346
1317
16896
16611
17442
10353
16827
2043
726
6888
9654
936
15243
16494
13536
11532
4770
5637
330
4374
14436
11475
15339
4830
14544
16155
17652
14034
5328
246
7347
5730
2619
6243
4341
3120
17652
3168
6219
1434
10059
15873
2373
8358
15423
15909
2946
2193
4605
4332
7623
1041
15810
4962
5871
13410
4173
6579
9444
10557
6825
16794
16287
10503
5037
2631
14679
5748
6855
2898
7182
17970
771
9555
8328
17250
7467
11277
2499
13128
15609
11178
14169
13419
17196
3096
8829
3372
9675
1332
13929
17559
1182
13275
11118
7275
16962
7797
13023
5817
10695
2208
5790
12522
11763
15174
11772
2286
9507
15327
15414
7119
8505
12639
3594
7701
15735
13482
12129
8469
15870
8061
9084
17052
4392
2202
6327
3354
11055
1353
9171
4806
3561
16017
17328
16380
13194
12156
669
5757
9483
16083
12876
1044
10725
17529
8745
9516
14067
2877
1041
11937
11994
10125
12045
16386
13383
372
2796
6438
2781
11967
11244
7398
11043
11628
5781
7293
6840
6450
13050
17379
5589
8985
423
17370
9570
10227
9945
5637
13104
10986
630
8154
4170
12675
6540
17553
14103
9336
5994
17943
4359
294
7341
16458
12981
13122
5751
1821
2628
1860
1203
9276
10845
2682
8646
2415
12909
1647
9108
9069
12636
10794
17223
16806
6525
6819
17415
3684
17211
5409
3627
3573
6762
10971
2031
1743
7149
8841
4620
9780
10701
6879
1056
4602
10620
10758
8073
5529
12408
17181
14601
8100
9975
14880
7962
17556
3702
7377
3240
2913
13845
6870
7542
3663
897
10632
6462
8046
1473
11082
17826
13230
1020
1938
17832
11640
13755
7905
225
9219
8142
14826
17319
1173
12765
7281
729
