7000
13149
2658
17331
2745
5379
10005
16158
1476
13947
16263
10086
3081
17070
18177
5289
8778
16620
16278
6516
20208
15633
13104
7701
1287
11346
1590
11586
15369
9201
12405
2787
14406
15066
12174
9207
12501
1179
4368
6033
15126
12687
16119
10263
8757
5352
7611
9594
972
15945
16110
13239
10578
273
20940
11868
11619
14586
15510
5988
15843
6915
8775
9252
981
13008
10515
5538
14187
6939
11571
372
11685
19746
10635
20442
4101
10302
1092
18129
5250
9261
2424
15828
9534
2364
19752
13209
16953
14262
19197
11796
180
20028
13104
14217
12036
15678
19758
18282
1617
2385
10710
13302
1134
13401
4803
18291
2706
18951
7476
7956
20268
9903
15840
858
4323
14595
14067
13332
7857
4320
17187
93
3351
9291
14313
7443
17025
5127
17781
10701
20568
7491
16059
13758
20895
12918
11049
15657
10872
10584
2613
2196
20487
10509
3057
3810
4104
17124
17145
4020
447
5388
17169
16854
6735
2538
16353
2763
7665
13137
13464
20292
12684
8523
13050
12579
13500
3102
20292
3372
5742
14961
5568
5229
4473
681
1095
8577
17808
10296
4653
10311
15684
825
19221
1422
3363
14574
4185
3087
6711
9705
2379
11454
10284
15429
3033
2784
10587
2328
19212
16329
17289
16839
13614
13818
17520
14712
14454
6384
17064
19107
8751
11751
11988
6972
5229
7410
549
1470
10497
20316
11175
4932
10770
13515
12417
5862
8358
2007
246
19626
10392
9591
7521
16065
2412
4044
1833
16866
2484
18897
7029
11238
1704
19020
10266
6933
5430
10815
8403
7983
2190
11634
12915
12960
17208
4332
10878
4566
19395
11124
16248
846
12774
2772
16911
15186
19872
10800
3108
1356
8697
10137
4650
10404
213
14919
9393
5643
17790
17799
5682
19980
489
18597
11943
17697
14988
14877
14319
5439
5004
9570
6285
17778
4398
15252
4020
3270
5052
7128
4626
5808
9321
1335
8268
9537
16254
17661
7236
13044
6516
4977
12027
7008
15630
16026
16761
9618
9903
2139
7116
6963
3765
5457
16797
8163
20712
20817
11433
17820
20001
8115
15684
381
9450
2952
1974
17760
12672
1266
9807
19188
6243
13890
18252
876
8916
14016
2550
10875
16155
9666
9897
19920
15126
5694
20139
6894
18570
10572
16770
9627
10743
11457
10008
20196
6465
11982
9012
19137
5307
18819
17328
11550
3765
14580
12426
4737
20652
14979
15615
7863
16701
4512
19839
2883
2262
18978
9777
20832
606
18606
1518
11352
9063
11526
2604
7584
15567
11616
5724
20874
1494
15108
11424
5259
744
15909
9999
399
1944
17670
8262
10701
14238
7104
13587
16500
18138
2364
8391
18747
20970
9909
9099
1089
13491
3759
8676
8058
15375
6456
20988
8925
564
3471
14187
1308
19380
16242
14763
13380
12912
15084
3081
6150
14244
16668
14706
11382
11091
2097
9129
3117
12006
10284
4209
4500
14043
4941
4614
477
3453
4605
9402
4017
8076
15645
18381
19512
10887
12147
11892
15855
19287
7029
1005
12531
2700
15714
2913
5847
9867
4101
8964
876
14385
5229
18432
20487
10170
2046
13020
13623
19707
14478
9696
6783
9126
7080
18351
12069
11283
9243
6927
9570
16275
20988
1101
11031
15702
17070
16878
4572
171
4842
18504
6615
10074
15936
19158
12300
10038
11178
17982
8748
4656
19734
7587
5838
18870
4941
17910
9153
6240
16893
10779
14571
16881
3936
17658
3642
13065
13536
270
13236
10437
10830
11907
12567
18822
10065
16923
7860
13299
5961
8664
10014
4698
8310
15852
2568
13251
4818
3780
11547
711
6615
18177
9651
10554
14835
5349
2619
7374
5619
7911
9867
16449
19821
1434
14271
942
10413
14187
6300
16377
1854
16314
75
10164
3222
15699
15471
8043
19479
19074
810
5097
16251
2517
7707
10089
7866
2382
9519
5541
10293
19386
14046
1170
12876
20373
15171
15345
13563
471
10722
7473
8841
2853
9693
12063
10611
17220
12162
9090
15294
12975
6243
10548
7548
6006
12693
15417
8388
1212
13014
10740
12654
6063
11910
17586
5436
19137
11931
11055
19608
14712
18528
7449
9621
20277
11571
20232
16497
2733
381
2850
15708
19680
5454
15315
4689
18147
9732
5133
11415
14802
15873
16125
20865
19842
4767
5304
17979
8754
8415
8646
2466
5946
8151
12090
18279
19722
3378
13779
1458
3759
16629
9222
2442
14139
3537
7131
11286
5325
12264
14757
20130
20196
9882
12051
19038
6705
9411
8073
15459
17829
16719
9984
2775
3873
14130
54
15651
17508
5889
9165
270
14574
18390
2712
7713
13983
1899
11055
11367
6219
4812
2553
5415
6750
14604
16509
13455
3018
3585
7917
20847
12360
17901
15678
8289
11031
7788
2943
20595
13680
12108
20865
20310
1554
15633
7026
7596
9588
10137
18963
15810
14952
516
13281
702
15120
849
6216
10194
17490
6189
10041
8850
3090
4719
17142
6177
4566
12141
5772
18246
16305
18696
9612
17862
13329
8694
4458
1920
18834
15477
9786
12786
8049
15123
5544
2169
15972
3816
12366
12462
10005
14463
13371
13095
11241
9513
11328
15807
654
17103
5109
16959
14799
14721
5877
20184
2418
2391
14160
252
9924
16002
5094
17973
10128
2694
20145
18156
6513
3567
1677
16518
18030
15048
672
327
16617
12000
16134
9327
159
243
18342
7014
14967
16278
6201
9441
18669
20361
9693
7596
15366
6843
17625
17550
9537
16770
6762
16050
12393
8439
11571
1482
15543
12243
1809
11160
16299
17946
12543
16461
10245
9888
2475
4212
5166
8676
13653
15891
96
15402
15543
7518
1245
12171
17124
10785
20997
2886
18891
4449
11328
9462
5931
18927
13761
20796
1146
9063
9798
13689
17580
20046
15633
20055
3258
12855
20790
8970
7749
12942
16428
15348
20460
17676
19575
16584
20517
19575
19470
18408
16080
1854
19929
1011
20784
4746
13863
930
5865
2664
6675
2445
1710
1311
14559
18024
14166
14349
19050
13971
6291
14481
378
18807
3213
19953
6447
2730
10584
4917
13194
5664
19830
4179
19731
11670
8928
12597
4656
14793
15261
11331
9297
16971
4698
2856
6051
10923
17205
4104
3894
15552
18585
17328
5415
798
16284
11862
16584
18924
16779
834
3591
7665
5016
2322
19335
6000
6975
2991
12849
1236
6381
1146
10263
11079
4002
16317
1002
13263
12477
17955
20871
10062
14283
5286
2916
1623
17148
11556
20550
4986
4446
16197
12651
9462
18519
3045
7518
17553
19092
20370
18789
4473
516
111
7611
17577
8484
8613
9840
20961
5568
1770
10023
11910
7056
4995
13533
3207
16551
13083
249
13053
336
12900
1518
10914
8001
1092
7467
6096
462
18312
2625
14037
18423
10236
10614
5907
10908
12510
5868
8532
14280
7947
20442
13395
12942
12978
8658
549
18117
8907
13605
18456
13863
7179
8370
867
327
7893
20019
792
5205
1644
6885
2631
3939
17499
594
14847
1065
6465
2379
7404
6468
14880
20799
11469
6858
513
4074
17031
9420
9735
6543
2283
8970
6969
3150
9300
14862
15225
10092
12126
16872
16977
14757
12867
5532
7407
6714
19653
5928
1149
6057
12399
16029
18912
2868
14943
19425
19998
3033
20901
8736
9576
2187
17706
8604
18393
6006
15522
12621
8154
6648
549
4131
13461
13416
1719
20871
12186
375
5799
5391
19488
10254
423
9459
5178
7422
20940
4179
10455
20844
12915
12090
15087
1677
20694
12480
7686
7272
17157
15840
13923
17706
12030
19440
2178
13749
11367
6420
14124
17169
11814
4671
19479
4293
14130
3660
11715
14070
7839
1173
13914
12810
13263
8001
14487
5013
12540
14229
12285
8697
9072
18264
18462
13158
16707
12696
5907
20130
19119
12090
16299
1989
16761
6837
6282
1947
10497
10053
16017
10392
11226
990
15258
16545
1047
8745
558
5643
15033
4902
6399
16161
2166
3861
8319
10929
16557
14226
10062
6732
18372
18417
777
6189
4254
7059
8136
6807
17115
16212
17199
20397
17202
11457
15945
10305
12261
8559
8007
19350
13461
14406
14511
7686
18267
1830
18615
5880
8112
20733
4671
5487
10209
5448
11676
14463
4566
19815
13329
13737
7083
1584
13134
16341
5100
135
5646
17361
8697
13653
7767
1158
7059
1278
8844
17382
3108
19518
15321
3276
19251
19992
8763
8460
4440
12498
14982
1062
3369
7311
14799
10452
951
6936
5793
6051
20127
3495
15468
7824
9207
2235
8985
16266
3513
9885
4707
19677
8403
20028
1956
19713
19020
2775
20229
15516
15273
6267
16581
10698
5634
2436
150
6588
9372
18999
12639
558
1497
7110
8382
10704
9345
9423
19026
4917
19311
15789
3594
19770
14817
18606
10539
4893
384
9771
20412
7713
16038
8049
18414
675
10485
10620
7263
11916
678
19902
12474
2175
19068
20856
4935
7416
1338
16017
12333
20649
10809
7983
11475
4626
18648
1017
9522
19032
10788
990
18801
18882
9039
8271
19557
11580
10950
18876
2496
11628
9837
14970
5859
7905
6885
10794
15321
8223
5811
19710
20928
16620
19752
11403
249
17400
4476
1827
7488
7320
2817
5289
5205
3912
5619
16818
15492
16569
6753
10047
20253
16590
4017
5112
3495
2958
15906
10875
3237
13773
1641
16221
1452
393
19683
14757
17793
3159
16584
4281
10482
11457
1629
7743
15369
20304
3561
1917
7929
10314
11964
7182
18960
8040
12294
1458
3054
20256
4389
6294
5085
6030
1515
6537
6426
198
294
16275
16416
8934
20559
5898
20391
14244
13641
6816
13548
9258
8736
477
11631
20700
7659
9591
20796
12009
3105
2853
3321
7494
9147
462
5583
2718
7002
12009
15975
20352
7284
11391
8289
19899
9345
7680
13143
15042
6555
5691
3300
15291
19224
6987
7047
18939
8637
19902
9948
11742
1755
5325
11295
2958
5790
16878
5676
4848
7887
13707
17256
7227
4098
4545
19185
5499
4284
11328
20541
10839
9078
15900
18186
20358
1887
17289
18300
10524
16191
7248
14325
17946
4632
4620
12960
2478
13554
10695
20382
13497
3402
16638
20724
20559
186
18909
5058
17526
1296
4602
20421
2430
20502
17607
1788
14445
5952
20088
3972
1146
19395
10353
11148
16083
7029
3111
18561
20583
13806
17943
13080
9264
5637
4860
8823
18879
2772
13884
15405
17124
18486
14826
11610
17988
3489
13398
11433
1500
4545
7461
15702
15996
9870
5850
11079
16899
1017
8640
16482
6879
18639
8562
16146
16332
13425
3969
14214
8253
17853
8619
17433
7395
15504
8043
17439
11049
13497
20931
4605
18042
7392
20307
13038
9321
18216
16173
5220
19233
16869
13761
18171
14508
14379
13317
9843
19860
9342
16113
7113
19254
16788
16602
5649
11292
16701
2091
14400
9201
2022
19005
19299
1470
10371
3396
2847
7587
19569
8070
18876
15441
13887
16047
1005
7266
420
2904
6129
9765
19017
5298
75
14808
13959
18780
18156
9660
20871
3612
18861
14949
1620
17163
8478
11991
12615
3381
11634
11184
3507
9510
18681
17394
4560
19689
3663
4980
14649
1848
6801
12669
7146
6876
19533
105
4659
16689
1824
17586
20304
20685
3594
13980
8904
4128
18027
519
7509
8661
3762
11019
18171
1443
20469
14787
13188
3132
11826
6840
18036
18627
11565
17241
17562
10098
9402
14277
18843
11226
2919
10203
10914
6513
16239
11874
2697
13266
4452
2265
13983
270
5340
3213
14769
4809
18000
6960
0
8826
5856
18036
19512
17421
14277
16074
19575
2682
9351
9474
13908
12270
19680
16878
10842
14919
20811
5595
20244
4263
7860
13227
17589
13200
8496
11358
18012
5499
10374
10068
6381
16230
7104
4893
4707
384
13023
16338
16122
1374
4815
9030
5703
3495
17967
8601
10470
17778
14196
9714
14097
14115
15000
10686
19371
2496
1044
16383
51
11421
18507
19491
19707
4614
3384
3417
18054
16410
19755
13176
9840
16626
14262
7599
20121
11229
16200
1650
63
1455
11364
14160
15570
18420
16902
13941
12975
17949
1383
5082
426
19890
3573
12189
16560
6960
7662
13614
15426
19476
5790
4266
15102
20055
3924
6282
2340
20124
7932
2406
13635
11352
16566
261
8775
12471
14205
13806
1476
7644
18888
14958
19590
14520
6147
15153
13536
5868
7767
7962
4344
5616
4284
19446
4671
264
4728
7011
20391
12660
9417
5082
3015
18042
5346
3846
1569
11607
9708
3045
19251
20652
10059
9897
14172
8262
4050
6708
14130
3876
6726
18474
9492
3069
16923
14163
3333
13707
13230
15780
5370
14706
20865
441
11748
18267
17343
13317
8874
6051
8418
7125
5703
10533
17022
11934
18795
13131
10698
11928
17007
9483
9402
5499
4608
18381
11718
20997
11091
3948
15780
8517
10710
7701
8958
1458
18024
5301
6831
5898
3408
7305
5079
9111
17838
14157
13101
15636
6288
2802
19620
15351
12285
8022
20850
16893
5406
3624
16890
8553
7575
3726
17070
10341
3483
5028
11802
507
2385
10689
6405
5793
10053
3540
6960
6891
17700
20064
14583
2988
14922
13203
18342
6207
13284
10248
15156
10746
13875
11046
19299
13506
6831
15369
2847
2370
12453
6705
2880
14838
17397
1341
12687
19506
4884
19647
5397
1584
10767
12039
17628
4689
17298
14970
2952
9582
17277
18108
20328
10152
213
18627
15714
20100
5052
10617
1470
17505
17325
4350
11343
5778
18750
16086
4284
2634
6792
1737
17274
17559
5832
13902
14307
2133
20931
9315
3771
17208
6426
3102
19416
19695
13785
14130
18795
10896
3747
12321
7401
13128
16674
10803
18906
6480
5889
15246
9114
12681
9042
5388
1299
14874
19290
7662
17007
19221
16977
20781
7485
2403
15939
5901
14154
780
12087
4005
11676
7893
16329
11136
21
4059
939
10986
10539
19884
18288
19653
11568
6330
17097
4923
207
7443
12585
9270
5667
8562
1107
5208
3024
17046
11112
17178
9885
2199
13242
561
10092
8571
3753
2172
12630
4692
5214
2169
3579
2502
13878
7203
8835
9975
4182
1098
17418
16767
10368
15141
17385
11478
20352
20409
20580
2520
8646
9465
4719
13944
2085
6870
1515
5838
1098
6201
2589
6312
8370
19224
870
14304
18483
9705
3279
1665
10803
12753
18432
13230
19953
6873
16764
19305
19341
16344
825
20043
17868
18600
12987
19953
17526
14502
17847
10680
20703
12492
16992
129
10716
17865
14433
8199
19626
9768
1920
1488
14577
12408
6774
13530
19284
2538
3891
17625
18882
17772
16668
15750
15375
8655
6759
3957
15213
16665
14640
6972
8157
2688
7101
10932
12609
13590
11187
11238
2358
13110
4782
16935
17574
11556
1524
15858
14094
5415
4539
4032
2190
13263
11841
9621
13974
18600
5634
8187
6321
20274
15159
6537
15021
14316
9525
6630
6906
20712
9924
1320
4878
14706
18258
1455
18318
11838
9369
11412
17253
13911
7503
11499
19230
19344
13176
12207
9000
18813
12450
15324
10143
19668
861
4164
12984
10386
2853
11949
2154
12777
13269
7035
19542
2583
546
8916
14421
1971
12387
2733
15882
19890
14232
6171
18234
6411
18378
6234
17280
1884
558
6423
552
14475
2646
5595
16917
5499
17544
19074
10332
1869
18165
930
4455
10767
9849
10932
12738
1236
13665
20679
126
6900
5850
18360
5367
16284
16650
1647
18168
17211
126
18723
2742
2772
16374
19662
327
4974
9792
10662
6843
6957
3648
3354
9780
13497
14289
1518
6789
6954
1197
6915
5910
20103
17331
3333
15387
12984
18036
12558
1251
18165
2337
17049
20937
10767
15711
267
15741
17559
2985
14640
16572
6633
17997
5352
20133
3342
19929
18978
2352
126
4896
321
12288
14283
3654
6675
19323
693
11289
12630
18858
5682
8682
10851
8505
16449
3174
3246
13011
6159
9945
639
4851
6942
5994
17040
2340
4923
15018
4692
18105
19914
18069
9393
5256
726
8127
16635
14475
11472
8268
4389
9213
9006
15240
17718
4455
10473
20967
9522
16632
1968
10164
483
8910
8214
17523
3306
13137
11544
54
2298
2514
18126
3750
20826
18852
11877
16464
4383
15405
16788
8772
3618
4794
16068
339
1305
5541
13362
2886
14232
15330
5106
6771
16296
13320
16353
11658
18513
6897
11712
12867
1467
8838
16617
14352
19746
20550
9816
3129
14958
5604
3957
18576
2454
20028
10971
3759
17625
16389
6645
10857
2775
3807
17631
11127
17127
5040
1785
6696
3993
13500
19566
5460
1338
7239
11868
87
6792
684
16272
750
19344
20232
11382
13854
11316
14412
17616
7941
9801
16317
10857
12579
20127
20544
15762
8310
4584
17550
7065
8577
10050
18687
6093
3444
4926
17964
3531
11718
10704
11862
4524
1107
11094
15909
14961
1410
9321
3633
1407
11178
12009
4320
15813
3192
3864
10578
3558
8448
7128
10623
9081
9234
366
15177
12678
5295
4197
16212
9069
14901
7074
13596
8064
10224
561
2028
3690
9882
18717
18153
13116
9726
1476
7932
12918
5340
10566
16479
5847
17694
19158
6984
5928
19527
1161
18606
16878
18414
5874
4947
4374
5004
18543
12438
7284
11160
6522
10974
42
4242
186
5217
13968
1662
5205
18945
7002
15771
6480
4905
4521
4638
11892
10449
3165
5109
111
12099
2526
19044
17049
6900
16104
6648
19338
15447
17811
4863
18477
9909
1161
18663
15126
15129
20325
20331
5130
19386
7158
11610
3291
11679
16251
15183
14184
11472
12351
14298
2574
14877
4398
11679
777
12558
18327
12171
7005
15138
9090
4485
17106
10251
2148
3288
17439
1476
2622
1569
12918
9780
13182
16209
13518
489
2451
6702
4017
14802
13056
19647
8679
17454
10326
1512
9015
20712
5739
8076
6906
14832
12561
3012
4083
6768
6303
13578
8244
981
15150
162
2817
20388
8427
16335
12933
10878
2040
9006
17736
15096
7656
18471
3609
10038
19983
4680
9750
17781
12756
16659
11613
4320
19671
7752
3144
18030
333
3444
19011
7539
16662
831
19983
4089
9222
3972
7026
11262
12978
3762
18417
20634
14292
1026
9675
5331
5706
11481
2112
18462
7140
13725
14838
18870
480
17982
15900
13869
426
5970
13464
17088
19857
12447
13236
8079
8475
20262
19344
453
16080
16761
13146
9372
17787
14877
14706
15549
5358
16818
13011
12501
1602
19908
2427
15138
16890
18327
8007
9375
16353
471
18519
15210
4974
10755
2292
13449
10017
13692
5958
18156
1509
19104
6528
19296
12981
13290
5901
10398
9111
18912
1899
10713
9876
17382
4851
18825
6765
4914
7200
2121
18441
4719
17331
15471
15477
11679
20976
17550
4371
5934
14706
5880
4041
13293
17232
9078
5583
2133
19476
14694
13104
13431
17463
1980
9813
14370
12861
8637
11340
20061
10758
837
16839
7089
16308
3372
10827
16284
20922
15198
14277
6687
81
10374
19980
17313
19452
17619
11505
9987
3372
3609
15474
20835
18645
17346
6264
10509
4983
17604
1626
15741
10500
18465
14886
5808
13893
4713
14151
5874
19914
7428
12561
12051
17802
3597
420
8310
216
3981
10353
3588
20646
4830
16482
18294
1176
1746
20859
6159
11406
14541
13956
13962
4065
7842
19773
17958
4614
4980
2832
16584
4464
7449
7635
1266
3102
111
1632
3321
4095
11988
19965
3741
16818
15447
14091
10050
9249
6006
16209
12714
20550
9165
5676
3615
9063
17505
573
5733
1485
16464
1317
5949
15969
1008
20271
19074
14178
906
1395
18273
4950
360
14070
13824
7866
7164
2874
9171
13170
19083
885
12720
20304
19620
8391
423
16125
1023
6159
9669
17487
20532
7674
12456
13599
6948
10530
6777
20910
3981
4050
17916
17400
18120
10740
17322
17340
13614
5493
9513
11697
19437
14289
3057
18057
1683
16536
5238
15762
14751
14907
12249
14286
1584
16761
6885
588
19350
13662
498
15387
9768
18414
11787
6888
8154
165
16287
13824
5661
4800
4521
17154
11145
20634
14211
4884
16170
11505
20646
9924
5415
3951
16266
20055
12771
15207
20643
11121
7869
13197
5508
17637
2667
9354
16581
10821
9519
11868
3645
7236
8724
222
3390
11928
12912
9657
8868
138
165
8517
2118
18636
4524
18384
17691
17295
12591
9390
7416
12516
1587
4983
1209
4254
6393
9849
7131
7968
13773
2832
15207
14556
16110
10653
5484
78
12369
14352
216
4590
14925
2337
15282
19452
12777
11973
15747
17427
13419
15222
8943
15006
20205
2211
11316
5598
12060
10503
5622
4833
13335
20829
11445
501
2541
16929
579
6966
2340
13851
3612
9321
16188
18894
7773
24
9867
15579
17451
2286
9801
18450
9348
1062
20661
12720
19716
3777
2223
4338
669
7614
17226
12114
8115
19767
8046
750
18789
2442
14601
1401
11763
1848
20295
11595
1872
1218
6174
19323
16560
15975
16773
17964
17037
8493
9684
15753
12270
11907
20091
12939
11577
8373
4056
11748
20196
4158
12498
17985
6600
19155
11442
10419
3
10737
1014
14931
4011
7188
13254
20571
15219
1086
17535
3312
9579
19275
11121
13905
2238
10215
5847
13815
10644
1959
17619
9843
6117
9117
6828
4773
20331
18273
15192
12390
66
8265
6324
4080
15453
19578
16707
1731
12720
13245
5043
1299
3576
16167
15207
5817
18438
13110
11688
8082
15069
8310
17925
13242
9483
16812
18015
8814
14085
4263
207
6207
12528
6531
10287
20040
18165
5997
771
9888
11298
5814
3243
14874
14037
10506
12747
11475
15672
3438
11616
9741
11748
8541
1983
231
4353
12054
9048
10494
16320
1311
16704
7848
20898
19047
6888
18063
4044
20715
20007
7398
18588
2253
14331
11625
4815
6078
15159
20490
9516
5775
1287
264
14316
16329
13554
10728
7383
14658
13278
2703
15969
8982
2610
15867
20088
1554
4986
16188
1272
3996
2589
19860
19305
16920
2541
16176
15054
17700
15666
16629
2475
9012
8949
8850
4341
1503
11634
11724
16161
3912
6486
3186
4953
9096
19053
4041
2706
16098
20229
3978
12150
14874
15894
2511
2850
10494
18687
17907
7194
5412
13536
1728
14424
14541
2634
18765
16047
6324
9489
11208
2292
8031
6453
7245
17127
17562
3342
19836
12660
15630
15870
3810
9504
2823
6321
4413
13317
17067
1320
12567
1479
6912
6351
7959
453
1041
5724
8556
7365
7269
11823
1716
15303
18276
1017
3486
14838
4362
15378
19557
12048
2307
2367
552
5130
747
4965
10503
9870
19341
15126
11349
18309
13536
11364
10821
6633
17088
11433
6057
16413
2256
7773
2772
12588
8790
6261
6429
5208
13695
4986
17256
16002
20409
9867
13188
13212
6888
2691
2082
18288
9876
5487
15597
15468
16851
18474
1101
4995
966
7158
411
3222
14931
3183
15813
2724
1500
14298
20988
15198
11340
17247
10200
2805
6114
2391
16020
13002
18138
10158
10290
20070
15648
17946
14538
3555
7476
15642
8553
8442
14856
1020
3723
8790
17259
11592
3570
18762
4890
3558
5016
8286
12861
15216
11091
18975
9663
19167
10980
19860
8328
13326
18930
2976
10272
4527
19587
9807
12225
7140
18249
6081
8160
972
6927
4422
12564
10497
15240
9510
6114
20256
17796
18975
6528
20946
16953
16194
19113
19989
7110
6441
4371
18096
1473
6702
1623
63
16509
13848
20259
5814
11988
20478
6789
18915
16956
11409
471
11196
12978
6585
2508
9774
4560
9036
1776
13569
17286
20892
4614
3396
19389
1044
495
12921
7746
15174
12984
16311
81
4299
1125
12069
3777
20970
9984
20733
3438
10455
2985
16416
9096
5493
18246
5715
6588
20025
19284
2874
19917
15957
19329
10362
17001
11880
2283
16803
19110
7323
12114
19191
11625
13239
10260
7458
5268
12303
7194
8706
14814
2235
4122
15969
20787
1368
684
6375
393
12024
1305
12366
20037
12690
1731
16038
3570
17070
11841
14739
3396
16011
12930
15021
8253
15249
1479
13521
19608
729
1227
5478
2967
18405
447
2754
19773
1131
1185
20169
5214
2490
3591
4251
7239
5322
12348
2865
1395
16245
17604
17847
11259
9537
11868
11568
16842
5403
17145
15450
19191
10428
20928
14214
7833
378
9024
6606
14565
10209
18831
19779
4755
1425
3033
11994
19803
15381
6918
13254
10626
3522
10101
13941
13059
969
4509
8901
19431
654
16407
9678
11082
16338
2892
18915
8772
11916
17580
2337
14181
15411
14175
10992
8892
17208
15045
7698
3645
963
20952
6327
4485
10056
20271
9603
3081
3780
10560
14568
17493
5970
3246
7575
14364
6138
18549
2136
10110
15129
4473
16347
1596
18648
19398
10491
6912
13443
18189
2613
6462
10197
8943
3003
20253
270
12606
15393
17106
15225
8961
13599
195
12210
13233
6615
10404
2838
8751
12573
17967
5280
20976
11619
15987
19374
1110
1899
3873
11355
17571
2391
13611
18570
5397
12864
18840
10059
20313
7002
4284
8277
12660
17535
12543
17949
3150
15003
20787
3957
6576
9810
9240
19611
429
4227
10041
14598
19182
13917
18009
7809
8364
10620
5379
13761
15543
16275
2823
14856
15336
20163
15189
6996
16701
6732
3945
11907
738
3732
15867
20370
13542
17163
18981
6027
390
8025
20625
11628
13998
9693
19440
1362
20313
16875
15126
6912
4209
10005
771
19545
9168
8016
5541
17925
14751
1542
8835
15489
5274
16758
14859
10872
12921
12843
16899
5367
12924
8583
9051
5922
18276
20547
7284
9645
16425
14466
8616
12690
3471
1443
11235
4698
9459
16776
1623
3210
10374
2514
10755
15648
19272
4617
18576
3249
9516
6531
8616
14496
15114
9726
20418
4446
9273
19758
6150
17754
13227
14766
9444
8754
8265
12735
13452
17724
567
7134
20937
10941
9648
10692
18645
20979
7365
16221
3228
8937
1755
3903
2433
8925
5685
14907
5430
14958
13668
3636
3771
18951
10458
5271
6705
18723
18009
12216
15447
18576
19350
7440
8520
54
10191
6165
33
9612
14445
16320
18552
16200
12279
13041
17181
17964
6951
1611
11922
20619
18303
7749
18570
7761
13023
17331
5484
2088
603
12990
20664
12009
20430
240
12066
1677
6408
4155
11292
12909
12531
900
165
3810
13941
17346
774
20892
11016
4755
20511
8319
12504
10137
16083
17583
19527
567
19671
20130
13557
19338
3198
5046
11634
15264
6723
10098
11475
10071
2007
3009
10971
2172
19875
3915
19521
20652
3807
1593
4407
16377
9912
8967
18570
4995
5553
9153
18621
4224
8286
3234
15618
11484
8280
6255
18804
7062
16353
1335
17133
18363
17400
7107
20535
16278
3078
11112
7986
6885
12705
12393
15318
1620
360
4947
19671
18969
14100
9348
2196
14442
12585
9870
4926
12921
16125
15786
12039
3537
9180
231
900
5580
7338
13491
13914
2472
16662
900
1413
8367
13293
16734
2043
5712
13737
13773
3681
6837
2121
18933
282
6762
7806
18264
11742
15987
5109
15837
19524
14289
16068
12480
11925
15462
18030
4842
17934
13692
5742
19350
1059
11094
7140
16161
8862
20877
8934
4599
6714
3111
2535
20052
1932
2397
17319
13674
18384
14484
8511
8967
7773
16638
447
11754
11100
18477
16596
8037
11169
14397
6387
4287
4491
13527
20448
5409
5460
438
10008
12174
3549
4599
3285
5481
6996
12660
11211
17439
6144
11781
5406
5973
7419
18909
17727
10575
16389
13326
18612
19614
19779
17055
15957
16326
1638
7461
735
7098
7899
10743
11331
3507
15345
14616
1044
14397
6276
4314
10836
12420
16095
16242
18393
15570
6210
7176
5145
1599
12558
15816
13269
11337
11871
285
6663
13512
7746
20454
12666
7704
2256
2997
3267
9657
17613
17367
3054
15945
681
5949
7365
8832
14247
17814
3402
20457
17049
606
14112
8607
16422
6384
19947
20349
6669
18666
4917
6471
10179
17586
14175
12435
12639
9498
1092
1311
5868
17202
17256
6549
2151
16680
7440
16401
5550
2898
15858
1599
3504
8973
10209
11982
7413
1212
11334
6138
11934
16251
4665
1113
12837
10899
5604
4479
20397
19752
18846
5265
15957
15102
3873
10164
10782
11313
18621
8391
6267
13482
9990
9774
14511
12255
13812
13980
13467
4146
12174
17460
20400
16839
18573
4293
6738
16236
828
6138
14988
19674
3459
2001
5835
7332
12168
8673
10701
9789
17064
9027
15327
6057
10857
894
10368
3669
14874
15894
7818
6048
12354
20274
14946
1983
16623
684
18219
17454
19878
12210
8184
2340
14211
14019
1728
18435
1695
4488
7227
18759
13515
14610
16872
3372
15507
19299
7041
9381
14193
6915
7488
5547
6189
1434
7530
14871
15174
17808
11325
14055
1074
19509
16395
7341
4587
18123
4779
6282
1611
4062
17097
7182
18672
5028
10554
5235
3327
9654
6675
9576
16569
14163
15123
14817
7653
14709
8688
1827
3573
12069
15882
4647
2634
3333
11991
20277
459
16770
5559
15126
12888
14715
14367
2616
11799
3921
7854
7182
5631
14529
16758
14259
20748
2937
8076
7401
17646
8820
1284
222
12945
17169
17925
7635
20502
8916
6915
13017
17742
4530
20202
9630
19245
13569
4305
2100
9546
12159
9282
15180
5688
18096
8439
5436
33
8571
4893
17682
9447
6177
9960
14448
15402
6885
1083
6963
7860
7998
12036
17658
12531
11238
19347
2832
16863
2652
4935
18468
14811
6273
12648
12555
3372
13143
10047
16461
13770
14940
13143
15273
13173
15159
8721
7578
14103
9804
14541
14019
9861
18633
10677
1392
930
9024
17280
17793
3732
14271
15261
10599
20547
19965
2154
15975
4164
12201
11436
17934
19197
16638
12207
11373
2853
12984
11007
9012
1791
17604
2031
11652
15237
4767
5100
16167
5847
1380
5019
9582
15654
12336
20181
7257
3360
1338
15288
7524
5595
18780
17517
16851
14418
780
7224
9330
13767
10287
18342
7614
6891
20376
11322
14184
4143
16422
9354
9990
9858
6429
11628
17568
18765
10812
16881
14181
4206
3225
708
1857
1008
10281
18708
7482
11061
4932
16812
3828
15219
14157
3498
14166
5589
14820
7353
1788
2298
8763
3834
4215
15192
15465
783
5013
18333
9723
19197
1539
12948
11961
3396
6012
1242
14163
13497
12303
19095
1365
8190
5373
7578
11688
11595
13167
5511
18948
7011
7809
19767
10848
12024
6015
18369
4866
11031
7758
6645
1284
1353
11649
13245
4749
17664
14487
10968
2217
18846
9066
3582
6036
6495
11163
17727
10146
16386
2238
153
2400
2103
19920
5304
6186
4938
15729
3108
8025
2487
1809
9309
3840
13458
1554
645
2178
8097
11616
4395
5943
12738
7980
11982
11289
19143
765
435
14529
16059
588
8985
18162
12567
14289
16404
17505
1074
11568
4530
3561
13377
5895
7401
5838
7449
8049
8016
7602
11721
12414
13545
3459
12450
4527
14748
2649
5292
15183
9234
13407
7830
18222
10572
20397
3567
19032
16902
4644
9603
13488
8205
1980
19383
7665
20874
18888
7770
7893
5490
19491
12363
11091
1950
16869
7677
8754
19518
5025
15993
7752
18435
2823
18030
8007
2220
600
19095
11178
18300
7698
16722
5505
9681
7161
5226
1611
5049
12996
9504
2595
11487
13923
13689
5493
9792
366
14247
8310
18447
9243
8121
15882
12066
5151
15945
6345
5751
14043
9579
3051
741
5304
615
2478
12465
5841
4092
9573
10896
5652
12168
1383
11634
17913
19935
426
10335
13182
795
7785
14481
8916
2667
18606
14067
18615
3951
11877
11658
13530
6984
4455
10890
20655
19992
2358
18555
16140
11931
8451
792
16155
1890
12426
5127
825
4911
15462
6066
5706
15303
20547
6678
17973
18153
12801
7644
14160
3678
11358
19749
2721
15813
9639
2376
6861
4053
12987
2001
8040
438
2796
3198
2331
7278
381
16212
12189
15843
1278
9951
2205
13884
16629
12234
3093
8433
19878
9312
4167
10236
8061
6888
18105
9756
1323
17025
13812
14310
19026
852
14751
822
17106
9138
159
17487
4350
12348
4389
18687
14358
6594
11571
9987
18828
14664
18420
9762
2976
1590
12054
3093
534
1215
12852
1857
18240
18720
8226
16269
11628
1977
9147
20793
3171
9306
17280
20577
13713
13725
18264
7071
20319
8835
9114
10203
15558
19593
19965
10590
13239
11019
13686
13773
12237
18594
7689
9477
8370
15915
4746
19998
9948
5952
19791
13119
15258
8130
4752
27
855
2019
20154
13233
2910
8271
2436
10524
6864
1404
117
20103
4479
5859
4932
8772
3453
4677
18252
3879
20592
15054
2877
1596
6
14727
6771
7323
1857
11526
20406
15768
13545
19563
8001
8511
19890
2496
19038
5754
16956
19155
17913
435
17070
14901
9210
20523
19581
19518
16458
11229
5628
19335
12828
5637
5118
11655
5016
20031
2181
4422
6858
7782
16041
14859
16296
14931
9411
6390
12741
5367
4545
1710
18861
615
16614
20127
13194
7251
18645
8652
10536
3273
20043
15420
966
17220
6078
19038
16251
315
2463
15165
8100
18504
9027
16452
4494
10494
1842
17235
15864
19443
18948
5781
12114
6618
4908
17364
5925
15609
18072
16461
10938
9171
10884
11907
5391
16962
2001
13701
9333
4464
7866
17433
15027
8949
4941
19521
19446
19839
7812
6366
18282
5760
4203
1452
4434
9111
18816
10359
16776
15888
5823
6714
4062
8763
10677
9453
17781
12681
15210
6114
9201
2079
15606
16284
3084
20547
14805
1530
11445
14676
20952
8727
12492
4155
2238
16929
5322
54
19344
1098
15945
17223
20871
12063
4986
2604
13572
14823
15285
7785
20940
16545
1920
15546
11829
5004
7149
18693
19593
18594
12369
11601
19380
16917
15759
618
12846
81
672
11193
14238
8673
20472
14109
12792
4461
8769
5367
19284
16113
5208
11280
11658
7128
5826
15543
4188
5034
5292
15837
2628
9717
6441
1008
5637
14256
14682
18483
6393
15357
732
20631
16086
207
5796
7881
17724
14568
5304
8064
9681
10512
19347
13395
9696
17229
7938
5940
14319
13233
780
16950
1950
20277
10014
7587
13533
3699
18129
11982
11112
10917
3672
19254
3180
9468
19191
20904
16092
3495
27
17829
14007
19374
2280
2703
7659
2277
702
981
7566
14538
9987
1572
13815
12057
9162
19404
7812
19347
10386
10980
1320
14058
9237
4503
15585
7428
4407
2733
10926
17490
12621
16989
7920
14901
11751
15582
9234
12453
8619
16800
5991
18606
18375
19806
1719
19593
10266
9534
17940
12708
20514
19260
5769
8751
2763
13410
8238
20229
8199
11220
8775
20820
7209
16698
6780
18960
3336
16014
2469
11955
11817
8460
1617
1248
20322
3336
20841
9588
12870
17781
14355
4443
8097
12180
5250
2919
4590
13488
15204
4845
3708
2979
4668
2976
11733
3504
13992
15069
11574
16464
6024
15447
3924
20697
16695
16305
16092
16536
17949
7962
5373
11304
4461
5529
2484
9714
8448
20130
2202
15708
3978
18969
10743
702
945
1479
4206
14937
16548
15780
10401
14631
2286
6384
14328
18981
1689
9420
14520
11694
9441
19893
2001
13902
4422
4485
15672
4926
16674
17877
12690
20652
7902
2436
354
8847
16971
17616
15840
12519
4452
18300
19206
6738
16740
4593
4722
10485
6069
11298
1179
7566
10191
3180
471
6672
20724
16143
3654
16398
5076
16347
8106
12978
10839
516
13881
6810
18132
780
11385
1584
19080
1650
381
14820
6243
18159
17361
12312
8457
18540
19881
10704
13779
12408
9432
5559
20607
13089
14013
17742
492
1119
1776
3387
1635
15660
2253
11823
16440
5694
5463
6576
7344
5844
13452
13587
3003
9813
17958
3516
20409
8895
14223
13188
13359
2655
18747
5022
7800
3816
1764
8292
4935
3543
11679
19626
11259
5988
10449
19755
11685
7971
5331
19029
13815
18783
3675
8877
20652
13689
12393
20061
1584
18672
4308
6999
330
15111
12021
8130
18930
13788
8481
15921
9387
12216
6606
12702
18207
9111
11457
8892
17082
8844
6921
1956
19683
10596
10833
19335
3285
15282
10452
17925
12957
14760
3924
13287
8874
8004
13473
19860
792
954
14781
2235
13173
387
14937
2436
9501
18450
11328
5583
6294
18249
20595
4977
20904
10428
3312
16245
17769
5820
5229
9726
20583
1209
15069
8457
9213
20598
7317
2061
555
14154
4296
5784
14544
11289
8220
16101
8739
11604
13740
7089
909
13338
12066
813
15822
7434
9117
12591
13257
14346
1317
4896
7611
8442
13353
16827
8043
12726
18888
654
18936
15243
19494
4536
5532
19770
20637
6330
10374
5436
5475
3339
10830
17544
4155
5652
17034
5328
18246
1347
11730
11619
6243
19341
12120
11652
15168
12219
16434
13059
12873
14373
20358
3423
18909
17946
2193
10605
16332
4623
16041
810
7962
5871
10410
4173
3579
6444
1557
825
7794
13287
4503
14037
11631
8679
17748
18855
20898
13182
2970
12771
6555
2328
8250
4467
20277
2499
7128
15609
20178
2169
16419
20196
96
5829
3372
3675
4332
4929
17559
4182
10275
14118
10275
13962
1797
7023
11817
1695
20208
14790
6522
5763
9174
14772
2286
507
9327
9414
16119
8505
3639
3594
7701
3735
1482
3129
20469
18870
8061
9084
2052
10392
2202
12327
3354
17055
19353
15171
10806
18561
1017
17328
16380
10194
3156
18669
2757
12483
7083
18876
13044
10725
14529
20745
6516
8067
2877
19041
5937
2994
7125
45
13386
1383
12372
8796
18438
2781
2967
8244
13398
17043
17628
8781
19293
12840
6450
1050
17379
5589
11985
9423
8370
18570
1227
6945
5637
4104
4986
3630
20154
4170
3675
12540
5553
8103
336
2994
2943
16359
3294
16341
4458
12981
4122
2751
4821
2628
16860
1203
276
7845
2682
8646
5415
3909
7647
3108
69
12636
19794
20223
16806
15525
3819
14415
15684
17211
17409
18627
12573
12762
13971
17031
4743
10149
11841
1620
12780
7701
15879
13056
7602
10620
13758
5073
14529
408
8181
14601
5100
6975
5880
13962
14556
9702
7377
9240
5913
16845
6870
10542
663
12897
19632
18462
2046
10473
20082
14826
10230
7020
19938
17832
17640
4755
1905
3225
18219
2142
17826
2319
1173
15765
16281
15729
4467
15714
3969
10380
11559
2895
12981
4278
15792
11613
1740
17841
1086
825
3723
11316
20901
15720
204
17541
20475
2109
20766
17694
17307
9651
12069
18480
4416
20406
5265
939
15120
9234
3375
18738
4188
16356
2016
19980
6969
3759
16821
111
17640
12603
3483
17541
7323
3687
6138
6798
18852
18960
16548
15159
20667
7617
4695
17139
7023
9960
18078
1143
11253
13512
11937
15441
8868
13956
14421
7896
9771
2301
8007
19467
14904
11493
16008
1227
15180
14202
81
5091
12162
16629
20250
11832
3246
17004
7971
10269
5964
18108
3468
9273
10620
15408
3714
19488
420
10194
6384
10191
12495
6450
714
6399
17943
8778
20682
4179
1980
20763
9270
6198
16392
579
18030
11694
17583
18060
963
15603
7224
17487
3879
17844
11895
7593
8388
4371
17787
6831
6618
1338
13281
7332
20793
2280
16110
20475
6459
18090
12294
15732
16347
20742
8367
5433
11436
4950
2493
4455
12609
9717
945
16488
19617
4896
16140
7008
1326
4983
13839
7944
6324
19176
15279
19173
456
2445
18651
6915
12594
2001
14703
7941
14802
2070
13374
5238
20076
7926
1752
11688
9699
15753
20232
8319
12705
15372
15327
14031
20358
222
978
18738
19398
8313
8967
19854
10758
19674
5769
15408
678
12531
2349
15480
14601
7782
12774
5736
15708
14526
17424
4407
1335
16656
12726
14043
3087
20109
7074
15501
20331
108
5295
10785
8421
14262
9639
11238
12939
7467
5646
13617
19998
54
153
5655
7836
12927
3447
15600
19512
20871
20007
20847
8586
3792
13890
11673
15957
13023
19230
7347
13131
3525
18132
13611
17787
19830
16905
9726
6297
14607
15399
18351
14661
15552
16062
14553
20538
19512
9153
19050
11439
219
10953
20025
4011
16902
2754
19968
8925
984
6315
14112
4509
16506
6723
14355
15336
2628
3081
633
9294
10539
11040
2955
5091
19158
9567
17685
17670
18720
15735
168
18939
5691
12249
15006
1593
15006
13977
2574
8046
12348
16686
4614
7854
2412
18969
2190
18096
14106
15879
19446
3645
18975
1404
795
9192
10971
18480
18918
747
13218
19086
11745
10965
10338
5751
4614
17400
19728
7188
4446
3135
15930
9060
3045
10398
7029
18294
20553
138
5229
18999
3783
16263
20403
17634
4455
2430
15117
2373
16236
20391
462
6981
10356
10800
12732
7026
7200
3519
6270
3702
19710
1200
12765
1755
11601
11850
20049
11154
11988
17337
9153
7830
12600
615
4464
17055
16101
11637
19428
11337
11028
11946
10374
384
14802
2109
20466
14058
18684
5736
17763
17394
6939
9528
11205
18540
13434
2313
8694
4425
19650
9903
4311
11250
10518
831
20361
18678
12471
10845
9015
2499
1794
11448
15942
16596
13557
15408
9657
3297
147
19476
12747
7086
60
2952
17682
13494
5265
18432
9975
16971
7335
14286
7221
9912
7176
19638
7590
19647
9486
8661
14202
11280
20109
9144
19932
4722
16611
645
8019
8814
20121
20766
7956
20181
15777
4638
12678
42
15126
1653
9072
1461
7998
8349
3429
15174
6990
11019
5877
16476
11739
20079
19812
10848
282
18744
15573
16893
11448
15648
4707
10569
7473
4719
1809
2250
9357
6543
15348
16539
252
3420
18000
8250
11772
13488
15480
18762
16563
357
6294
7302
12495
5106
18153
12777
15906
4782
726
6354
20430
18489
8982
19959
2208
10791
1209
3621
17334
16560
20160
17586
12036
9216
17895
2808
1704
12375
13626
10326
4791
19920
17628
17286
17082
6837
1119
11991
3675
14901
10401
16164
12390
19383
15123
6654
1230
16335
10275
10620
3951
1491
7209
15987
10707
17160
18798
4470
591
11424
14796
18438
2403
3480
6780
19485
10320
7899
2532
6051
1800
12936
1215
6246
3375
16341
12900
4608
3732
15231
15228
7683
16722
14493
2670
6432
2709
13524
2958
3303
17007
17754
13797
19410
234
20580
17895
2610
20535
20430
8664
1338
12366
1935
20640
7797
18276
12543
4461
14064
19830
11748
747
15555
5241
16476
14043
9
1056
17001
16368
18063
5811
9165
16473
6045
8745
13371
714
8283
12801
1434
1677
17223
3369
1317
17076
13704
5916
540
6768
17805
12288
20574
12360
9585
8106
5403
9594
9162
14460
4962
6228
20271
6186
1701
5316
14931
7128
19086
15270
11985
20520
9003
264
15948
2379
17343
8652
8295
17883
7476
5100
9171
20106
9516
10812
7212
6975
20409
16377
435
17427
14661
20706
2613
16362
18081
9603
15549
8223
16929
6534
7746
4935
6801
15750
7314
3144
3402
7665
13083
2934
4824
14310
2043
14340
4122
1311
318
16587
17688
13809
13017
3405
5574
7686
19770
2655
9345
6375
10878
5277
12909
10680
10212
11766
5430
17526
14910
888
4191
20049
16881
9015
13359
18924
15414
17484
20235
7788
5127
8982
597
18144
12387
6171
17889
3213
882
6234
9588
3819
3567
14556
14499
13779
5322
11988
2361
12291
4932
19611
11340
813
20682
3702
19737
15096
13242
11031
1884
18369
12069
15540
7572
16512
13767
4461
19728
14652
2751
372
18471
6321
14928
4026
12156
12309
8070
14520
3600
13005
13131
14940
13818
12813
10698
4614
19968
2940
7701
13908
13368
19770
504
20940
15282
14274
17457
6066
20982
12264
6441
10509
18585
13425
6591
1800
4734
14664
8376
390
6669
507
7389
12543
5376
18087
17157
17400
30
3858
2367
13398
15684
2871
5394
9969
17145
1851
8091
9183
14115
6588
19692
3759
20016
5286
18615
16806
19950
5991
9255
18675
19554
16644
10218
16986
13731
19434
13389
5817
15348
15756
11271
10035
10683
16665
12060
6831
10572
20151
8070
16746
5742
6765
12561
17814
12051
10176
5676
3057
8223
14931
13788
6777
10575
3006
15819
16365
14496
8208
1182
8847
16020
4512
18882
5706
177
9942
4593
2808
1149
12663
11610
6891
11484
3171
16761
15591
5403
1440
10704
5682
16371
3492
12459
19005
19557
7278
14370
13053
7545
7608
13956
15621
12120
11838
13383
4356
13836
10032
7164
14988
14754
10830
13935
5238
6057
9699
12888
11460
3195
2592
9198
19566
6087
657
9627
4644
20991
16053
9753
20592
2664
2712
15216
14784
6606
20655
11196
20445
9690
10416
6489
3444
246
12480
738
6303
14235
13626
9819
17430
16221
19017
