8000
4149
8658
14331
14745
11379
19005
16158
1476
13947
4263
7086
6081
2070
177
5289
5778
13620
22278
3516
23208
15633
10104
19701
13287
5346
16590
8586
3369
18201
21405
5787
11406
6066
9174
15207
6501
4179
7368
21033
18126
687
4119
13263
2757
17352
7611
21594
6972
18945
1110
19239
10578
273
14940
23868
5619
20586
21510
8988
3843
18915
14775
15252
981
13008
19515
20538
17187
15939
17571
372
5685
10746
13635
8442
4101
10302
19092
129
5250
9261
8424
15828
9534
23364
4752
4209
19953
2262
13197
23796
21180
17028
4104
11217
6036
12678
7758
12282
4617
14385
1710
10302
1134
4401
7803
18291
14706
15951
7476
19956
14268
15903
840
12858
4323
5595
17067
13332
7857
19320
2187
18093
12351
6291
5313
7443
8025
2127
8781
1701
5568
10491
1059
19758
14895
21918
14049
18657
13872
10584
14613
17196
2487
4509
6057
6810
10104
23124
20145
7020
18447
11388
14169
19854
6735
8538
16353
14763
10665
1137
16464
5292
684
17523
1050
15579
4500
15102
23292
18372
14742
2961
11568
17229
7473
6681
13095
17577
5808
22296
13653
13311
9684
3825
22221
16422
12363
14574
7185
12087
15711
12705
17379
5454
19284
18429
21033
23784
22587
20328
7212
13329
23289
7839
19614
19818
14520
8712
2454
9384
20064
16107
11751
5751
8988
9972
11229
10410
549
7470
22497
5316
20175
4932
10770
4515
12417
20862
17358
11007
6246
13626
13392
18591
10521
22065
14412
1044
19833
16866
23484
15897
22029
11238
10704
7020
10266
21933
17430
10815
5403
4983
5190
14634
9915
15960
8208
22332
1878
1566
22395
8124
4248
846
15774
14772
22911
6186
4872
7800
12108
4356
23697
10137
4650
10404
6213
14919
21393
23643
14790
2799
17682
19980
6489
3597
11943
14697
14988
2877
5319
2439
11004
9570
3285
2778
13398
15252
22020
18270
23052
10128
22626
11808
9321
16335
11268
15537
7254
8661
4236
22044
516
10977
18027
7008
3630
19026
10761
18618
21903
5139
10116
21963
3765
2457
13797
17163
17712
11817
11433
5820
11001
23115
6684
9381
15450
17952
13974
11760
15672
7266
9807
16188
18243
16890
12252
21876
11916
23016
5550
22875
4155
15666
9897
7920
18126
23694
14139
894
570
1572
19770
627
13743
2457
10008
5196
9465
23982
6012
1137
20307
15819
17328
14550
21765
5580
12426
22737
17652
17979
21615
10863
22701
7512
7839
5883
20262
21978
6777
20832
12606
15606
10518
2352
18063
20526
20604
16584
9567
2616
17724
5874
7494
108
20424
5259
18744
21909
3999
12399
4944
14670
23262
16701
11238
7104
22587
7500
18138
5364
17391
6747
20970
3909
9099
4089
13491
18759
20676
23058
21375
3456
17988
17925
3564
3471
23187
22308
1380
16242
23763
19380
6912
12084
12081
18150
8244
10668
14706
2382
5091
8097
9129
15117
12006
7284
19209
1500
2043
4941
13614
12477
21453
7605
6402
1017
11076
18645
12381
1512
10887
12147
20892
6855
13287
22029
1005
21531
8700
15714
23913
2847
12867
22101
17964
876
5385
2229
15432
20487
7170
5046
22020
4623
1707
17478
18696
12783
12126
7080
3351
12069
8283
243
18927
21570
22275
8988
19101
20031
702
8070
22878
13572
6171
16842
3504
615
19074
18936
10158
15300
13038
8178
8982
14748
1656
16734
16587
2838
12870
19941
14910
21153
9240
22893
7779
20571
7881
15936
5658
21642
13065
4536
270
19236
10437
16830
8907
18567
822
19065
22923
13860
16299
20961
17664
7014
13698
23310
9852
2568
19251
13818
12780
17547
12711
9615
3177
9651
1554
8835
20349
14619
13374
20619
22911
12867
13449
7821
7434
14271
15942
19413
17187
21300
16377
10854
4314
6075
10164
3222
21699
18471
17043
10479
1074
18810
20097
4251
17517
10707
13089
13866
14382
15519
23541
13293
4386
2046
10170
876
5373
15171
9345
22563
12471
1722
22473
5841
20853
21693
9063
7611
5220
15162
18090
6294
9975
3243
10548
16548
3006
12693
6417
17388
4212
19014
19740
21654
21063
5910
11586
2436
10137
20931
14055
22608
11712
12528
4449
21621
23277
2571
5232
4497
17733
12381
23850
3708
4680
23454
9315
7689
12147
15732
14133
5415
23802
9873
16125
20865
4842
16767
23304
14979
2754
2415
2646
14466
14946
20151
12090
3279
22722
6378
7779
16458
18759
7629
9222
23442
20139
18537
7131
8286
23325
21264
2757
23130
20196
18882
9051
1038
705
21411
5073
3459
23829
7719
6984
14775
3873
8130
18054
15651
14508
14889
21165
9270
11574
6390
8712
7713
13983
4899
5055
2367
15219
7812
14553
11415
15750
23604
1509
16455
21018
6585
19917
20847
3360
2901
678
20289
11031
7788
11943
14595
22680
9108
23865
23310
4554
21633
7026
7596
15588
1137
9963
6810
8952
516
7281
702
120
21849
6216
10194
17490
15189
7041
20850
18090
7719
17142
18177
4566
18141
8772
3246
16305
21696
15612
20862
19329
11694
4458
10920
12834
3477
6786
21786
17049
3123
11544
17169
972
6816
3366
18462
22005
23463
4371
16095
20241
21513
23328
807
15654
8103
17109
7959
5799
8721
17877
14184
20418
11391
14160
9252
3924
10002
20094
20973
13128
20694
14145
3156
3513
6567
10677
1518
6030
15048
6672
15327
1617
6000
16134
6327
3159
9243
3342
22014
17967
10278
12201
3441
21669
2361
12693
1596
12366
21843
11625
14550
18537
1770
6762
22050
21393
17439
23571
16482
21543
6243
7809
23160
1299
23946
18543
4461
22245
21888
2475
16212
8166
14676
19653
18891
6096
21402
9543
7518
19245
21171
11124
13785
11997
17886
891
22449
11328
462
14931
21927
19761
11796
10146
21063
798
4689
14580
23046
15633
17055
15258
12855
20790
23970
7749
15942
10428
6348
23460
5676
16575
10584
8517
4575
4470
9408
16080
4854
22929
7011
2784
7746
7863
12930
17865
8664
6675
8445
7710
22311
14559
12024
11166
11349
1050
7971
3291
11481
3378
15807
6213
19953
15447
14730
13584
19917
13194
5664
13830
1179
1731
5670
8928
9597
7656
2793
18261
14331
297
1971
1698
14856
3051
1923
2205
4104
9894
18552
15585
2328
23415
21798
22284
14862
1584
924
10779
3834
6591
13665
5016
8322
19335
3000
6975
2991
18849
1236
6381
19146
16263
8079
10002
19317
10002
1263
12477
8955
8871
4062
11283
8286
14916
22623
23148
5556
23550
22986
22446
19197
12651
3462
3519
21045
19518
23553
13092
14370
789
19473
9516
6111
16611
8577
14484
2613
9840
2961
11568
7770
7023
11910
16056
10995
10533
15207
16551
10083
3249
4053
18336
15900
7518
10914
2001
16092
10467
15096
6462
312
23625
5037
6423
16236
13614
20907
7908
12510
23868
8532
20280
19947
20442
1395
6942
6978
5658
12549
6117
8907
16605
456
13863
13179
11370
15867
18327
10893
20019
792
11205
19644
18885
17631
939
8499
3594
8847
10065
3465
17379
19404
12468
2880
20799
8469
9858
15513
10074
5031
420
15735
18543
14283
17970
18969
6150
12300
5862
15225
13092
6126
10872
7977
23757
867
5532
16407
9714
4653
8928
16149
57
21399
19029
9912
5868
17943
1425
4998
12033
14901
20736
6576
5187
14706
14604
393
3006
9522
15621
5154
15648
15549
13131
4461
16416
7719
20871
15186
12375
5799
20391
1488
16254
15423
459
11178
22422
14940
16179
10455
5844
12915
6090
87
16677
20694
480
19686
19272
5157
840
10923
20706
3030
4440
2178
10749
14367
6420
23124
20169
2814
13671
1479
7293
14130
12660
5715
5070
4839
16173
10914
6810
22263
11001
23487
8013
540
8229
3285
5697
9072
3264
15462
1158
7707
6696
11907
11130
13119
90
7299
4989
13761
21837
12282
16947
10497
7053
22017
4392
23226
21990
258
10545
22047
23745
18558
11643
21033
10902
6399
19161
14166
21861
20319
10929
4557
8226
22062
6732
21372
18417
777
189
16254
13059
17136
15807
20115
4212
20199
8397
2202
20457
18945
13305
9261
2559
14007
19350
13461
20406
14511
16686
18267
10830
3615
11880
8112
14733
7671
5487
22209
8448
5676
14463
10566
22815
19329
19737
16083
4584
4134
7341
14100
12135
20646
23361
14697
10653
7767
4158
7059
22278
20844
14382
9108
13518
15321
6276
4251
22992
11763
2460
7440
6498
5982
7062
18369
1311
2799
10452
18951
6936
17793
9051
8127
3495
21468
22824
3207
5235
2985
10266
3513
12885
13707
1677
2403
5028
7956
19713
4020
8775
11229
516
15273
6267
7581
22698
20634
23436
9150
15588
6372
15999
639
3558
19497
22110
2382
22704
3345
18423
22026
19917
7311
789
21594
22770
5817
18606
7539
22893
3384
18771
23412
7713
1038
20049
6414
21675
19485
4620
13263
14916
9678
13902
18474
5175
1068
20856
16935
4416
4338
4017
333
11649
4809
10983
23475
10626
18648
7017
9522
22032
1788
21990
18801
15882
18039
14271
13557
2580
7950
15876
17496
17628
18837
11970
11859
19905
21885
4794
321
2223
8811
13710
2928
13620
13752
2403
249
8400
22476
22827
19488
13320
20817
14289
5205
3912
17619
7818
6492
1569
12753
13047
8253
7590
1017
20112
3495
11958
906
16875
3237
22773
19641
19221
1452
9393
10683
14757
17793
9159
13584
13281
22482
23457
16629
16743
3369
23304
561
22917
13929
13314
11964
22182
9960
2040
18294
13458
3054
8256
19389
6294
20085
15030
1515
21537
426
12198
12294
7275
10416
14934
20559
8898
14391
2244
1641
6816
1548
15258
5736
15477
17631
17700
13659
3591
8796
21009
6105
11853
18321
1494
18147
3462
5583
8718
1002
6009
9975
2352
13284
20391
17289
22899
18345
7680
1143
9042
3555
2691
300
9291
7224
6987
16047
9939
23637
13902
6948
5742
1755
14325
20295
8958
17790
1878
17676
7848
7887
16707
23256
10227
13098
16545
22185
20499
13284
23328
5541
16839
15078
18900
15186
11358
1887
20289
21300
1524
10191
4248
20325
11946
7632
16620
9960
14478
7554
16695
11382
4497
9402
10638
14724
11559
3186
12909
8058
5526
1296
13602
11421
5430
8502
2607
16788
23445
11952
14088
972
22146
7395
10353
23148
4083
16029
9111
18561
23583
1806
5943
4080
264
5637
7860
11823
21879
20772
19884
3405
11124
9486
14826
5610
17988
6489
22398
17433
7500
1545
7461
18702
21996
6870
17850
2079
22899
16017
20640
22482
6879
15639
2562
7146
10332
10425
18969
8214
20253
14853
11619
20433
13395
15504
2043
20439
11049
13497
2931
7605
15042
10392
2307
13038
6321
9216
4173
5220
1233
13869
16761
21171
5508
8379
4317
15843
7860
12342
13113
4113
16254
13788
13602
5649
5292
4701
2091
5400
18201
5022
13005
22299
4470
4371
396
23847
13587
4569
5070
3876
18441
10887
1047
13005
19266
18420
17904
3129
6765
7017
20298
12075
20808
22959
6780
15156
3660
8871
9612
21861
2949
22620
20163
20478
2991
9615
9381
5634
14184
3507
9510
21681
14394
10560
10689
9663
4980
17649
1848
801
669
22146
12876
10533
21105
19659
1689
13824
17586
11304
11685
9594
22980
20904
19128
15027
6519
4509
20661
9762
8019
6171
7443
11469
5787
7188
21132
23826
840
12036
627
14565
23241
2562
1098
9402
11277
15843
23226
17919
16203
10914
3513
4239
20874
11697
19266
16452
5265
4983
15270
2340
213
11769
13809
6000
18960
0
5826
8856
12036
19512
23421
11277
22074
13575
20682
9351
18474
19908
3270
10680
19878
19842
14919
5811
20595
23244
22263
1860
4227
2589
4200
17496
14358
18012
23499
22374
7068
18381
7230
19104
13893
19707
6384
1023
22338
16122
10374
16815
12030
2703
3495
20967
11601
7470
2778
8196
6714
14097
23115
0
16686
16371
17496
7044
10383
6051
5421
6507
13491
1707
1614
3384
21417
21054
4410
19755
13176
3840
1626
14262
19599
5121
11229
7200
1650
3063
4455
8364
17160
3570
21420
22902
19941
3975
5949
19383
23082
426
1890
12573
15189
16560
15960
1662
13614
9426
10476
2790
13266
12102
17055
21924
6282
17340
5124
7932
20406
22635
5352
13566
15261
2775
12471
11205
19806
7476
19644
18888
20958
10590
20520
12147
3153
1536
2868
16767
10962
13344
8616
13284
1446
1671
264
7728
19011
5391
15660
15417
17082
21015
18042
8346
12846
19569
8607
21708
3045
4251
5652
13059
3897
2172
14262
7050
3708
17130
12876
3726
6474
21492
6069
7923
23163
6333
4707
7230
780
20370
11706
17865
6441
5748
15267
8343
1317
23874
6051
17418
4125
11703
19533
8022
2934
9795
4131
19698
2928
17007
12483
9402
14499
7608
6381
2718
2997
11091
9948
3780
20517
10710
10701
2958
16458
15024
11301
6831
14898
6408
13305
8079
18111
8838
5157
10101
18636
9288
5802
10620
15351
18285
20022
5850
1893
2406
21624
4890
2553
7575
21726
23070
7341
21483
2028
23802
12507
2385
19689
3405
8793
22053
540
15960
6891
5700
2064
14583
14988
20922
1203
6342
15207
10284
1248
6156
1746
22875
11046
4299
19506
21831
3369
2847
8370
18453
15705
20880
20838
11397
13341
18687
22506
13884
10647
5397
19584
1767
9039
23628
22689
23298
5970
2952
9582
20277
9108
11328
19152
9213
15627
3714
20100
8052
19617
4470
2505
11325
1350
23343
11778
3750
7086
10284
17634
6792
4737
2274
8559
2832
1902
20307
2133
20931
12315
771
17208
21426
12102
1416
19695
16785
5130
15795
13896
747
9321
16401
1128
10674
4803
12906
3480
11889
12246
21114
18681
6042
23388
16299
8874
1290
1662
11007
22221
13977
11781
4485
11403
12939
5901
20154
18780
87
1005
8676
13893
10329
14136
15021
10059
18939
16986
13539
19884
18288
10653
14568
330
23097
19923
9207
13443
21585
9270
11667
11562
10107
5208
12024
23046
11112
8178
6885
11199
22242
15561
1092
8571
18753
5172
18630
13692
11214
8169
9579
5502
7878
13203
5835
6975
22182
4098
20418
19767
13368
21141
20385
23478
2352
8409
11580
2520
5646
18465
13719
16944
23085
3870
1515
17838
22098
9201
20589
9312
17370
19224
3870
14304
21483
9705
21279
19665
13803
6753
15432
16230
16953
873
4764
19305
22341
16344
21825
17043
23868
600
9987
22953
17526
11502
5847
4680
20703
15492
13992
3129
10716
17865
17433
8199
16626
3768
16920
19488
23577
21408
774
16530
22284
5538
891
20625
21882
11772
13668
21750
12375
23655
9759
18957
213
4665
23640
9972
20157
2688
13101
19932
9609
19590
17187
2238
23358
10110
10782
22935
20574
11556
4524
18858
17094
5415
4539
4032
17190
7263
14841
18621
19974
600
2634
20187
18321
2274
6159
3537
18021
8316
12525
3630
3906
5712
18924
16320
4878
5706
15258
1455
6318
8838
9369
23412
14253
13911
16503
20499
10230
7344
4176
6207
21000
6813
15450
15324
22143
10668
18861
16164
18984
7386
8853
11949
2154
3777
4269
7035
22542
8583
21546
17916
17421
19971
6387
20733
9882
22890
17232
9171
6234
21411
15378
3234
17280
19884
18558
15423
6552
2475
20646
14595
22917
5499
2544
1074
22332
19869
21165
9930
4455
7767
3849
10932
3738
10236
7665
2679
9126
900
11850
15360
11367
16284
7650
4647
12168
2211
9126
18723
17742
5772
22374
16662
327
13974
6792
22662
9843
3957
21648
3354
780
1497
14289
4518
789
21954
7197
9915
11910
8103
14331
12333
387
21984
6036
12558
13251
15165
20337
20049
20937
7767
12711
21267
21741
8559
8985
20640
1572
6633
23997
2352
8133
3342
19929
21978
14352
3126
7896
15321
288
11283
3654
675
22323
9693
2289
630
858
11682
20682
10851
8505
22449
21174
6246
7011
6159
15945
21639
1851
15942
23994
23040
8340
19923
21018
22692
12105
4914
3069
12393
5256
6726
2127
16635
5475
17472
17268
19389
18213
3006
6240
2718
1455
16473
8967
21522
22632
13968
19164
483
5910
8214
23523
3306
4137
20544
15054
5298
14514
18126
6750
8826
852
8877
1464
19383
15405
7788
14772
9618
10794
10068
12339
1305
2541
10362
11886
14232
330
20106
3771
19296
4320
16353
11658
21513
12897
2712
15867
16467
20838
22617
14352
10746
20550
15816
6129
11958
23604
9957
21576
23454
20028
22971
759
11625
22389
12645
1857
11775
21807
5631
20127
2127
11040
7785
12696
12993
10500
4566
5460
7338
16239
8868
18087
12792
684
13272
750
13344
23232
11382
1854
8316
23412
2616
19941
21801
4317
10857
9579
2127
5544
18762
17310
16584
2550
19065
5577
13050
12687
93
9444
4926
8964
3531
17718
22704
5862
7524
1107
5094
18909
2961
13410
18321
18633
22407
5178
12009
22320
3813
3192
3864
22578
9558
20448
1128
4623
15081
3234
6366
15177
12678
11295
13197
16212
18069
11901
22074
1596
2064
16224
9561
5028
18690
3882
12717
6153
22116
726
4476
1932
3918
8340
13566
13479
17847
14694
7158
21984
17928
13527
13161
6606
13878
15414
11874
7947
16374
23004
9543
18438
4284
8160
12522
22974
12042
1242
18186
23217
1968
22662
14205
18945
7002
3771
21480
13905
7521
4638
11892
1449
18165
14109
21111
21099
5526
22044
5049
21900
10104
3648
16338
3447
11811
4863
15477
12909
19161
9663
12126
21129
8325
2331
5130
4386
19158
2610
18291
2679
7251
6183
17184
14472
9351
14298
11574
14877
1398
5679
12777
558
9327
18171
4005
21138
12090
19485
23106
7251
5148
288
17439
13476
2622
22569
6918
21780
1182
1209
13518
21489
20451
6702
1017
5802
10056
1647
20679
11454
7326
22512
12015
5712
5739
5076
15906
17832
561
15012
1083
18768
15303
7578
8244
6981
6150
15162
17817
20388
5427
7335
6933
1878
14040
21006
20736
96
22656
6471
609
19038
4983
1680
750
23781
6756
16659
17613
7320
7671
7752
15144
12030
15333
12444
19011
10539
16662
12831
19983
22089
9222
15972
13026
23262
12978
9762
12417
11634
5292
13026
6675
23331
14706
20481
23112
21462
13140
16725
17838
9870
480
8982
21900
4869
21426
5970
4464
14088
7857
447
1236
17079
5475
14262
16344
18453
13080
4761
19146
18372
17787
14877
17706
21549
11358
16818
19011
501
22602
1908
23427
12138
10890
21327
17007
21375
16353
21471
519
210
10974
1755
17292
16449
16017
22692
23958
18156
16509
19104
12528
10296
9981
19290
20901
10398
12111
15912
10899
10713
6876
23382
22851
6825
9765
4914
4200
2121
15441
4719
2331
15471
6477
8679
20976
11550
7371
20934
5706
23880
16041
7293
23232
15078
2583
20133
1476
14694
1104
1431
14463
7980
813
2370
3861
23637
20340
8061
1758
837
1839
4089
16308
21372
1827
13284
8922
9198
23277
3687
9081
4374
10980
8313
19452
2619
17505
9987
6372
18609
474
20835
15645
14346
12264
19509
13983
8604
16626
15741
22500
18465
8886
14808
4893
10713
17151
2874
19914
16428
6561
18051
20802
6597
15420
5310
9216
21981
4353
15588
5646
4830
1482
21294
19176
13746
5859
9159
11406
11541
13956
22962
19065
22842
13773
23958
22614
19980
2832
7584
1464
22449
1635
22266
18102
6111
16632
3321
4095
20988
7965
9741
1818
9447
20091
10050
12249
15006
19209
12714
2550
9165
11676
21615
21063
14505
21573
8733
10485
13464
16317
11949
969
7008
23271
19074
2178
15906
22395
6273
1950
6360
5070
16824
4866
1164
2874
6171
16170
22083
18885
18720
20304
19620
5391
6423
10125
16023
15159
9669
5487
20532
10674
6456
16599
9948
1530
18777
14910
12981
1050
5916
8400
6120
22740
2322
20340
1614
8493
12513
23697
16437
20289
9057
12057
1683
4536
11238
6762
8751
20907
12249
5286
7584
7761
21885
6588
22350
16662
21498
387
6768
3414
8787
12888
2154
165
22287
16824
8661
10800
16521
14154
20145
14634
2211
10884
19170
2505
17646
3924
23415
18951
22266
20055
15771
9207
2643
14121
1869
13197
14508
8637
5667
12354
10581
7821
12519
8868
645
10236
8724
6222
390
17928
9912
15657
17868
18138
18165
11517
11118
6636
19524
9384
2691
11295
18591
18390
1416
9516
7587
4983
7209
13254
6393
6849
10131
7968
4773
23832
18207
2556
19110
7653
20484
18078
12369
14352
12216
19590
14925
23337
15282
10452
21777
17973
21747
5427
1419
12222
14943
9006
17205
11211
11316
23598
18060
10503
20622
22833
10335
14829
14445
18501
11541
10929
12579
12966
14340
13851
21612
18321
13188
12894
4773
24
6867
15579
5451
8286
3801
9450
6348
10062
20661
6720
22716
3777
17223
19338
15669
16614
23226
6114
11115
10767
17046
12750
12789
20442
2601
10401
14763
4848
23295
8595
4872
19218
174
10323
16560
3975
19773
11964
14037
5493
18684
12753
9270
11907
8091
939
17577
20373
7056
17748
20196
13158
6498
8985
9600
22155
8442
13419
3003
7737
22014
20931
16011
22188
7254
8571
15219
16086
20535
18312
21579
4275
20121
19905
5238
4215
20847
22815
13644
16959
5619
9843
6117
12117
18828
4773
23331
3273
18192
15390
66
5265
12324
16080
3453
19578
13707
7731
720
10245
2043
22299
3576
22167
18207
8817
15438
4110
20688
5082
21069
2310
14925
16242
3483
22812
21015
2814
2085
4263
18207
15207
9528
6531
7287
2040
15165
20997
9771
15888
20298
11814
3243
23874
23037
10506
21747
14475
3672
18438
8616
741
20748
23541
16983
231
22353
3054
3048
13494
7320
10311
4704
16848
5898
1047
18888
21063
22044
17715
2007
7398
18588
5253
20331
17625
4815
18078
21159
8490
12516
5775
22287
9264
5316
4329
22554
16728
7383
14658
19278
14703
969
23982
20610
6867
14088
4554
16986
1188
22272
18996
8589
16860
13305
4920
23541
7176
12054
20700
15666
13629
2475
3012
11949
20850
7341
10503
2634
14724
1161
21912
18486
15186
10953
15096
22053
1041
8706
4098
2229
6978
12150
23874
12894
14511
17850
1494
21687
5907
22194
2412
19536
13728
5424
20541
23634
12765
7047
15324
3489
8208
2292
11031
12453
13245
2127
23562
3342
10836
3660
18630
6870
15810
18504
8823
6321
1413
10317
17067
7320
21567
19479
15912
351
13959
12453
13041
2724
8556
4365
19269
5823
19716
6303
18276
22017
21486
17838
1362
21378
10557
9048
17307
2367
3552
2130
21747
4965
1503
3870
1341
12126
23349
6309
1536
2364
7821
3633
5088
5433
21057
13413
11256
16773
8772
18588
14790
6261
12429
5208
16695
22986
14256
10002
14409
6867
1188
1212
888
2691
5082
15288
3876
17487
21597
18468
19851
18474
22101
13995
12966
19158
3411
222
11931
12183
18813
2724
7500
20298
20988
198
8340
11247
10200
11805
18114
11391
13020
19002
3138
7158
10290
20070
648
20946
14538
9555
4476
12642
23553
17442
20856
16020
6723
8790
17259
14592
570
762
10890
21558
14016
8286
21861
216
20091
15975
663
22167
10980
16860
5328
10326
12930
5976
7272
16527
4587
807
18225
4140
18249
15081
20160
972
12927
13422
15564
13497
3240
15510
114
17256
23796
21975
6528
8946
13953
7194
7113
13989
13110
12441
13371
15096
7473
9702
7623
12063
10509
1848
5259
17814
5988
14478
18789
18915
16956
23409
21471
20196
3978
21585
2508
3774
19560
9036
1776
22569
5286
8892
1614
18396
10389
4044
9495
6921
13746
6174
18984
13311
21081
13299
7125
3069
3777
14970
21984
20733
3438
19455
5985
7416
6096
8493
246
14715
6588
2025
13284
11874
10917
3957
19329
10362
8001
17880
17283
10803
13110
1323
114
10191
14625
7239
13260
7458
11268
303
4194
14706
8814
23235
22122
3969
20787
22368
18684
3375
393
21024
4305
366
14037
12690
10731
22038
6570
17070
8841
8739
18396
22011
18930
9021
5253
21249
16479
16521
10608
9729
7227
8478
8967
18405
12447
5754
16773
7131
22185
17169
17214
2490
6591
7251
4239
17322
18348
23865
10395
16245
8604
17847
14259
3537
2868
8568
13842
8403
14145
450
7191
10428
8928
5214
4833
21378
24
21606
17565
22209
3831
10779
13755
10425
18033
17994
16803
12381
6918
16254
4626
15522
10101
7941
19059
12969
16509
8901
10431
6654
22407
6678
17082
7338
11892
21915
17772
11916
8580
11337
23181
12411
11175
1992
11892
5208
9045
4698
6645
15963
20952
327
7485
7056
8271
15603
9081
780
13560
8568
20493
11970
15246
13575
8364
3138
549
2136
4110
9129
13473
16347
10596
648
7398
22491
18912
16443
3189
14613
21462
13197
14943
18003
20253
12270
9606
18393
2106
12225
2961
22599
195
18210
1233
21615
10404
14838
23751
3573
23967
2280
8976
23619
15987
16374
22110
10899
21873
14355
14571
8391
16611
18570
2397
12864
6840
1059
20313
22002
13284
23277
9660
2535
6543
23949
150
6003
14787
12957
9576
3810
15240
7611
3429
7227
13041
14598
7182
10917
18009
10809
8364
10620
5379
10761
12543
1275
11823
8856
12336
14163
21189
21996
16701
3732
21945
5907
9738
12732
18867
8370
16542
23163
15981
9027
6390
5025
23625
2628
4998
6693
13440
13362
17313
7875
126
18912
22209
1005
3771
10545
15168
14016
8541
20925
17751
19542
2835
3489
8274
10758
11859
13872
9921
3843
22899
5367
21924
11583
21051
2922
18276
23547
16284
645
7425
5466
8616
18690
6471
1443
5235
10698
15459
13776
7623
9210
22374
23514
1755
6648
10272
13617
9576
9249
6516
21531
14616
17496
9114
726
20418
16446
273
1758
6150
20754
7227
14766
15444
2754
5265
9735
13452
20724
12567
10134
5937
10941
9648
7692
6645
8979
10365
16221
18228
5937
13755
21903
23433
11925
11685
8907
17430
11958
10668
12636
21771
6951
16458
2271
9705
21723
12009
12216
18447
576
22350
13440
11520
21054
10191
18165
6033
9612
23445
13320
15552
13200
279
4041
14181
11964
12951
7611
23922
23619
9303
10749
6570
1761
13023
5331
23484
14088
6603
6990
14664
18009
20430
15240
15066
19677
9408
10155
5292
21909
12531
9900
165
12810
13941
14346
774
2892
11016
13755
2511
20319
504
22137
22083
2583
16527
21567
16671
23130
4557
7338
6198
14046
11634
21264
9723
10098
20475
4071
8007
9009
13971
8172
10875
3915
22521
11652
6807
22593
1407
22377
18912
14967
9570
16995
17553
15153
3621
10224
14286
21234
6618
20484
11280
18255
6804
10062
4353
16335
14133
12363
14400
4107
20535
1278
21078
8112
1986
3885
6705
3393
15318
1620
18360
13947
7671
969
5100
348
11196
8442
21585
6870
4926
21921
1125
786
21039
18537
6180
231
6900
20580
4338
16491
10914
14472
13662
12900
7413
20367
16293
22734
11043
23712
1737
7773
681
6837
8121
933
15282
18762
7806
9264
5742
21987
23109
15837
16524
5289
16068
12480
14925
9462
18030
1842
23934
7692
14742
7350
4059
20094
19140
4161
8862
20877
11934
22599
3714
9111
23535
8052
16932
20397
17319
22674
18384
5484
14511
23967
10773
19638
12447
14754
5100
6477
16596
5037
14169
20397
12387
7287
16491
7527
11448
14409
17460
12438
13008
21174
21549
1599
18285
14481
21996
660
2211
5439
6144
5781
5406
5973
1419
6909
20727
19575
13389
13326
612
16614
22779
2055
12957
4326
22638
13461
18735
16098
1899
7743
2331
12507
9345
20616
16044
20397
21276
7314
1836
3420
13095
7242
9393
3570
3210
19176
23145
16599
21558
12816
22269
20337
14871
285
663
13512
13746
8454
18666
4704
5256
20997
6267
3657
17613
11367
54
3945
18681
14949
7365
20832
11247
5814
402
14457
14049
12606
20112
11607
1422
18384
7947
5349
18669
21666
7917
21471
19179
2586
2175
435
12639
21498
4092
19311
8868
17202
23256
3549
8151
19680
13440
19401
14550
2898
9858
4599
15504
5973
16209
5982
13413
13212
11334
21138
23934
19251
7665
19113
21837
22899
8604
10479
20397
1752
18846
5265
18957
18102
21873
16164
13782
11313
621
17391
3267
10482
21990
18774
5511
3255
13812
7980
16467
1146
18174
5460
20400
1839
573
7293
738
22236
6828
21138
23988
1674
15459
8001
8835
13332
168
11673
13701
789
5064
6027
327
3057
13857
18894
19368
3669
2874
894
4818
21048
6354
14274
11946
19983
10623
12684
18219
17454
22878
18210
8184
14340
2211
17019
16728
15435
4695
19488
16227
9759
1515
5610
1872
15372
507
10299
19041
3381
11193
12915
13488
17547
3189
1434
13530
2871
3174
20808
20325
2055
4074
4509
16395
19341
10587
9123
10779
15282
4611
16062
14097
19182
21672
5028
10554
11235
15327
18654
3675
15576
7569
17163
9123
23817
7653
11709
2688
10827
21573
12069
12882
1647
5634
18333
20991
5277
3459
7770
20559
21126
12888
23715
5367
23616
17799
15921
10854
22182
23631
14529
13758
20259
20748
11937
20076
4401
23646
11820
4284
21222
12945
17169
11925
7635
11502
8916
12915
4017
5742
22530
14202
18630
22245
19569
7305
5100
546
18159
3282
180
8688
6096
20439
5436
18033
5571
22893
17682
6447
3177
3960
8448
9402
15885
16083
9963
13860
4998
3036
8658
3531
17238
16347
14832
1863
23652
19935
15468
17811
12273
15648
15555
18372
1143
10047
1461
19770
8940
19143
15273
1173
12159
23721
10578
17103
15804
20541
20019
9861
12633
4677
13392
18930
21024
17280
20793
9732
2271
12261
16599
14547
16965
8154
21975
7164
18201
23436
2934
16197
7638
18207
17373
8853
6984
17007
15012
22791
2604
11031
8652
15237
4767
11100
10167
14847
4380
20019
582
6654
21336
17181
10257
3360
1338
21288
10524
8595
9780
2517
13851
17418
9780
7224
15330
16767
13287
6342
4614
15891
17376
2322
20184
22143
13422
6354
12990
6858
15429
2628
2568
12765
19812
1881
5181
10206
12225
15708
7857
22008
7281
21708
4482
17061
4932
19812
9828
18219
2157
3498
23166
8589
5820
19353
19788
8298
14763
21834
4215
6192
465
6783
8013
9333
21723
13197
19539
9948
17961
3396
21012
1242
14163
1497
18303
19095
10365
17190
2373
1578
20688
14595
10167
2511
9948
19011
10809
13767
16848
15024
9015
6369
10866
17031
4758
21645
19284
13353
20649
13245
16749
17664
14487
19968
8217
21846
15066
18582
15036
6495
20163
11727
10146
19386
14238
9153
14400
14103
22920
20304
18186
7938
15729
18108
14025
20487
4809
9309
9840
1458
22554
15645
8178
2097
11616
16395
23943
15738
10980
14982
11289
7143
15765
21435
2529
19059
6588
5985
9162
18567
2289
16404
2505
7074
23568
16530
3561
4377
14895
13401
5838
13449
5049
14016
4602
5721
6414
4545
21459
6450
19527
8748
2649
11292
6183
18234
19407
1830
222
4572
20397
15567
10032
22902
22644
9603
4488
2205
13980
19383
4665
8874
21888
22770
22893
2490
4491
18363
20091
1950
13869
4677
23754
16518
5025
18993
10752
435
20823
30
5007
17220
15600
4095
5178
3300
13698
22722
5505
3681
7161
23226
1611
5049
21996
504
20595
2487
7923
16689
17493
21792
21366
17247
14310
15447
12243
14121
15882
9066
14151
9945
15345
5751
14043
9579
9051
3741
8304
3615
20478
15465
2841
22092
9573
13896
11652
6168
16383
8634
11913
22935
6426
22335
16182
9795
13785
17481
23916
5667
15606
14067
15615
6951
8877
5658
16530
6984
22455
13890
23655
7992
5358
15555
19140
14931
5451
6792
10155
10890
15426
11127
9825
10911
9462
15066
20706
12303
8547
9678
17973
153
12801
22644
20160
21678
17358
1749
17721
15813
15639
17376
12861
10053
21987
8001
14040
3438
14796
198
14331
19278
381
13212
6189
9843
4278
15951
11205
1884
1629
18234
15093
14433
16878
312
1167
10236
2061
18888
15105
6756
1323
17025
16812
23310
1026
6852
2751
15822
20106
6138
159
20487
19350
6348
19389
12687
11358
6594
14571
12987
828
5664
3420
6762
5976
4590
6054
21093
12534
10215
3852
13857
3240
9720
2226
4269
5628
4977
9147
14793
171
9306
11280
8577
4713
19725
21264
16071
2319
11835
18114
16203
6558
10593
22965
1590
4239
5019
22686
16773
15237
15594
19689
18477
14370
21915
22746
19998
15948
20952
10791
16119
6258
11130
13752
27
6855
11019
5154
22233
11910
23271
14436
7524
9864
13404
9117
14103
7479
20859
19932
11772
12453
4677
6252
15879
2592
18054
11877
7596
15006
11727
12771
10323
22857
2526
23406
18768
13545
4563
17001
14511
16890
20496
22038
2754
22956
7155
5913
6435
17070
14901
18210
5523
19581
13518
10458
11229
20628
22335
18828
11637
23118
20655
11016
11031
23181
10422
18858
1782
4041
11859
16296
20931
21411
3390
12741
20367
10545
7710
15861
3615
22614
23127
22194
7251
12645
8652
7536
9273
20043
15420
9966
8220
12078
10038
19251
315
20463
3165
2100
504
15027
7452
10494
1494
10842
23235
21864
10443
6948
2781
3114
18618
1908
14364
14925
3609
12072
22461
1938
21171
13884
11907
5391
1962
11001
13701
15333
7464
16866
17433
21027
20949
13941
7521
22446
13839
19812
9366
282
2760
1203
16452
10434
3111
6816
1359
19776
18888
23823
21714
16062
2763
22677
21453
17781
9681
210
9114
6201
17079
15606
16284
3084
5547
23805
1530
8445
8676
23952
8727
492
1155
14238
10929
17322
21054
1344
13098
15945
14223
23871
21063
16986
11604
7572
23823
21285
7785
8940
16545
13920
546
8829
17004
19149
21693
7593
3594
6369
20601
1380
19917
21759
15618
6846
15081
12672
8193
17238
17673
11472
17109
3792
4461
17769
11367
4284
4113
8208
2280
20658
22128
2826
18543
4188
11034
5292
837
14628
717
21441
16008
20637
8256
20682
3483
12393
9357
732
5631
16086
12207
11796
19881
5724
5568
20304
23064
9681
4512
1347
19395
15696
17229
13938
8940
17319
19233
9780
7950
19950
20277
13014
16587
4533
9699
9129
5982
8112
22917
672
13254
180
12468
22191
5904
7092
18495
18027
5829
23007
19374
14280
14703
1659
17277
12702
18981
1566
11538
15987
10572
7815
18057
3162
1404
16812
1347
7386
13980
13320
8058
3237
13503
9585
1428
19407
5733
19926
2490
621
7989
10920
14901
11751
12582
21234
453
20619
22800
11991
12606
9375
19806
19719
1593
10266
12534
2940
6708
2514
16260
14769
5751
5763
13410
20238
14229
8199
5220
5775
8820
13209
16698
12780
960
18336
10014
14469
14955
8817
2460
16617
7248
11322
12336
8841
21588
870
11781
17355
16443
17097
21180
11250
11919
10590
7488
15204
7845
12708
20979
16668
14976
2733
18504
4992
21069
17574
19464
12024
15447
21924
17697
22695
22305
19092
7536
8949
19962
8373
2304
1461
14529
23484
12714
2448
23130
20202
6708
6978
21969
16743
12702
12945
19479
7206
17937
16548
780
13401
17631
5286
384
11328
3981
22689
6420
11520
20694
15441
19893
23001
16902
10422
22485
18672
1926
10674
14877
21690
17652
1902
14436
6354
14847
22971
2616
21840
15519
16452
300
22206
21738
13740
22593
1722
1485
18069
2298
22179
22566
22191
21180
15471
21672
8724
10143
12654
19398
14076
10347
2106
15978
13839
21516
19881
12810
132
6780
17385
16584
7080
4650
3381
20820
3243
18159
11361
21312
20457
9540
19881
7704
19779
408
18432
17559
23607
7089
2013
2742
6492
4119
7776
9387
1635
3660
11253
14823
10440
17694
20463
6576
22344
23844
16452
1587
18003
3813
11958
3516
2409
20895
11223
22188
10359
5655
15747
23022
1800
6816
1764
8292
10935
9543
17679
1626
2259
17988
16449
1755
11685
1971
8331
10029
1815
783
675
8877
17652
1689
12393
20061
22584
12672
7308
21999
18330
12111
21021
20130
18930
22788
17481
18921
21387
216
9606
12702
18207
15111
14457
5892
17082
11844
15921
7956
1683
16596
16833
19335
18285
18282
4452
5925
6957
11760
3924
1287
23874
14004
10473
7860
12792
3954
2781
23235
4173
12387
11937
11436
3501
15450
17328
20583
3294
9249
17595
4977
14904
10428
312
22245
17769
17820
17229
726
5583
10209
15069
5457
213
14598
13317
2061
18555
5154
1296
11784
17544
2289
23220
10101
17739
5604
19740
10089
3909
13338
15066
18813
12822
4434
6117
6591
22257
23346
7317
16896
22611
11442
22353
22827
2043
726
888
9654
18936
15243
10494
1536
17532
22770
11637
330
4374
20436
23475
21339
22830
14544
16155
11652
8034
11328
18246
19347
23730
14619
12243
22341
15120
23652
21168
6219
13434
22059
15873
8373
2358
15423
9909
8946
14193
10605
22332
7623
7041
21810
4962
5871
1410
10173
6579
9444
10557
825
4794
10287
4503
17037
8631
8679
5748
18855
14898
19182
5970
6771
3555
8328
11250
13467
17277
14499
13128
15609
11178
20169
13419
5196
15096
14829
15372
21675
13332
1929
11559
7182
1275
5118
13275
22962
13797
19023
17817
4695
14208
23790
522
17763
21174
11772
20286
3507
15327
9414
19119
2505
18639
21594
7701
9735
1482
12129
20469
3870
14061
21084
11052
4392
2202
327
3354
5055
19353
21171
22806
9561
10017
23328
16380
7194
156
12669
23757
15483
22083
18876
7044
16725
5529
14745
15516
20067
2877
1041
23937
5994
22125
45
10386
13383
372
2796
18438
8781
23967
17244
7398
23043
5628
23781
19293
18840
12450
19050
23379
23589
2985
6423
5370
21570
10227
9945
17637
13104
10986
6630
8154
22170
6675
18540
11553
20103
21336
5994
17943
10359
12294
1341
22458
6981
1122
17751
1821
2628
1860
1203
15276
4845
20682
20646
2415
6909
19647
9108
9069
6636
4794
17223
4806
525
819
5415
9684
11211
11409
3627
21573
12762
4971
20031
19743
19149
2841
10620
21780
4701
879
13056
22602
10620
22758
14073
17529
18408
23181
2601
14100
3975
8880
7962
17556
9702
13377
3240
20913
13845
6870
7542
15663
897
16632
462
20046
19473
11082
17826
13230
1020
19938
11832
11640
7755
1905
18225
15219
14142
20826
5319
7173
18765
13281
729
4467
15714
3969
1380
5559
23895
21981
10278
792
14613
10740
20841
10086
21825
3723
23316
11901
12720
204
23541
20475
2109
17766
11694
5307
3651
6069
12480
22416
8406
2265
15939
120
6234
6375
18738
19188
4356
5016
19980
18969
15759
16821
18111
2640
9603
6483
14541
22323
6687
3138
18798
21852
9960
19548
3159
2667
1617
4695
14139
10023
6960
6078
10143
2253
1512
17937
21441
5868
22956
17421
13896
3771
23301
8007
19467
8904
14493
10008
7227
21180
2202
15081
8091
12162
10629
11250
14832
12246
5004
4971
22269
11964
108
21468
3273
1620
15408
714
7488
3420
7194
21384
7191
6495
18450
15714
15399
8943
14778
11682
19179
16980
2763
3270
18198
13392
3579
9030
14694
8583
3060
12963
9603
16224
23487
12879
17844
14895
13593
14388
7371
20787
831
3618
16338
19281
19332
20793
17280
10110
8475
12459
3090
294
15732
10347
2742
8367
8433
17436
16950
11493
19455
15609
3717
18945
4488
10617
22896
7140
1008
19326
16983
1839
22944
9324
10176
18279
19173
3456
17445
3651
15915
9594
17001
20703
19941
8802
5070
4374
2238
11076
4926
10752
2688
21699
18753
20232
8319
6705
3372
9327
2031
20358
222
978
18738
10398
8313
2967
13854
1758
19674
5769
408
12678
15531
20349
21480
20601
13782
12774
20736
18708
23526
23424
16407
7335
19656
726
14043
12087
23109
16074
21501
23331
6108
5295
22785
14421
8262
12639
5238
3939
7467
5646
16617
22998
15054
3153
8655
4836
15927
18447
12600
4512
17871
5007
11847
2586
18792
1890
14673
6957
7023
1230
19347
13131
6525
18132
16611
14787
19830
10905
18726
3297
5607
399
15351
20661
3552
13062
14553
8538
7512
3153
13050
14439
21219
13953
17025
16011
4902
20754
22968
11925
21984
18315
14112
4509
1506
6723
8355
21336
17628
3081
633
12294
16539
5040
8955
20091
7158
12567
17685
14670
15720
6735
18168
12939
20691
249
18006
1593
21006
16977
2574
8046
348
16686
1614
1854
23412
9969
23190
6096
2106
12879
7446
18645
6975
16404
3795
3192
4971
21480
6918
9747
4218
1086
11745
13965
1338
5751
4614
11400
22728
7188
19446
12135
12930
21060
3045
1398
7029
15294
20553
9138
17229
3999
3783
13263
20403
20634
16455
14430
18117
23373
13236
11391
462
981
1356
1800
6732
19026
13200
18519
15270
21702
19710
4200
18765
22755
5601
14850
14049
2154
23988
20337
6153
16830
9600
15615
13464
2055
19101
20637
1428
8337
8028
14946
22374
9384
5802
5109
17466
8058
12684
8736
5763
8394
12939
528
20205
18540
4434
23313
20694
4425
19650
15903
10311
5250
7518
12831
20361
15678
9471
10845
15
17499
1794
11448
15942
7596
16557
9408
15657
18297
18147
10476
15747
7086
60
11952
14682
4494
11265
432
21975
19971
16335
8286
1221
12912
10176
10638
4590
19647
21486
17661
2202
23280
5109
18144
19932
10722
16611
645
5019
23814
11121
20766
19956
11181
21777
10638
15678
9042
126
13653
18072
16461
10998
8349
18429
21174
18990
23019
5877
16476
5739
8079
4812
10848
15282
744
21573
7893
14448
15648
7707
1569
1473
16719
1809
23250
3357
6543
21348
16539
9252
15420
9000
20250
23772
16488
6480
18762
4563
12357
294
10302
9495
5106
21153
777
18906
7782
21726
9354
23430
18489
23982
13959
11208
1791
13209
3621
8334
10560
20160
17586
15036
18216
2895
14808
10704
9375
22626
4326
10791
22920
14628
20286
17082
837
10119
11991
21675
20901
10401
10164
15390
10383
123
15654
1230
13335
19275
22620
12951
4491
16209
3987
22707
8160
18798
22470
6591
17424
2796
6438
5403
6480
15780
22485
7320
1899
23532
18051
22800
9936
4215
3246
9375
4341
18900
10608
6732
3231
9228
19683
7722
14493
23670
6432
11709
7524
17958
18303
14007
20754
13797
19410
3234
5580
17895
23610
20535
17430
17664
19338
3366
10935
11640
1797
15276
6543
1461
11064
22830
23748
6747
6555
14241
19476
2043
15009
16056
20001
22368
6063
5811
12165
1473
9045
17745
19371
21714
14283
12801
4434
22677
5223
15369
10317
20076
19704
5916
21540
6768
17805
21288
2574
360
585
11106
2403
15594
3162
11460
13962
9228
17271
15186
10701
2316
8931
19128
13086
12270
20985
17520
3
15264
21948
23379
11343
17652
5295
8883
13476
23100
6171
5106
12516
19812
16212
3975
11409
19377
15435
14427
17661
8706
5613
4362
81
3603
12549
2223
4929
9534
19746
4935
801
6750
4314
12144
402
22665
10083
2934
10824
5310
8043
23340
1122
13311
3318
1587
8688
7809
16017
15405
5574
10686
19770
5655
3345
21375
7878
8277
6909
16680
13212
20766
23430
17526
8910
12888
16191
8049
4881
3015
13359
12924
15414
14484
2235
7788
5127
23982
15597
21144
15387
21171
20889
213
15882
234
21588
12819
21567
17556
5499
10779
14322
17988
17361
12291
19932
22611
20340
813
14682
9702
13737
6096
13242
5031
13884
18369
18069
18540
4572
22512
4767
1461
22728
20652
14751
9372
9471
12321
2928
4026
12156
6309
11070
5520
18600
7005
4131
14940
7818
18813
13698
10614
13968
2940
4701
16908
10368
22770
504
14940
21282
5274
5457
9066
14982
9264
18441
13509
21585
10425
6591
22800
16734
17664
17376
390
669
21507
4389
21543
5376
18087
8157
8400
21030
12858
14367
7398
684
14871
11394
21969
20145
16851
20091
183
2115
3588
13692
12759
14016
20286
615
19806
13950
17991
9255
3675
4554
13644
1218
22986
7731
22434
7389
17817
348
21756
14271
1035
1683
1665
12060
21831
7572
8151
11070
22746
11742
765
561
14814
21051
1176
23676
57
8223
8931
16788
12777
22575
18006
819
19365
5496
8208
13182
5847
19020
16512
6882
20706
18177
18942
7593
14808
16149
18663
2610
3891
8484
3171
7761
18591
17403
7440
7704
14682
16371
492
3459
4005
7557
4278
23370
13053
1545
1608
7956
9621
18120
14838
19383
1356
22836
16032
16164
14988
23754
7830
7935
8238
57
15699
15888
17460
12195
23592
21198
4566
87
657
21627
7644
17991
10053
9753
8592
11664
17712
18216
5784
21606
2655
20196
20445
18690
1416
489
18444
9246
21480
15738
9303
2235
7626
15819
14430
7221
13017
8055
7308
2730
5682
4008
9780
15738
2817
18372
16458
20529
1644
11298
7194
4302
7497
3639
12048
8913
17184
6492
7218
14664
22230
16521
16902
18915
21399
7332
2136
10416
4443
22500
2205
10128
15564
11985
14922
18381
19413
7380
3969
21060
18678
219
14418
2175
3858
2466
147
10098
22014
7365
13818
9300
12942
19776
4215
10341
16167
19407
9816
20610
6963
12021
6738
22527
13062
21660
5967
8475
18096
22992
18591
12777
23211
22065
14952
16125
13587
15099
15279
11601
11520
5097
9960
465
876
14175
10806
6099
22641
9678
2709
5604
21699
22506
17190
23817
9222
23157
21351
3321
11205
15942
16098
10416
3066
20106
15597
16653
264
6876
17313
11784
11973
3273
1305
1905
6504
12114
8004
5145
21792
10716
23808
8550
22278
16998
21423
7500
5211
18774
10821
16416
23775
15975
2832
2841
12084
18429
8550
12348
1305
1863
13188
2334
5136
14496
4242
11643
15666
1302
5844
2514
1074
5652
120
23352
11706
21546
6855
16917
5376
6732
9333
5151
22710
1221
21048
10794
8706
5601
12198
23067
20520
14442
1404
1659
4938
18702
2358
9660
20004
21258
12177
21081
15969
1353
9489
3675
22899
16344
20595
4278
23079
5928
22485
21789
7152
8592
21639
4914
14193
9837
3984
10713
13335
5388
1428
7332
90
16842
16992
9150
3159
18225
19287
19128
19581
4779
11859
7536
10179
8454
870
9258
3441
23358
20103
23649
7950
17742
4563
11199
16635
8547
10968
19029
13935
1455
2361
3081
7353
19353
1290
10512
2637
9633
18696
11274
14412
6558
18810
13650
15012
19683
22908
7509
8097
8070
7158
5103
14868
11724
5358
20562
9327
5382
15591
12321
6837
17952
4458
3249
2361
5748
2817
18054
15384
21516
5328
18852
4074
141
8502
8142
8880
20469
4710
6033
17595
11868
192
8463
12648
18606
18081
21978
23988
22728
23355
19884
5736
3813
23133
8100
22620
15006
15210
3060
12522
20541
21912
5652
9738
19473
2853
18618
4998
7563
13707
22593
8487
13899
20112
21138
8505
14196
8172
21549
12924
7527
17433
18663
396
5622
15819
23016
20631
7029
2076
22209
16626
23991
3864
2364
8520
19773
20982
13518
3336
23745
1167
11823
13644
21279
22017
11205
531
19245
8757
13458
15828
15246
21177
16227
20871
2052
15243
6558
9081
6378
4767
14766
19425
8631
17130
3945
4404
3171
6519
20796
2916
7686
21678
5619
18021
8751
16824
18555
3999
14637
21069
8883
18942
18246
1110
15813
20298
5412
11427
18435
11790
16194
9201
7215
13884
2334
216
7344
18561
6735
4143
21477
3477
14877
16152
21498
23628
22035
16053
3627
12672
13122
12513
7614
7368
2679
12483
16722
21147
23910
216
8937
5163
22473
5208
19047
13863
5424
2391
8424
1215
19590
5904
4692
10467
22056
2193
10098
20091
18246
2781
21822
20427
4350
18492
16851
20088
20034
9576
17235
9000
22848
2175
14163
21321
20439
22266
11187
14922
660
19611
16137
9306
14571
9888
19776
1686
12081
5874
21777
19383
21711
8655
15810
2064
16206
21720
22152
12240
7296
15387
21240
19200
6618
462
16521
16116
22728
3708
7038
12444
23322
12231
21753
13893
22119
6585
15579
10200
1515
2415
18642
23226
126
23508
14346
16332
21228
1554
4572
17580
6000
14871
12780
12618
15333
5304
17790
3117
22068
828
15564
21390
13062
2373
342
11181
22014
4977
10440
23529
20448
18138
22755
20577
17646
2160
12909
3933
3714
6540
21513
9714
10467
23352
11391
1800
17712
5181
17973
15780
6012
22593
13173
8130
14022
2571
8367
12036
7548
18807
11565
17055
12945
23379
13632
19650
1539
15597
23583
18309
11193
21096
4026
21660
9504
4473
12516
3216
9654
19548
18999
4722
18141
21228
1908
8166
23799
10278
20202
20403
5085
20826
13458
7089
9261
16146
2739
10800
20802
2322
18165
21051
12474
11247
18714
21981
15720
20286
14253
1377
15834
9252
19155
23034
6480
21066
7200
19335
7344
16458
15741
1485
2340
18255
8574
11601
23460
369
11457
9318
2691
5625
6369
4224
16872
14139
15261
8595
10428
5514
23028
15318
14769
7239
14352
10305
4305
10608
5643
705
16125
10440
2193
18465
17751
23823
6069
17211
195
6582
15585
2886
12207
21957
20166
18138
12096
11427
15789
11580
16944
14817
2901
20769
22056
6309
7074
15420
16920
12717
16125
22101
23157
18318
16566
16911
18144
11691
23178
7395
7332
14766
10281
19539
1779
19506
2733
13875
6933
18522
14514
12933
9339
6471
9702
20454
1836
16779
930
7812
18552
17055
5913
6768
432
11538
23679
7632
23229
11913
15027
19617
15735
14364
15159
17514
9870
17892
20448
5862
1473
10962
18795
10812
6489
4500
20322
8325
10335
21252
16140
4887
3366
22053
11655
3798
9591
390
486
21879
1362
15513
17496
17097
18933
21711
10614
4806
4662
20118
23724
6135
20136
18519
6003
2625
12075
15384
6
22410
1692
16146
3300
5058
3258
4011
21912
1905
4404
22398
12840
5766
2967
19395
11919
21903
6162
11589
15765
10824
7707
15489
6015
3843
23064
1077
19524
11142
5517
8589
9552
7209
735
1908
12270
17049
5922
23238
8013
23382
21639
20853
18204
13662
5304
19179
11565
11469
6771
16386
11349
3534
20931
6423
20436
19998
7500
15960
7140
13017
549
5748
9282
14343
20715
21552
20448
2637
20793
4461
15075
7488
14373
22335
21150
19677
17514
21774
7146
285
3216
18498
3822
150
921
258
9204
21477
5274
5400
23550
18882
11148
8832
22281
20919
19443
18729
23556
5292
23193
3687
1836
13566
2022
22986
9243
19539
9816
5448
19824
13035
13002
12702
2241
2979
2016
11445
456
7293
16845
13062
15231
17049
21894
13512
13971
6393
8241
2583
11685
20490
6273
2577
23112
21351
1566
21414
16890
438
2862
1773
2529
4920
3531
4770
7899
5550
16215
21411
1899
22116
10473
17130
4224
21423
19698
7251
16875
16995
22890
17616
13488
18219
20196
12600
15573
10818
23070
21519
11256
14988
23292
13788
19908
15882
18558
3807
21432
23832
1218
12387
11004
747
5517
4284
11229
1215
11535
4104
18210
23484
10776
20754
17703
6972
22413
9276
17790
21483
19854
5049
12474
8202
7893
8382
84
2451
1248
21516
15339
15522
22959
15402
5328
4476
