9000
16149
11658
20331
5745
14379
16005
7158
19476
16947
10263
10086
12081
26070
6177
23289
17778
19620
19278
18516
11208
12633
1104
19701
1287
2346
1590
5586
21369
18201
3405
11787
26406
15066
24174
24207
21501
13179
4368
6033
3126
6687
16119
7263
5757
14352
22611
15594
6972
6945
7110
10239
19578
273
2940
20868
2619
23586
18510
23988
6843
21915
8775
6252
9981
25008
22515
23538
11187
18939
2571
6372
17685
10746
13635
23442
25101
1302
4092
24129
8250
3261
26424
828
3534
2364
13752
25209
25953
5262
22197
5796
180
23028
4104
2217
21036
18678
25758
24282
10617
20385
22710
1302
4134
1401
16803
21291
2706
12951
10476
10956
8268
9903
3840
3858
4323
17595
2067
22332
22857
16320
20187
15093
12351
24291
17313
25443
8025
8127
14781
10701
20568
10491
4059
16758
11895
12918
11049
6657
25872
13584
17613
26196
23487
13509
3057
810
4104
5124
23145
19020
21447
8388
26169
25854
24735
8538
16353
5763
16665
4137
16464
2292
6684
20523
19050
18579
25500
3102
17292
24372
8742
26961
23568
5229
13473
18681
25095
17577
23808
13296
1653
10311
21684
825
1221
19422
9363
17574
25185
18087
21711
6705
20379
20454
19284
12429
12033
17784
7587
2328
7212
16329
2289
22839
13614
7818
14520
11712
17454
3384
17064
19107
5751
11751
11988
6972
23229
13410
24549
13470
4497
11316
20175
16932
4770
4515
21417
8862
14358
2007
3246
13626
10392
24591
1521
16065
5412
16044
19833
22866
11484
9897
7029
17238
13704
19020
16266
9933
5430
13815
23403
1983
17190
8634
18915
21960
5208
13332
22878
19566
7395
26124
25248
9846
15774
26772
25911
21186
7872
10800
9108
19356
20697
16137
1650
7404
213
17919
9393
5643
23790
5799
26682
13980
6489
18597
8943
11697
23988
23877
23319
23439
23004
21570
6285
11778
13398
24252
25020
21270
8052
7128
13626
20808
15321
7335
20268
15537
25254
2661
13236
22044
516
4977
9027
7008
15630
10026
10761
12618
6903
26139
1116
21963
12765
26457
25797
26163
23712
23817
20433
23820
23001
26115
9684
3381
6450
2952
10974
23760
24672
16266
18807
25188
21243
19890
24252
9876
2916
8016
14550
1875
7155
15666
15897
19920
15126
14694
11139
3894
3570
4572
19770
18627
22743
2457
22008
2196
24465
5982
18012
22137
14307
9819
20328
8550
21765
17580
18426
16737
17652
5979
18615
16863
13701
7512
1839
20883
14262
12978
24777
17832
9606
9606
1518
5352
12063
23526
26604
1584
21567
17616
23724
8874
19494
9108
17424
14259
18744
909
3999
9399
25944
14670
26262
4701
14238
1104
25587
1500
6138
23364
11391
15747
5970
12909
21099
10089
1491
12759
11676
23058
3375
456
23988
14925
9564
6471
2187
1308
7380
25242
2763
25380
12912
21084
3081
150
14244
1668
20706
20382
17091
5097
9129
15117
18006
22284
25209
19500
8043
1941
7614
3477
21453
4605
18402
4017
11076
12645
24381
10512
10887
147
8892
15855
13287
4029
16005
531
5700
9714
20913
14847
6867
22101
2964
24876
17385
20229
9432
17487
22170
17046
13020
16623
13707
23478
12696
24783
9126
10080
351
12069
2283
9243
927
15570
13275
8988
16101
11031
18702
2070
25878
25572
24171
1842
15504
6615
22074
24936
16158
9300
7038
2178
17982
20748
25656
22734
10587
26838
24870
10941
11910
153
12240
4893
7779
17571
13881
15936
20658
24642
10065
19536
15270
7236
13437
22830
5907
567
12822
22065
1923
19860
16299
11961
5664
7014
7698
8310
6852
5568
19251
10818
24780
23547
15711
24615
6177
21651
13554
26835
11349
23619
19374
26619
22911
24867
22449
1821
25434
8271
15942
19413
20187
24300
4377
25854
4314
12075
7164
3222
9699
18471
14043
7479
7074
21810
5097
13251
8517
10707
13089
19866
26382
24519
11541
22293
22386
26046
16170
12876
26373
24171
24345
19563
21471
1722
10473
17841
5853
9693
21063
7611
20220
162
15090
294
21975
12243
13548
22548
15006
18693
15417
14388
16212
19014
1740
3654
18063
17910
8586
17436
7137
5931
2055
1608
26712
12528
19449
24621
14277
5571
5232
7497
5733
12381
26850
708
16680
5454
15315
4689
24147
3732
11133
5415
14802
12873
1125
5865
22842
1767
23304
2979
26754
17415
23646
26466
2946
8151
24090
9279
13722
21378
16779
19458
6759
16629
12222
23442
14139
537
1131
11286
23325
12264
8757
11130
17196
9882
9051
13038
3705
24411
8073
3459
14829
4719
21984
17775
12873
11130
54
18651
5508
8889
3165
12270
17574
15390
8712
4713
7983
1899
8055
23367
6219
16812
26553
23415
18750
8604
1509
22455
6018
9585
25917
20847
6360
20901
3678
11289
5031
22788
2943
2595
4680
6108
14865
14310
13554
15633
19026
13596
9588
19137
9963
15810
8952
9516
4281
702
18120
24849
15216
16194
26490
6189
10041
5850
90
13719
17142
24177
1566
12141
26772
6246
10305
6696
12612
23862
22329
23694
10458
4920
15834
12477
12786
24786
14049
9123
17544
5169
6972
24816
21366
6462
4005
23463
4371
4095
2241
21513
20328
3807
6654
20103
2109
16959
26799
14721
5877
14184
11418
8391
11160
252
12924
16002
17094
26973
25128
26694
5145
24156
24513
18567
22677
1518
15030
48
24672
9327
13617
18000
13134
12327
3159
15243
21342
22014
2967
19278
9201
6441
669
20361
6693
13596
9366
15843
5625
26550
15537
10770
15762
13050
21393
11439
14571
1482
3543
12243
10809
17160
22299
23946
21543
25461
4245
15888
20475
7212
8166
2676
13653
891
15096
12402
6543
16518
1245
12171
8124
16785
14997
23886
21891
1449
8328
9462
2931
3927
13761
5796
13146
9063
21798
7689
26580
26046
15633
20055
6258
15855
14790
11970
16749
21942
16428
15348
11460
17676
19575
19584
26517
7575
16470
21408
1080
16854
22929
4011
20784
1746
1863
6930
2865
23664
6675
2445
22710
22311
14559
21024
11166
2349
25050
19971
24291
14481
378
807
24213
19953
12447
23730
19584
1917
10194
20664
10830
25179
16731
23670
26928
18597
22656
2793
15261
2331
24297
10971
16698
11856
24051
19923
14205
22104
12894
3552
9585
5328
23415
6798
25284
8862
22584
9924
10779
24834
3591
13665
23016
20322
10335
15000
3975
5991
9849
19236
381
7146
22263
17079
19002
19317
10002
25263
6477
14955
20871
16062
20283
17286
14916
10623
26148
2556
20550
1986
19446
16197
15651
15462
9519
18045
22518
5553
16092
5370
24789
16473
12516
12111
25611
23577
23484
8613
21840
2961
23568
7770
19023
8910
25056
25995
19533
24207
1551
13083
18249
13053
21336
6900
1518
22914
17001
16092
1467
6096
21462
18312
14625
26037
3423
13236
22614
26907
13908
9510
2868
2532
17280
13947
11442
7395
12942
3978
23658
6549
9117
14907
19605
3456
13863
13179
26370
3867
21327
19893
2019
15792
11205
16644
6885
14631
21939
2499
6594
8847
4065
9465
11379
13404
15468
14880
20799
20469
18858
9513
19074
20031
24420
3735
15543
11283
8970
6969
15150
3300
26862
9225
19092
3126
25872
25977
17757
12867
20532
16407
21714
16653
17928
25149
3057
6399
13029
15912
26868
23943
25425
10998
9033
14901
14736
24576
26187
23706
23604
6393
6
15522
15621
11154
18648
6549
10131
1461
19416
22719
17871
6186
12375
8799
23391
7488
7254
9423
15459
26178
25422
5940
10179
7455
20844
24915
24090
12087
13677
20694
18480
13686
1272
26157
24840
19923
5706
30
13440
17178
22749
23367
15420
8124
5169
11814
7671
4479
13293
23130
3660
11715
2070
13839
19173
22914
3810
16263
8001
17487
2013
18540
23229
3285
17697
21072
15264
15462
13158
1707
24696
8907
17130
13119
9090
22299
16989
16761
18837
3282
4947
22497
7053
7017
1392
26226
21990
24258
7545
22047
14745
9558
5643
3033
4902
15399
16161
20166
3861
2319
13929
1557
11226
4062
6732
12372
18417
15777
21189
10254
19059
26136
24807
26115
25212
26199
17397
20202
23457
24945
7305
3261
26559
5007
25350
4461
20406
14511
16686
24267
16830
3615
17880
20112
26733
16671
5487
10209
5448
26676
20463
16566
25815
10329
7737
16083
1584
25134
1341
17100
15135
8646
20361
14697
13653
10767
19158
7059
25278
8844
23382
15108
4518
6321
276
4251
22992
5763
14460
1440
24498
26982
10062
15369
10311
17799
4452
3951
15936
5793
21051
23127
6495
6468
10824
12207
17235
2985
19266
15513
3885
7707
22677
8403
14028
22956
4713
10020
20775
11229
3516
18273
3267
13581
25698
5634
23436
3150
9588
12372
999
3639
558
7497
10110
11382
19704
345
6423
4026
7917
10311
3789
3594
10770
17817
18606
7539
19893
12384
18771
23412
22713
22038
2049
21414
675
25485
16620
10263
2916
9678
13902
3474
17175
16068
14856
1935
16416
13338
25017
24333
23649
1809
19983
26475
19626
3648
7017
12522
16032
25788
990
3801
12882
3039
17271
13557
20580
25950
15876
23496
8628
21837
26970
17859
10905
6885
19794
321
20223
17811
16710
8928
19620
1752
8403
12249
5400
7476
16827
13488
25320
17817
17289
11205
12912
26619
16818
6492
25569
24753
22047
26253
19590
22017
17112
3495
20958
9906
22875
6237
19773
4641
7221
4452
6393
7683
8757
11793
15159
25584
25281
13482
8457
7629
16743
21369
26304
6561
19917
16929
4314
14964
16182
15960
2040
6294
19458
15054
8256
7389
21294
20085
12030
1515
24537
18426
9198
6294
22275
16416
23934
20559
2898
5391
20244
19641
18816
19548
18258
11736
9477
14631
26700
25659
3591
20796
24009
15105
8853
24321
22494
3147
9462
26583
23718
7002
18009
24975
5352
13284
14391
2289
25899
9345
7680
19143
21042
18555
11691
12300
3291
13224
18987
22047
3939
14637
7902
948
2742
16755
17325
17295
11958
26790
16878
8676
25848
7887
25707
23256
13227
13098
25545
4185
14499
25284
23328
8541
16839
78
12900
12186
5358
4887
26289
9300
19524
7191
10248
14325
23946
19632
4620
960
11478
13554
1695
2382
13497
402
25638
26724
5559
24186
3909
20058
14526
19296
1602
23421
11430
14502
8607
16788
11445
26952
26088
3972
7146
1395
10353
23148
13083
7029
24111
24561
20583
25806
26943
7080
18264
17637
25860
23823
6879
2772
16884
21405
14124
18486
17826
17610
5988
18489
7398
17433
10500
25545
13461
9702
18996
15870
5850
5079
22899
22017
2640
16482
12879
21639
23562
4146
4332
22425
969
11214
17253
17853
5619
23433
1395
15504
14043
26439
26049
13497
8931
1605
12042
22392
11307
4038
3321
9216
1173
26220
4233
22869
7761
9171
17508
23379
13317
21843
10860
6342
25113
1113
16254
22788
16602
17649
11292
22701
17091
2400
9201
26022
4005
13299
13470
7371
9396
8847
16587
10569
8070
12876
6441
7887
22047
16005
4266
420
2904
15129
6765
1017
8298
15075
23808
16959
24780
156
12660
14871
21612
21861
5949
25620
8163
11478
5991
9615
12381
14634
20184
12507
510
18681
20394
22560
7689
24663
22980
2649
4848
21801
3669
13146
9876
19533
3105
7659
19689
7824
14586
14304
2685
12594
4980
2904
16128
3027
12519
1509
17661
24762
14019
18171
16443
26469
5787
16188
24132
20826
18840
21036
15627
14565
26241
17562
7098
21402
17277
18843
2226
23919
25203
4914
9513
22239
26874
17697
25266
4452
11265
7983
21270
17340
18213
2769
16809
24000
18960
6000
17826
2856
36
25512
17421
26277
16074
16575
20682
6351
474
22908
3270
25680
19878
4842
20919
11811
14595
11244
16263
25860
19227
2589
16200
2496
5358
6012
26499
16374
4068
9381
19230
4104
7893
1707
3384
16023
10338
16122
22374
10815
12030
17703
9495
23967
14601
22470
8778
2196
6714
17097
20115
18000
19686
1371
20496
25044
7383
12051
14421
3507
13491
25707
7614
21384
417
3054
10410
10755
19176
24840
13626
23262
7599
23121
20229
22200
10650
21063
16455
17364
11160
9570
420
22902
10941
12975
20949
10383
17082
426
13890
3573
18189
13560
24960
10662
16614
426
13476
8790
25266
102
5055
24924
15282
17340
20124
25932
11406
1635
8352
22566
3261
8775
18471
14205
13806
4476
16644
3888
23958
22590
26520
15147
9153
16536
17868
25767
16962
4344
26616
7284
4446
4671
24264
19728
22011
17391
18660
6417
11082
15
21042
14346
846
4569
20607
6708
9045
10251
2652
25059
24897
2172
5262
7050
18708
23130
24876
726
474
24492
69
4923
2163
24333
16707
16230
6780
8370
14706
17865
441
8748
24267
20343
13317
17874
51
14418
1125
2703
4533
26022
23934
9795
25131
7698
5928
23007
483
6402
20499
19608
3381
14718
8997
20091
3948
15780
20517
10710
25701
20958
19458
15024
14301
24831
5898
6408
4305
26079
9111
8838
17157
25101
18636
15288
5802
16620
3351
6285
23022
23850
25893
26406
3624
7890
11553
7575
15726
5070
10341
6483
26028
2802
21507
5385
19689
405
11793
16053
18540
12960
24891
8700
11064
8583
23988
8922
25203
342
15207
13284
16248
6156
4746
19875
14046
16299
19506
21831
21369
2847
20370
12453
24705
14880
17838
17397
7341
21687
25506
25884
7647
23397
7584
10767
24039
23628
19689
14298
23970
26952
582
5277
6108
5328
25152
12213
21627
9714
26100
8052
4617
19470
20505
2325
7350
11343
11778
6750
25086
10284
5634
24792
25737
5274
8559
14832
1902
20307
2133
17931
12315
21771
23208
18426
102
13416
22695
13785
23130
21795
13896
747
6321
7401
22128
13674
10803
6906
12480
8889
9246
18114
6681
42
23388
7299
14874
25290
19662
17007
16221
4977
11781
4485
23403
3939
17901
11154
9780
6087
25005
23676
25893
4329
23136
21021
10059
6939
19986
22539
7884
21288
13653
14568
21330
2097
13923
9207
19443
6585
18270
8667
11562
22107
5208
24
26046
23112
11178
885
2199
1242
24561
1092
5571
12753
14172
15630
19692
26214
11169
579
20502
16878
7203
14835
18975
13182
16098
11418
19767
7368
12141
23385
2478
17352
23409
20580
5520
26646
21465
7719
19944
11085
870
25515
23838
7098
6201
8589
6312
17370
1224
18870
26304
483
6705
18279
13665
22803
21753
6432
22230
25953
21873
16764
16305
10341
10344
21825
2043
23868
21600
21987
7953
14526
20502
23847
13680
26703
24492
19992
9129
25716
11865
8433
26199
10626
18768
4920
25488
5577
3408
12774
4530
25284
2538
12891
8625
12882
26772
10668
9750
21375
5655
9759
957
18213
25665
14640
9972
23157
26688
19101
13932
3609
19590
5187
14238
11358
10110
4782
16935
5574
17556
13524
3858
20094
26415
4539
25032
26190
7263
26841
12621
4974
9600
5634
23187
321
20274
6159
15537
12021
17316
21525
15630
9906
26712
21924
13320
1878
26706
3258
7455
9318
8838
3369
2412
8253
7911
19503
26499
7230
19344
4176
12207
21000
9813
450
21324
22143
25668
9861
7164
15984
4386
14853
17949
23154
9777
4269
25035
1542
26583
24546
2916
8421
19971
24387
8733
882
16890
8232
171
9234
12411
12378
3234
14280
4884
24558
9423
3552
26475
8646
11595
22917
23499
2544
19074
25332
25869
9165
18930
25455
25767
21849
25932
18738
19236
7665
11679
9126
15900
11850
18360
20367
16284
13650
7647
21168
11211
9126
24723
2742
17772
1374
25662
6327
22974
9792
4662
21843
18957
15648
12354
9780
10497
11289
1518
21789
18954
13197
3915
26910
17103
14331
12333
6387
984
12036
558
4251
21165
17337
26049
11937
10767
24711
18267
6741
26559
14985
20640
10572
3633
5997
20352
14133
9342
13929
978
20352
126
4896
12321
9288
11283
24654
15675
4323
9693
8289
630
3858
17682
26682
7851
20505
16449
18174
246
16011
6159
12945
18639
1851
18942
11994
8040
20340
25923
9018
13692
18105
13914
18069
393
17256
15726
8127
13635
17475
8472
14268
13389
18213
6006
21240
11718
22455
4473
11967
3522
10632
16968
22164
12483
8910
26214
20523
21306
25137
2544
54
8298
8514
18126
750
17826
6852
8877
4464
16383
9405
10788
2772
618
16794
16068
12339
4305
20541
16362
26886
23232
6330
14106
771
7296
13320
13353
20658
3513
15897
20712
3867
16467
11838
4617
26352
10746
5550
3816
129
14958
14604
21957
15576
23454
11028
19971
759
23625
1389
645
19857
26775
6807
20631
26127
20127
26040
19785
15696
6993
13500
19566
23460
25338
16239
14868
9087
21792
18684
1272
9750
25344
23232
17382
13854
26316
2412
14616
22941
3801
7317
7857
3579
14127
20544
21762
26310
19584
14550
7065
26577
1050
18687
15093
18444
7926
2964
531
2718
13704
20862
4524
4107
17094
21909
17961
16410
24321
24633
4407
20178
24009
4320
15813
3192
24864
10578
21558
17448
25128
1623
9081
18234
12366
24177
9678
20295
19197
10212
15069
5901
4074
19596
2064
13224
6561
20028
21690
3882
9717
18153
16116
6726
22476
4932
9918
20340
7566
4479
2847
5694
25158
3984
23928
10527
1161
6606
22878
12414
8874
10947
10374
5004
3543
12438
10284
2160
24522
4974
6042
7242
15186
14217
13968
10662
11205
15945
4002
18771
12480
25905
16521
10638
2892
13449
21165
23109
12111
9099
8526
13044
20049
18900
10104
15648
4338
12447
17811
1863
9477
15909
1161
24663
3126
15129
8325
14331
23130
4386
25158
8610
3291
14679
19251
6183
20184
5472
21351
5298
14574
2877
10398
26679
21777
12558
15327
18171
25005
6138
12090
7485
14106
13251
5148
9288
20439
13476
23622
16569
9918
21780
25182
13209
1518
9489
11451
21702
7017
5802
19056
13647
8679
2454
13326
22512
15015
20712
5739
5076
18906
17832
12561
6012
4083
9768
15303
16578
23244
3981
6150
6162
17817
23388
11427
19335
24933
22878
14040
24006
20736
6096
10656
21471
609
16038
16983
7680
9750
14781
12756
1659
5613
25320
7671
1752
144
15030
18333
15444
19011
16539
13662
9831
4983
25089
21222
21972
13026
8262
18978
6762
6417
2634
20292
7026
18675
2331
14706
20481
17112
462
22140
22725
17838
21870
24480
17982
9900
7869
6426
20970
16464
20088
22857
21447
10236
17079
8475
23262
25344
453
22080
4761
22146
15372
11787
5877
17706
18549
26358
7818
19011
21501
22602
1908
8427
12138
19890
18327
20007
18375
4353
9471
3519
210
22974
13755
17292
4449
10017
7692
23958
24156
4509
19104
12528
16296
24981
22290
26901
16398
3111
18912
10899
25713
12876
11382
10851
24825
21765
22914
16200
26121
24441
19719
26331
12471
6477
8679
8976
8550
16371
5934
5706
20880
25041
10293
2232
15078
5583
2133
4476
8694
13104
7431
26463
25980
18813
2370
15861
5637
17340
5061
4758
6837
16839
4089
19308
15372
4827
1284
23922
21198
26277
21687
15081
16374
4980
17313
4452
2619
11505
987
3372
24609
474
2835
15645
11346
24264
4509
16983
14604
1626
21741
13500
18465
17886
5808
25893
22713
26151
14874
16914
25428
9561
24051
14802
6597
6420
11310
9216
9981
4353
12588
26646
4830
7482
15294
16176
4746
11859
6159
11406
5541
19956
16962
16065
10842
22773
14958
25614
13980
2832
7584
4464
4449
4635
19266
3102
3111
22632
12321
13095
26988
16965
12741
4818
24447
20091
13050
21249
24006
19209
24714
2550
12165
14676
18615
15063
2505
6573
5733
16485
1464
13317
20949
24969
10008
5271
1074
5178
906
13395
18273
19950
3360
23070
16824
19866
16164
2874
6171
13170
22083
3885
15720
26304
10620
26391
6423
13125
25023
12159
21669
26487
17532
7674
24456
19599
12948
25530
24777
5910
3981
16050
17916
26400
12120
7740
11322
20340
10614
17493
6513
5697
13437
14289
24057
24057
13683
22536
2238
3762
26751
23907
3249
17286
4584
19761
9885
9588
10350
7662
15498
6387
15768
6414
5787
888
14154
9165
13287
16824
26661
19800
22521
5154
26145
11634
2211
4884
7170
23505
8646
6924
20415
3951
16266
17055
15771
18207
26643
26121
25869
7197
5508
14637
5667
3354
7581
19821
12519
20868
9645
4236
5724
24222
9390
23928
912
3657
20868
138
165
2517
26118
12636
25524
15384
2691
14295
6591
21390
13416
24516
1587
10983
4209
7254
6393
3849
19131
10968
16773
20832
15207
14556
10110
16653
11484
3078
12369
5352
3216
4590
26925
2337
9282
25452
9777
11973
12747
8427
25419
18222
5943
6
2205
2211
26316
8598
6060
10503
11622
22833
4335
26829
2445
6501
8541
13929
9579
12966
11340
4851
9612
3321
7188
18894
1773
9024
3867
6579
17451
2286
24801
15450
21348
19062
17661
12720
19716
15777
23223
4338
3669
19614
23226
6114
26115
4767
20046
750
9789
23442
5601
19401
26763
4848
11295
20595
13872
7218
174
4323
1560
24975
19773
14964
17037
2493
684
9753
18270
23907
14091
21939
8577
2373
1056
26748
26196
13158
498
8985
9600
25155
20442
1419
3003
4737
22014
8931
4011
22188
13254
5571
12219
25086
20535
21312
579
13275
23121
10905
2238
10215
5847
10815
4644
25959
2619
3843
12117
3117
12828
13773
20331
6273
15192
15390
3066
2265
24324
7080
24453
10578
4707
1731
720
25245
23043
1299
3576
19167
12207
5817
21438
10110
8688
26082
9069
11310
2925
13242
6483
7812
15
26814
14085
7263
15207
9207
9528
12531
16287
26040
15165
20997
771
15888
11298
23814
9243
14874
8037
13506
12747
2475
15672
21438
20616
24741
5748
23541
10983
12231
4353
3054
12048
10494
10320
19311
19704
19848
23898
1047
18888
12063
22044
11715
20007
25398
588
2253
5331
8625
7815
18078
3159
23490
12516
23775
13287
18264
20316
16329
22554
16728
19383
26658
19278
2703
18969
11982
14610
15867
5088
25554
19986
19188
10272
12996
17589
10860
7305
22920
11541
7176
6054
14700
3666
10629
11475
9012
20949
23850
25341
16503
5634
17724
16161
24912
12486
186
1953
96
16053
7041
17706
1098
26229
978
6150
8874
3894
5511
23850
7494
12687
2907
22194
8412
13536
25728
17424
26541
14634
15765
16047
12324
6489
5208
2292
11031
24453
4245
11127
5562
3342
1836
6660
21630
21870
12810
3504
17823
18321
19413
25317
23067
22320
12567
4479
912
3351
13959
453
10041
2724
8556
22365
1269
5823
16716
12303
3276
13017
15486
8838
16362
9378
7557
3048
23307
20367
6552
14130
3747
25965
4503
18870
13341
9126
23349
6309
4536
2364
25821
6633
5088
26433
21057
25413
5256
10773
2772
588
23790
18261
9429
5208
19695
16986
8256
16002
2409
6867
22188
25212
24888
26691
17082
3288
876
5487
9597
24468
7851
474
4101
4995
18966
25158
3411
24222
8931
6183
24813
5724
16500
26298
2988
9198
8340
11247
25200
2805
18114
20391
1020
16002
12138
10158
19290
5070
15648
20946
2538
15555
13476
6642
20553
5442
23856
16020
21723
5790
14259
11592
3570
3762
10890
6558
5016
11286
9861
3216
14091
975
15663
7167
16980
19860
17328
1326
24930
5976
22272
19527
13587
807
18225
7140
6249
15081
23160
972
12927
10422
12564
16497
6240
15510
15114
11256
26796
24975
6528
5946
25953
22194
13113
7989
7110
3441
1371
24096
1473
15702
16623
15063
16509
7848
14259
14814
14988
2478
15789
915
4956
20409
9471
11196
978
24585
14508
774
22560
21036
25776
13569
8286
11892
13614
15396
7389
7044
12495
921
22746
21174
15984
4311
21081
22299
19125
9069
24777
26970
9984
2733
12438
19455
5985
13416
9096
20493
6246
23715
6588
5025
10284
14874
16917
15957
22329
16362
23001
26880
17283
10803
13110
25323
15114
7191
20625
7239
16260
10458
26268
18303
13194
11706
2814
11235
25122
3969
23787
4368
684
3375
9393
3024
10305
18366
11037
24690
7731
7038
24570
17070
17841
2739
15396
25011
9930
9021
5253
18249
19479
4521
1608
24729
16227
23478
8967
6405
447
5754
10773
1131
1185
20169
23214
11490
3591
7251
1239
11322
6348
17865
1395
16245
20604
8847
14259
3537
17868
11568
13842
2403
8145
15450
19191
16428
11928
20214
22833
12378
18024
6606
5565
19209
18831
1779
22755
22425
9033
23994
25803
15381
6918
19254
4626
522
1101
10941
4059
18969
22509
17901
13431
3654
25407
24678
20082
10338
17892
15915
14772
8916
14580
20337
20181
6411
14175
7992
20892
23208
24045
19698
3645
3963
11952
327
4485
13056
11271
603
24081
6780
10560
2568
2493
8970
246
22575
11364
18138
3549
26136
19110
18129
19473
4347
16596
6648
4398
10491
21912
1443
3189
17613
24462
7197
17943
21003
20253
21270
21606
9393
20106
24225
11961
22599
6195
12210
10233
9615
22404
5838
8751
6573
23967
20280
2976
5619
18987
7374
16110
13899
873
11355
23571
17391
10611
6570
11397
3864
840
25059
5313
13002
22284
17277
660
20535
21543
2949
3150
9003
8787
3957
15576
24810
24240
10611
3429
16227
10041
11598
22182
10917
15009
10809
20364
25620
17379
4761
21543
10275
2823
26856
15336
17163
9189
15996
10701
3732
18945
5907
12738
732
9867
20370
25542
26163
3981
21027
15390
14025
5625
2628
16998
12693
13440
10362
11313
22875
15126
24912
25209
10005
24771
13545
168
26016
2541
2925
2751
13542
8835
15489
14274
10758
8859
4872
9921
12843
25899
17367
18924
23583
12051
8922
9276
17547
19284
12645
13425
26466
2616
3690
9471
19443
17235
1698
18459
19776
4623
21210
25374
5514
1755
12648
16272
10617
9576
18249
15516
531
8616
26496
24114
12726
8418
25446
3273
19758
3150
8754
19227
5766
12444
20754
17265
21735
22452
8724
6567
19134
2937
4941
24648
4692
9645
5979
7365
19221
24228
14937
19755
24903
14433
8925
2685
14907
26430
5958
7668
21636
6771
18951
19458
11271
12705
9723
6009
216
18447
12576
19350
13440
17520
9054
10191
165
15033
9612
11445
4320
24552
4200
21279
4041
5181
23964
18951
4611
2922
26619
18303
1749
18570
10761
13023
23331
20484
11088
15603
3990
23664
9
17430
6240
9066
19677
6408
16155
2292
9909
12531
18900
6165
6810
22941
11346
3774
14892
8016
25755
14511
26319
504
25137
10083
5583
13527
3567
16671
2130
7557
13338
21198
17046
11634
3264
9723
10098
11475
4071
20007
24009
22971
26172
22875
18915
10521
26652
6807
10593
25407
13377
9912
17967
3570
19995
23553
9153
15621
13224
11286
15234
18618
5484
5280
3255
804
7062
13353
4335
11133
6363
20400
7107
5535
16278
18078
8112
7986
24885
18705
6393
3318
1620
24360
25947
13671
12969
8100
21348
26196
11442
9585
9870
16926
6921
13125
9786
6039
18537
6180
9231
24900
26580
16338
22491
7914
26472
22662
15900
16413
14367
22293
19734
8043
11712
10737
13773
24681
18837
8121
15933
3282
9762
25806
12264
8742
3987
14109
6837
22524
20289
16068
12480
11925
24462
30
19842
23934
22692
8742
13350
10059
23094
25140
10161
26862
8877
23934
16599
714
24111
5535
23052
25932
23397
8319
7674
384
14484
14511
14967
7773
22638
447
11754
20100
477
4596
17037
23169
5397
3387
25287
1491
1527
8448
20409
2460
24438
10008
3174
21549
7599
18285
20481
3996
18660
20211
23439
6144
26781
11406
5973
22419
3909
17727
7575
4389
22326
24612
19614
19779
20055
9957
13326
13638
10461
6735
16098
7899
16743
11331
21507
24345
2616
7044
20397
21276
19314
16836
420
19095
1242
6393
6570
24210
16176
14145
1599
3558
3816
13269
23337
23871
15285
9663
10512
25746
8454
18666
25704
17256
2997
12267
6657
5613
11367
54
18945
3681
8949
19365
14832
2247
17814
21402
26457
26049
606
20112
2607
4422
6384
25947
20349
21669
666
22917
12471
1179
14586
11175
18435
9639
15498
25092
7311
26868
17202
26256
3549
26151
10680
10440
1401
20550
23898
858
19599
24504
20973
22209
20982
19413
13212
14334
6138
5934
10251
10665
7113
24837
13899
17604
7479
2397
7752
6846
2265
24957
6102
24873
16164
16782
8313
9621
2391
24267
10482
21990
21774
23511
9255
7812
7980
22467
22146
6174
20460
5400
16839
573
22293
3738
10236
21828
6138
17988
1674
459
8001
26835
25332
24168
8673
25701
6789
11064
15027
9327
6057
1857
24894
7368
9669
5874
21894
4818
12048
15354
2274
20946
7983
16623
24684
18219
11454
22878
9210
5184
23340
17211
5019
13728
6435
13695
4488
13227
24759
19515
14610
22872
21372
12507
22299
4041
18381
17193
915
22488
5547
3189
16434
13530
11871
6174
23808
23325
2055
25074
1509
25395
7341
25587
12123
13779
12282
16611
19062
2097
1182
6672
17028
22554
11235
12327
18654
21675
21576
19569
17163
123
14817
25653
5709
26688
4827
21573
15069
6882
19647
8634
24333
26991
26277
9459
13770
11559
18126
24888
5715
11367
23616
14799
6921
7854
19182
17631
2529
13758
2259
11748
5937
17076
10401
11646
8820
7284
6222
15945
14169
17925
16635
11502
17916
15915
13017
23742
19530
23202
21630
25245
7569
10305
5100
6546
18159
24282
24180
20688
3096
26439
5436
9033
8571
7893
20682
9447
15177
18960
17448
21402
9885
7083
24963
19860
22998
3036
8658
15531
26238
22347
5832
25863
5652
10935
24468
23811
273
21648
9555
3372
13143
7047
4461
13770
14940
25143
15273
22173
9159
5721
16578
11103
12804
14541
23019
861
9633
4677
16392
930
24
14280
26793
24732
17271
24261
13599
17547
10965
23154
12975
16164
3201
17436
2934
10197
7638
18207
5373
8853
15984
14007
12012
1791
20604
8031
2652
3237
4767
11100
4167
23847
25380
23019
21582
15654
12336
8181
25257
15360
4338
3288
4524
26595
12780
26517
1851
20418
9780
7224
21330
25767
13287
6342
19614
6891
14376
14322
2184
19143
25422
6354
15990
15858
21429
2628
23568
6765
10812
13881
14181
7206
9225
18708
25857
22008
10281
708
7482
20061
7932
1812
18828
21219
8157
3498
20166
14589
17820
22353
25788
8298
20763
6834
16215
15192
9465
12783
14013
12333
18723
1197
19539
948
11961
18396
15012
22242
11163
22497
15303
19095
16365
26190
5373
16578
2688
17595
4167
20511
12948
22011
1809
25767
1848
18024
6015
3369
22866
20031
7758
6645
13284
19353
26649
25245
10749
14664
20487
13968
2217
846
6066
18582
36
3495
8163
2727
13146
4386
23238
18153
26400
17103
16920
20304
186
22938
15729
15108
8025
23487
13809
21309
15840
13458
19554
18645
20178
5097
5616
22395
5943
3738
13980
5982
26289
22143
765
12435
26529
16059
3588
17985
6162
12567
11289
25404
8505
19074
5568
16530
15561
19377
2895
4401
5838
22449
23049
26016
19602
20721
21414
25545
24459
450
4527
23748
14649
5292
9183
6234
13407
4830
24222
19572
17397
567
10032
25902
19644
15603
7488
8205
7980
10383
4665
5874
24888
19770
4893
17490
13491
18363
8091
10950
10869
4677
26754
25518
2025
993
4752
15435
5823
21030
8007
23220
21600
10095
14178
6300
25698
13722
14505
6681
16161
11226
4611
14049
3996
9504
23595
17487
19923
4689
20493
3792
9366
20247
2310
3447
21243
26121
18882
66
20151
18945
15345
14751
2043
21579
21051
741
8304
615
26478
24465
11841
4092
3573
7896
5652
168
25383
17634
23913
10935
21426
25335
4182
15795
1785
17481
14916
20667
9606
8067
12615
24951
14877
14658
19530
984
7455
19890
20655
25992
17358
24555
22140
20931
5451
792
13155
22890
18426
2127
6825
4911
462
3066
20706
21303
20547
678
14973
3153
801
19644
20160
15678
26358
4749
8721
6813
24639
2376
24861
7053
18987
20001
20040
24438
20796
6198
20331
4278
381
19212
9189
843
22278
21951
14205
7884
22629
21234
3093
23433
13878
15312
4167
13236
20061
12888
12105
9756
7323
2025
16812
26310
22026
9852
23751
15822
8106
9138
12159
8487
1350
21348
1389
15687
8358
15594
23571
3987
9828
26664
420
15762
14976
4590
21054
93
9534
25215
9852
16857
240
18720
8226
22269
20628
4977
3147
20793
6171
15306
2280
26577
1713
22725
15264
10071
11319
11835
6114
13203
3558
25593
1965
10590
22239
23019
10686
4773
21237
12594
13689
21477
23370
21915
16746
16998
18948
11952
10791
25119
258
5130
16752
21027
855
5019
23154
4233
8910
2271
17436
4524
864
19404
15117
23103
7479
17859
19932
20772
3453
25677
15252
18879
20592
24054
8877
4596
9006
11727
21771
1323
16857
11526
14406
9768
16545
10563
14001
17511
4890
23496
22038
5754
7956
10155
20913
15435
20070
5901
9210
23523
4581
16518
7458
17229
5628
16335
21828
14637
20118
8655
8016
2031
20181
22422
3858
1782
25041
17859
19296
2931
6411
6390
741
14367
16545
13710
21861
9615
19614
23127
25194
16251
12645
5652
25536
18273
14043
12420
24966
26220
21078
25038
1251
6315
20463
24165
8100
18504
15027
19452
13494
13494
25842
14235
864
7443
948
14781
9114
12618
10908
26364
20925
15609
24072
19461
25938
3171
4884
23907
2391
25962
14001
22701
24333
7464
19866
5433
18027
26949
16941
4521
13446
7839
10812
6366
15282
11760
13203
16452
16434
24111
15816
10359
4776
12888
2823
3714
16062
26763
19677
18453
17781
6681
6210
15114
6201
26079
12606
16284
18084
2547
20805
4530
2445
23676
2952
17727
492
16155
26238
16929
5322
15054
19344
10098
945
14223
5871
9063
13986
17604
19572
23823
24285
25785
11940
22545
16920
24546
11829
8004
19149
24693
4593
21594
21369
26601
4380
13917
15759
3618
3846
21081
18672
23193
23238
11673
2472
2109
12792
16461
11769
5367
13284
1113
23208
17280
23658
13128
14826
543
13188
26034
17292
9837
20628
3717
9441
25008
17637
17256
20682
21483
3393
12357
9732
26631
16086
12207
20796
1881
20724
5568
26304
26064
6681
22512
16347
22395
696
23229
22938
5940
14319
13233
15780
7950
16950
17277
25014
7587
7533
18699
21129
2982
23112
22917
21672
4254
180
15468
25191
20904
13092
24495
12027
11829
20007
1374
26280
20703
16659
14277
18702
3981
19566
26538
3987
1572
16815
21057
9162
16404
4812
22347
19386
19980
10320
14058
24237
10503
21585
22428
4407
26733
19926
8490
3621
4989
1920
2901
17751
18582
9234
9453
14619
1800
8991
18606
3375
25806
4719
4593
7266
9534
26940
18708
2514
10260
5769
26751
20763
19410
14238
17229
11199
26220
17775
14820
4209
19698
9780
21960
3336
19014
23469
17955
20817
5460
1617
16248
23322
6336
20841
3588
15870
20781
14355
10443
23097
12180
2250
8919
4590
16488
18204
7845
15708
8979
22668
11976
20733
24504
25992
24069
8574
22464
15024
21447
924
8697
10695
16305
7092
4536
11949
22962
17373
26304
25461
5529
11484
714
14448
8130
17202
24708
15978
24969
25743
3702
9945
19479
1206
8937
16548
9780
4401
23631
23286
24384
5328
6981
13689
12420
11520
17694
441
1893
17001
25902
7422
1485
18672
13926
1674
8877
3690
17652
25902
2436
21354
8847
13971
14616
9840
3519
16452
6300
19206
12738
22740
16593
19722
1485
21069
23298
19179
13566
25191
9180
12471
24672
2724
4143
3654
4398
5076
7347
14106
3978
1839
516
4881
15810
15132
6780
11385
4584
13080
22650
9381
8820
12243
21159
2361
6312
17457
21540
19881
7704
22779
24408
24432
17559
20607
1089
14013
17742
492
1119
13776
21387
1635
18660
2253
8823
25440
5694
5463
3576
1344
14844
4452
13587
9003
6813
11958
18516
20409
23895
26223
16188
13359
23655
6747
26022
16800
12816
16764
17292
13935
3543
11679
7626
14259
5988
16449
4755
11685
13971
8331
13029
1815
12783
18675
2877
11652
22689
21393
5061
19584
12672
13308
24999
9330
12111
24021
26130
24930
13788
8481
3921
9387
12216
3606
15702
18207
12111
20457
2892
26082
20844
15921
19956
25683
7596
22833
10335
3285
9282
7452
14925
21957
20760
12924
4287
5874
2004
22473
22860
15792
3954
26781
17235
16173
3387
5937
26436
15501
18450
2328
14583
12294
18249
26595
10977
17904
22428
21312
13245
23769
20820
20229
18726
14583
25209
15069
20457
213
2598
16317
8061
6555
8154
25296
14784
11544
23289
14220
19101
14739
8604
25740
19089
18909
25338
3066
9813
12822
16434
15117
9591
10257
8346
1317
16896
25611
8442
10353
25827
11043
18726
6888
9654
18936
24243
16494
22536
20532
22770
14637
330
4374
5436
11475
15339
22830
14544
25155
8652
23034
5328
18246
25347
5730
11619
15243
4341
12120
17652
3168
15219
1434
10059
24873
20373
26358
6423
15909
11946
2193
22605
4332
25623
1041
15810
13962
23871
22410
4173
24579
18444
1557
15825
16794
7287
19503
5037
11631
23679
14748
6855
11898
16182
8970
9771
9555
8328
8250
25467
20277
2499
13128
24609
20178
14169
13419
26196
3096
8829
3372
675
19332
4929
8559
1182
4275
20118
25275
7962
16797
13023
14817
1695
2208
23790
3522
11763
24174
11772
2286
9507
6327
15414
7119
26505
21639
12594
25701
24735
13482
21129
17469
24870
26061
18084
26052
22392
11202
24327
3354
20055
10353
18171
13806
12561
7017
17328
16380
4194
21156
18669
5757
483
7083
12876
19044
1725
17529
17745
18516
23067
11877
1041
20937
2994
19125
12045
25386
22383
9372
20796
15438
11781
11967
2244
16398
11043
11628
5781
7293
24840
24450
13050
17379
23589
17985
9423
17370
570
19227
945
23637
4104
1986
9630
26154
13170
21675
24540
8553
23103
18336
23994
26943
22359
18294
16341
25458
21981
22122
5751
19821
11628
10860
10203
276
1845
11682
17646
2415
3909
10647
18108
69
12636
19794
26223
25806
6525
15819
26415
21684
26211
23409
21627
21573
6762
10971
20031
1743
25149
17841
13620
9780
1701
15879
10056
22602
19620
19758
17073
23529
3408
8181
23601
8100
975
14880
25962
26556
3702
25377
21240
2913
13845
15870
16542
12663
18897
1632
6462
17046
19473
20082
26826
13230
1020
1938
8832
20640
13755
25905
9225
9219
26142
5826
17319
19173
12765
16281
18729
16467
6714
12969
19380
20559
20895
981
25278
12792
2613
4740
2841
22086
24825
21723
8316
17901
15720
9204
11541
2475
8109
20766
11694
26307
18651
21069
18480
4416
2406
2265
12939
9120
15234
24375
21738
1188
25356
20016
13980
969
24759
16821
15111
14640
3603
15483
5541
19323
24687
9138
21798
24852
21960
25548
24159
5667
19617
7695
2139
22023
9960
15078
4143
17253
4512
17937
18441
2868
10956
5421
22896
771
14301
11007
7467
17904
26493
13008
10227
24180
14202
24081
14091
9162
22629
11250
14832
15246
11004
16971
10269
20964
24108
6468
3273
1620
24408
21714
4488
420
19194
384
1191
6495
3450
714
24399
2943
5778
26682
19179
19980
23763
6270
21198
19392
9579
9030
26694
20583
18060
9963
6603
7224
8487
9879
8844
5895
4593
5388
25371
23787
24831
18618
22338
1281
19332
11793
23280
25110
11475
15459
18090
294
21732
4347
11742
23367
5433
11436
16950
23493
13455
15609
3717
21945
25488
4617
19896
22140
10008
10326
10983
7839
1944
6324
1176
21279
10173
24456
11445
21651
12915
21594
14001
26703
25941
17802
23070
4374
2238
5076
19926
7752
20688
15699
21753
11232
20319
6705
6372
3327
17031
17358
3222
18978
15738
4398
5313
17967
1854
16758
4674
14769
3408
18678
6531
2349
9480
2601
25782
3774
26736
18708
11526
20424
7407
25335
4656
726
5043
3087
23109
22074
12501
26331
6108
20295
22785
11421
11262
24639
20238
15939
4467
23646
7617
10998
18054
9153
5655
16836
12927
24447
600
16512
17871
8007
14847
14586
792
19890
17673
15957
7023
22230
7347
13131
15525
3132
16611
26787
19830
1905
15726
24297
17607
15399
351
8661
24552
25062
17553
2538
22512
18153
19050
5439
18219
25953
20025
19011
10902
2754
7968
17925
24984
15315
23112
13509
10506
12723
5355
3336
14628
21081
633
24294
1539
20040
5955
26091
10158
15567
20685
5670
6720
12735
3168
24939
11691
15249
9006
22593
18006
16977
5574
8046
24348
1686
13614
7854
14412
18969
11190
21096
5106
3879
10446
6645
15975
16404
24795
18192
4971
18480
15918
3747
4218
19086
20745
7965
7338
2751
22614
17400
19728
1188
25446
9135
21930
12060
9045
1398
4029
12294
14553
9138
8229
24999
15783
16263
14403
5634
7455
11430
24117
23373
7236
20391
15462
981
1356
22800
3732
16026
13200
15519
9270
3702
16710
4200
15765
25755
5601
11850
11049
20154
20988
11337
18153
1830
600
24615
7464
8055
1101
23637
4428
8337
17028
11946
1374
18384
26802
5109
26466
5058
12684
8736
8763
2394
12939
24528
20205
18540
1434
23313
11694
22425
7650
21903
16311
8250
19518
15831
8361
12678
12471
4845
21015
2499
16794
14448
12942
16596
19557
12408
21657
24297
21147
22476
18747
7086
12060
11952
17682
13494
8265
21432
975
7971
16335
17286
16221
912
25176
16638
13590
10647
21486
26661
5202
11280
14109
18144
19932
25722
22611
6645
23019
8814
2121
14766
7956
14181
18777
25638
678
42
12126
1653
72
1461
10998
8349
21429
9174
24990
8019
11877
19476
26739
17079
22812
13848
282
15744
12573
22893
14448
648
4707
16569
7473
4719
22809
26250
3357
15543
18348
7539
9252
18420
9000
20250
26772
22488
21480
24762
22563
6357
9294
22302
15495
5106
9153
15777
12906
13782
3726
354
14430
489
8982
13959
5208
4791
13209
621
20334
4560
8160
2586
15036
9216
14895
14808
4704
9375
4626
19326
7791
13920
14628
23286
11082
15837
4119
23991
21675
26901
16401
1164
390
25383
15123
24654
22230
1335
25275
7620
24951
25491
10209
12987
7707
17160
798
4470
18591
5424
23796
18438
11403
3480
6780
22485
19320
10899
11532
6051
10800
936
7215
3246
18375
22341
900
13608
15732
18231
21228
13683
16722
23493
26670
24432
5709
19524
20958
24303
17007
17754
7797
1410
21234
14580
23895
5610
17535
8430
11664
1338
9366
10935
23640
19797
6276
24543
25461
14064
7830
11748
747
24555
8241
19476
14043
6009
4056
8001
22368
21063
17811
3165
22473
12045
17745
19371
9714
8283
801
13434
1677
2223
24369
25317
14076
22704
14916
12540
9768
14805
24288
2574
12360
24585
14106
26403
3594
18162
26460
25962
12228
17271
21186
7701
2316
11931
19128
4086
12270
11985
17520
6003
6264
6948
23379
20343
2652
11295
5883
4476
26100
3171
26106
3516
19812
13212
21975
23409
4377
21435
14427
8661
11706
8613
16362
6081
12603
549
2223
16929
12534
19746
22935
18801
18750
19314
12144
21402
22665
10083
17934
13824
5310
17043
17340
25122
22311
12318
13587
26688
25809
1017
405
2574
1686
16770
8655
6345
9375
10878
23277
21909
22680
19212
5766
14430
11526
17910
888
7191
20049
10881
21015
25359
924
3414
23484
23235
7788
2127
14982
6597
3144
15387
9171
23889
24213
9882
3234
6588
12819
18567
20556
8499
10779
26322
14988
14361
9291
7932
13611
2340
18813
26682
702
19737
3096
16242
8031
10884
18369
15069
9540
13572
22512
10767
10461
19728
20652
5751
18372
6471
24321
11928
7026
156
3309
14070
14520
12600
22005
1131
14940
13818
813
7698
25614
22968
23940
25701
25908
7368
13770
504
20940
9282
11274
23457
21066
23982
21264
12441
22509
18585
16425
21591
10800
19734
8664
17376
24390
3669
18507
4389
9543
11376
12087
8157
26400
9030
6858
17367
16398
12684
17871
2394
21969
2145
25851
8091
18183
20115
12588
13692
3759
2016
8286
6615
13806
16950
23991
3255
12675
7554
7644
22218
10986
19731
22434
10389
20817
21348
756
2271
7035
10683
4665
21060
12831
22572
2151
23070
7746
14742
9765
3561
8814
18051
10176
14676
57
26223
17931
4788
6777
25575
6
9819
10365
14496
20208
4182
8847
13020
25512
15882
23706
3177
9942
1593
17808
4149
24663
17610
18891
26484
21171
19761
9591
23403
7440
1704
14682
25371
6492
21459
16005
25557
4278
26370
13053
16545
22608
13956
21621
21120
2838
10383
16356
4836
4032
7164
8988
20754
16830
19935
20238
3057
12699
21888
26460
12195
23592
6198
10566
3087
657
18627
1644
23991
10053
6753
5592
5664
20712
216
26784
15606
2655
8196
20445
6690
7416
21489
444
24246
6480
12738
303
11235
7626
18819
23430
4221
25017
26055
7308
17730
17682
1008
6780
738
26817
12372
25458
20529
4644
17298
1194
7302
25497
21639
6048
5913
8184
6492
22218
14664
19230
22521
25902
18915
6399
22332
23136
4416
13443
22500
14205
4128
15564
20985
23922
15381
25413
22380
969
3060
12678
21219
2418
11175
15858
8466
9147
16098
7014
4365
22818
18300
18942
13776
10215
25341
1167
25407
21816
14610
12963
9021
18738
1527
22062
15660
8967
20475
3096
1992
15591
15777
23211
10065
26952
4125
10587
9099
12279
17601
5520
8097
960
24465
21876
11175
22806
15099
1641
9678
2709
14604
18699
13506
8190
5817
21222
17157
18351
24321
11205
6942
13098
7416
9066
5106
3597
19653
6264
15876
2313
11784
23973
3273
1305
10905
6504
24114
26004
8145
6792
1716
14808
17550
7278
22998
15423
1500
5211
6774
25821
16416
5775
3975
23832
14841
9084
429
26550
15348
16305
1863
19188
5334
5136
20496
16242
11643
9666
7302
11844
8514
1074
26652
18120
8352
14706
6546
9855
19917
5376
732
9333
11151
4710
25221
18048
13794
17706
17601
21198
26067
11520
5442
4404
16659
25938
12702
20358
660
20004
24258
9177
21081
15969
19353
21489
3675
25899
4344
23595
4278
5079
5928
7485
9789
4152
17592
15639
13914
8193
9837
12984
19713
7335
17388
1428
25332
3090
13842
25992
15150
3159
225
1287
19128
19581
22779
14859
10536
19179
11454
6870
24258
9441
14358
26103
5649
4950
14742
19563
5199
16635
5547
16968
16029
22935
10455
14361
18081
16353
13353
25290
19512
5637
18633
3696
17274
14412
18558
810
25650
3012
7683
22908
4509
14097
14070
10158
11103
20868
2724
8358
2562
327
17382
18591
15321
837
5952
25458
9249
11361
23748
20817
9054
15384
24516
26328
21852
16074
141
20502
11142
26880
8469
7710
6033
14595
17868
9192
8463
12648
9606
3081
12978
26988
13728
20355
19884
11736
18813
2133
23100
7620
15006
24210
15060
12522
23541
9912
20652
15738
22473
23853
15618
22998
4563
13707
10593
14487
22899
11112
138
5505
14196
5172
24549
924
25527
17433
12663
9396
11622
819
17016
26631
25029
5076
4209
13626
14991
24864
2364
2520
13773
17982
25518
18336
23745
1167
5823
19644
12279
25017
17205
18531
22245
14757
19458
12828
24246
24177
22227
8871
17052
12243
558
15081
9378
4767
20766
16425
2631
23130
18945
16404
6171
9519
26796
2916
10686
24678
14619
15021
14751
4824
6555
9999
11637
18069
14883
942
15246
10110
9813
5298
14412
2427
12435
23790
7194
6201
13215
1884
2334
24216
10344
561
6735
10143
3477
9477
26877
10152
24498
14628
7035
4053
24627
18672
22122
12513
19614
10368
14679
21483
7722
21147
23910
12216
17937
23163
10473
23208
25047
4863
20424
8391
5424
19215
10590
8904
1692
10467
19056
26193
25098
26091
3246
14781
9822
17427
19350
21492
19851
26088
8034
576
20235
24000
4848
11175
20163
15321
26439
10266
20187
11922
18660
25611
4137
21306
26571
24888
4776
10686
24081
2874
9777
19383
9711
11655
9810
2064
25206
21720
1152
6240
22296
21387
3240
19200
24618
15462
7521
16116
25728
708
1038
9444
26322
24231
3753
25893
22119
585
9579
19200
22515
11415
3642
5226
15126
5508
26346
13332
228
19554
19572
14580
6000
14871
6780
3618
3333
14304
11790
21117
7068
12828
3564
6390
10062
26373
24342
5181
19014
25977
16440
14529
2448
12138
19755
17577
17646
11160
3909
9933
3714
15540
24513
9714
22467
23352
5391
25800
2712
17181
11973
9780
3012
7593
16173
5130
26022
5571
2367
18036
4548
18807
5565
26055
3945
17379
16632
13650
1539
12597
23583
24309
20193
21096
7026
15660
9504
4473
6516
12216
21654
10548
21999
16722
18141
3228
13908
17166
8799
16278
8202
5403
8085
5826
4458
4089
15261
13146
17739
16800
17802
14322
6165
3051
474
5247
18714
9981
9720
17286
14253
4377
834
9252
13155
11034
12480
66
1200
13335
16344
1458
18741
16485
26340
15255
20574
14601
20460
3369
23457
3318
17691
2625
6369
10224
7872
17139
12261
17595
7428
26514
14028
318
8769
19239
11352
13305
19305
4608
26643
705
25125
10440
17193
24465
17751
2823
12069
11211
6195
582
6585
23886
3207
12957
26166
3138
3096
11427
12789
2580
10944
26817
2901
11769
19056
6309
25074
3420
10920
24717
4125
1101
8157
21318
25566
25911
24144
2691
2178
22395
22332
8766
19281
25539
13779
10506
20733
16875
21933
6522
11514
24933
6339
6471
9702
17454
4836
7779
12930
7812
24552
17055
8913
24768
3432
26538
23679
19632
2229
17913
15027
16617
18735
26364
15159
5514
9870
8892
14448
23862
7473
25962
21795
13812
24489
4500
23322
2325
4335
9252
10140
1887
18366
19053
26655
21798
18591
15390
6486
12879
25362
21513
2496
17097
12933
9711
22614
22806
10662
2118
11724
18135
20136
6519
24003
17625
3075
12384
12006
7410
13692
22146
9300
5058
6258
1011
18912
16905
16404
25398
21840
14766
11967
16395
23919
24903
18162
11589
12765
1824
13707
24489
12015
6843
23064
1077
16524
26142
5517
20589
6552
19209
15735
7908
24270
14049
8922
8238
23013
17382
6639
17853
24204
10662
26304
13179
8565
17469
24771
13386
11349
3534
2931
15423
2436
25998
16500
18960
25140
22017
12549
23748
6282
20343
23715
3552
26448
5637
11793
22461
15075
10488
5373
4335
21150
4677
17514
21774
22146
15285
216
6498
18822
3150
21921
21258
21204
3477
5274
11400
17550
9882
8148
23832
22281
23919
19443
21729
2556
23292
17193
9687
25836
22566
14022
19986
243
4539
6816
14448
19824
7035
13002
3702
2241
26979
17016
23445
3456
22293
7845
13062
24231
8049
9894
19512
4971
21393
14241
26583
17685
23490
9273
8577
11112
15351
1566
3414
19890
438
17862
4773
26529
22920
531
1770
22899
17550
25215
18411
4899
25116
4473
2130
25224
6423
13698
22251
19875
19995
13890
2616
16488
15219
11196
600
3573
4818
23070
15519
5256
5988
20292
4788
1908
12882
6558
24807
3432
23832
16218
387
14004
12747
2517
4284
11229
16215
26535
4104
9210
5484
25776
17754
20703
9972
10413
24276
14790
6483
4854
20049
12474
17202
16893
14382
3084
23451
4248
6516
12339
12522
25959
18402
17328
1476
22686
20613
9747
14280
16773
11016
19764
15549
20826
13467
25524
4239
2802
13314
2781
26712
25419
7311
16914
15312
13749
20001
3822
10053
18573
8217
22578
17535
26619
4962
11067
22308
25575
12873
9588
15348
23889
21408
3897
9771
26931
2421
6069
2733
7794
8850
2445
6213
8217
11418
13584
21966
4419
9462
24078
15048
17679
19656
5583
17301
24618
8709
12609
23193
21582
14253
11541
10527
717
7494
20298
648
9918
26367
22440
9768
273
16941
8037
546
1359
21621
14571
24834
4083
11649
12885
21765
23361
10524
4122
20979
19233
8787
9228
13815
23040
12825
16398
15813
20319
9699
16461
22293
1122
3957
5061
20454
20901
13101
13056
14316
7722
627
12153
3864
12276
17094
17685
8637
618
21807
21672
19854
3594
22956
25725
18690
8781
15126
7503
2103
16881
16020
16452
10059
19980
21516
22569
5937
7617
8628
20253
7395
9255
24462
3315
13590
14556
21000
14283
15177
15807
1014
87
19401
23970
17868
3147
5754
25050
10650
26913
14931
26673
16365
17049
11709
2937
12618
17646
2610
21246
10899
2064
22560
8364
5379
1206
14976
18438
15489
3153
26301
16503
22296
18705
5532
13167
13908
11286
11217
24561
3255
18207
16290
11676
8256
999
14616
12930
18645
9282
26235
21600
11346
13851
22020
8784
15057
9999
222
22602
5208
26523
4164
507
10284
9696
5730
24195
13038
9003
13812
16293
210
3102
20025
522
23157
7641
13455
14802
8982
4746
1458
20328
18597
23481
2112
6654
25536
21390
21312
22800
20916
25476
23307
23256
228
21093
20451
13266
3099
7263
21615
22365
2421
14643
22890
25578
14340
1401
5436
23322
6147
6897
16653
16800
22434
10821
23454
13026
5214
9822
8826
18186
8301
24192
14442
8529
18285
26952
21798
13440
26271
8469
8808
1695
23112
23754
19329
10455
25155
24768
25833
23358
23721
7542
13158
11211
18366
1668
24237
15636
11490
6063
6822
11847
22311
13320
20379
5655
13272
7233
19095
12546
7758
19959
6297
3873
16713
25626
6384
6924
23394
5217
22338
12171
12762
552
23382
23184
21276
20619
11820
5769
18741
10698
9672
6108
24018
3051
11763
10293
2340
22917
14895
10101
15876
21192
6030
24648
19818
4470
23628
8271
9687
11025
12498
14505
11577
8883
2745
5856
21558
14565
3681
5355
17319
13353
11466
14340
8463
23229
16689
2859
11202
4584
5016
19137
25776
3102
16785
10650
7572
5469
10977
9318
16494
23478
23823
20130
5361
26571
18042
18975
6192
21723
24333
23514
132
8799
10854
8595
24084
19599
3513
8289
24183
8529
19482
15015
11634
9267
17721
19206
6792
1701
20580
15345
17235
17406
531
14652
9033
18573
6627
15225
5352
23016
3795
5484
4815
6705
6138
20958
26304
9651
21303
23487
10236
13785
3558
13926
15108
21282
25191
13956
15039
18771
2301
5274
9177
2832
19926
10266
21405
18609
25494
18813
14628
21345
24300
11499
1053
3438
5457
357
5145
18816
15903
7437
5601
19461
21366
12765
5799
19557
26724
20838
11328
2025
26112
12564
23916
11094
22830
10377
21762
13380
2193
9390
7728
26493
20889
8781
21987
18405
1194
19188
10221
17097
26625
7881
9561
20991
20646
15360
5604
20370
9201
8991
14454
369
21555
11370
3522
9441
21747
25284
14880
15996
26730
14664
7545
12675
23445
21588
4080
16695
13776
6360
6795
5460
14241
16356
26451
26943
23772
24114
12372
25029
6105
26826
17457
660
3252
20979
2157
17055
11319
17037
6054
11049
4701
13599
23724
20202
8190
19863
9900
21966
26223
16695
19482
5520
25107
10992
24519
21879
8106
9891
11967
14211
1773
2424
6927
5025
23403
1140
22083
26778
18180
1137
10827
14937
6792
26607
8142
14982
19470
10098
2007
10749
18849
21489
8325
16956
5481
5847
3891
5643
7794
15858
19854
9570
18282
18837
14595
6741
19980
1734
6519
11160
2871
17346
18153
9666
9012
26295
16704
1482
1449
18711
4290
20298
5259
12615
2310
2796
10518
6204
8442
18315
14118
20352
885
5403
12192
7536
4200
5172
9273
10722
8388
4200
20124
26541
5922
2136
17895
22629
22677
19344
6396
19023
4701
3711
23694
7011
6510
7215
5271
14952
25530
19392
8304
18471
16851
12552
26007
21051
17724
336
23829
18168
4539
16956
9768
10461
11148
663
6090
25881
12063
4545
9960
16764
8256
6657
15834
14766
13872
21105
21774
4458
13497
3081
22929
3348
15633
13992
16458
25416
14331
13287
16584
18870
22299
18408
2331
25506
19071
480
16443
23193
5025
26406
5013
13281
6063
20847
1050
11991
14955
14880
16449
20508
17961
12378
15915
25653
26370
5373
16125
5757
18660
24765
24627
6018
16176
19017
4524
303
19497
20967
23496
24522
20373
20568
2859
18492
14415
22965
3483
21426
10848
19932
6993
20865
24366
22908
19518
15795
1281
699
21552
11997
25467
11238
10071
14643
3255
14595
14946
22752
621
3501
12330
20994
24069
7245
4545
3540
3213
8028
17025
6117
20019
24018
26982
17385
19926
11559
25236
13263
12258
11847
17316
2781
23085
390
17424
26340
7041
24429
14148
7662
930
18534
20715
17055
25779
25260
20595
21048
25344
2676
19221
18363
26694
11262
807
11676
22821
26043
16995
135
10890
7314
2919
6975
26760
20343
25371
25857
9828
12519
6522
2814
23109
19293
19869
13947
9609
5523
51
7953
8199
19275
26319
7896
3537
126
11628
18414
26169
1626
18549
2118
996
13524
9093
19812
25926
26523
18669
8754
12042
17247
11571
210
1596
4440
14157
11205
2019
6264
19161
10221
17595
18480
10173
21132
10662
21801
4602
9831
15483
23154
4005
8535
9678
13101
1347
660
12624
12075
9417
16722
2322
20988
8988
22977
17484
15201
7182
11562
21468
26343
21783
12063
9879
24012
25254
20541
10869
2856
22431
26355
18066
26436
7890
19803
12537
1296
20463
17217
13371
2880
25998
7749
15924
7986
3726
25467
23190
10911
10029
17658
2310
23868
21777
12192
12936
20031
5733
23805
22890
1164
15216
6012
603
15165
25815
5196
16461
19281
14472
2832
14217
13470
2637
3144
21456
25422
20667
17646
9333
22752
360
3699
19620
22140
15891
5556
7227
13683
21417
22173
14847
9636
1188
7506
24801
3
12705
14262
11340
19233
9150
25560
5703
3843
20760
159
2265
14427
9864
