1000
0
0
6
6
12
18
24
27
30
33
33
36
48
51
51
54
57
63
63
63
63
66
69
75
81
81
84
87
90
90
90
93
96
99
102
108
108
108
117
120
123
126
126
126
129
129
138
141
147
147
150
153
156
159
162
165
171
171
171
174
177
177
177
180
186
189
201
201
207
213
213
216
219
222
222
240
243
243
243
243
243
246
246
252
252
252
252
258
261
261
264
270
270
270
273
279
282
285
291
291
291
294
297
300
300
315
321
327
327
342
345
348
351
351
360
363
366
366
369
372
372
375
378
378
381
381
381
381
384
390
393
393
399
402
402
405
408
411
417
417
426
429
432
441
447
447
450
453
456
459
462
462
465
471
471
471
477
477
489
501
504
510
513
513
516
516
516
519
528
531
534
537
537
537
543
543
543
549
552
564
567
567
567
570
570
570
579
585
585
588
591
591
594
597
597
606
606
612
615
615
615
618
621
627
630
633
633
633
642
645
651
651
654
654
657
666
669
672
672
675
678
678
681
684
684
684
687
693
693
693
696
696
699
702
702
705
705
708
711
711
714
732
735
744
747
750
759
759
762
765
765
774
777
780
783
786
786
798
798
807
807
807
810
810
810
816
819
822
825
828
834
834
840
843
843
846
849
849
852
855
855
858
867
867
870
873
873
876
876
876
882
888
891
891
894
894
897
897
903
903
909
909
912
915
915
918
924
924
927
927
930
933
936
936
939
942
942
945
951
960
963
963
972
972
972
975
975
978
981
984
999
1002
1005
1005
1005
1008
1008
1008
1011
1014
1014
1014
1017
1020
1020
1020
1020
1026
1026
1029
1029
1038
1038
1041
1044
1044
1050
1050
1050
1059
1065
1065
1065
1074
1074
1080
1080
1086
1089
1089
1092
1095
1095
1101
1101
1101
1104
1104
1104
1104
1104
1107
1110
1116
1119
1125
1128
1128
1131
1134
1134
1137
1137
1137
1137
1137
1146
1146
1149
1155
1158
1158
1164
1170
1170
1179
1179
1185
1188
1194
1194
1197
1209
1209
1212
1212
1212
1221
1236
1236
1236
1239
1242
1245
1245
1248
1251
1251
1254
1263
1263
1263
1266
1266
1275
1278
1278
1281
1284
1284
1284
1287
1287
1293
1296
1299
1299
1302
1302
1305
1308
1311
1311
1314
1320
1323
1329
1329
1332
1332
1335
1335
1353
1356
1368
1371
1374
1377
1380
1380
1386
1392
1395
1398
1401
1404
1410
1413
1422
1428
1434
1437
1443
1449
1449
1449
1455
1458
1458
1461
1464
1470
1470
1473
1473
1476
1476
1479
1482
1491
1491
1494
1497
1497
1500
1500
1500
1509
1509
1512
1512
1515
1515
1518
1518
1518
1521
1536
1548
1548
1554
1554
1563
1566
1566
1572
1572
1575
1575
1578
1584
1584
1584
1584
1584
1587
1587
1587
1590
1596
1596
1605
1608
1611
1611
1614
1614
1617
1617
1620
1623
1626
1626
1629
1635
1650
1653
1653
1656
1656
1665
1665
1668
1677
1680
1680
1689
1689
1698
1698
1701
1701
1701
1701
1704
1707
1707
1710
1710
1713
1719
1719
1722
1722
1731
1734
1737
1740
1743
1746
1746
1749
1752
1758
1758
1761
1761
1767
1770
1770
1770
1779
1779
1779
1785
1788
1797
1800
1803
1809
1812
1815
1818
1818
1821
1830
1830
1833
1839
1839
1842
1842
1854
1854
1854
1857
1860
1863
1863
1866
1866
1872
1872
1875
1878
1878
1881
1887
1890
1893
1899
1911
1911
1917
1917
1920
1920
1923
1923
1929
1932
1941
1941
1944
1947
1953
1953
1956
1959
1971
1971
1974
1977
1980
1983
1983
2001
2004
2007
2016
2016
2025
2028
2031
2031
2043
2043
2046
2046
2046
2049
2049
2052
2055
2055
2055
2058
2064
2067
2070
2070
2073
2076
2091
2094
2097
2097
2103
2109
2115
2124
2124
2124
2127
2130
2130
2133
2139
2139
2139
2142
2145
2145
2151
2160
2160
2163
2166
2166
2169
2169
2175
2178
2184
2187
2187
2187
2187
2190
2196
2196
2196
2205
2208
2208
2217
2220
2229
2229
2229
2232
2238
2238
2241
2244
2250
2259
2262
2262
2262
2268
2268
2271
2277
2283
2286
2289
2289
2289
2292
2292
2304
2307
2310
2310
2313
2316
2319
2322
2325
2328
2328
2328
2328
2328
2331
2331
2346
2349
2349
2352
2352
2358
2361
2364
2364
2367
2373
2379
2379
2382
2382
2385
2385
2388
2388
2391
2391
2403
2406
2412
2415
2415
2415
2415
2418
2424
2424
2430
2433
2436
2439
2439
2442
2442
2445
2454
2454
2454
2457
2457
2460
2463
2466
2475
2478
2481
2484
2487
2487
2490
2508
2517
2517
2520
2523
2526
2538
2538
2541
2544
2547
2550
2550
2550
2553
2559
2568
2568
2568
2571
2571
2571
2571
2574
2574
2577
2580
2580
2586
2586
2586
2595
2595
2604
2604
2613
2616
2619
2619
2619
2625
2634
2643
2646
2652
2658
2658
2661
2664
2664
2664
2670
2670
2676
2676
2676
2682
2685
2694
2694
2694
2697
2697
2700
2706
2706
2712
2712
2712
2712
2721
2724
2730
2733
2742
2745
2748
2751
2751
2754
2757
2757
2760
2763
2763
2772
2772
2775
2775
2778
2778
2781
2784
2784
2787
2790
2790
2793
2796
2796
2799
2799
2802
2808
2808
2817
2820
2829
2832
2835
2838
2841
2847
2847
2850
2850
2853
2856
2862
2862
2862
2865
2865
2865
2868
2874
2877
2877
2883
2886
2889
2892
2895
2901
2907
2910
2910
2913
2916
2919
2925
2928
2931
2931
2940
2943
2943
2946
2946
2952
2952
2961
2961
2964
2967
2970
2970
2973
2979
2979
2982
2982
2988
2988
2988
2988
2988
2991
2997
