10000
0
3
3
3
9
12
15
15
15
18
24
24
30
30
33
36
36
36
42
48
51
51
54
54
57
57
57
63
63
69
69
81
81
84
87
87
90
90
96
96
102
111
111
114
114
114
117
120
123
126
126
132
144
147
147
147
147
150
153
156
159
159
162
168
171
174
177
177
177
180
183
186
189
189
192
198
201
204
207
210
210
213
213
216
216
216
219
222
225
228
231
231
234
243
243
246
249
252
252
255
255
258
258
258
261
264
270
270
273
273
279
279
282
282
282
282
288
288
291
294
297
297
312
312
318
321
324
327
330
339
342
342
345
345
348
348
348
351
354
354
360
360
360
366
366
366
369
369
369
369
372
372
372
375
378
381
381
381
384
384
387
390
390
393
393
408
417
420
426
438
447
450
450
453
456
462
462
474
477
480
480
483
483
483
489
489
489
492
495
504
504
504
504
510
513
516
516
516
519
522
522
528
531
531
531
534
537
540
540
543
543
546
549
549
549
549
555
558
558
558
558
561
576
576
582
588
591
591
600
600
606
618
618
621
630
636
636
639
645
645
648
648
660
666
672
672
678
678
684
684
687
693
705
705
705
708
711
711
717
723
726
732
732
735
735
747
750
750
753
759
759
759
762
762
762
762
762
765
765
768
768
771
771
774
777
777
777
780
780
780
783
786
786
789
795
798
801
804
807
807
807
807
810
810
810
816
816
816
825
828
837
837
837
837
840
846
855
858
858
858
861
864
867
870
870
876
876
876
876
876
879
882
882
885
888
888
888
891
891
900
903
906
909
912
912
912
915
915
918
918
924
924
930
930
930
933
939
957
963
966
969
969
969
969
978
990
990
993
1002
1005
1008
1008
1011
1017
1029
1035
1038
1041
1041
1047
1050
1056
1056
1056
1059
1059
1059
1068
1074
1074
1077
1080
1080
1083
1092
1092
1095
1101
1104
1110
1113
1122
1128
1131
1134
1137
1140
1143
1155
1158
1161
1164
1167
1173
1173
1176
1176
1176
1188
1188
1197
1197
1200
1203
1209
1212
1218
1221
1221
1227
1233
1242
1245
1251
1251
1251
1254
1260
1263
1272
1281
1284
1284
1287
1290
1293
1305
1305
1305
1308
1308
1311
1320
1320
1329
1329
1332
1338
1341
1344
1344
1347
1350
1368
1371
1377
1377
1380
1380
1380
1383
1386
1395
1398
1404
1407
1410
1413
1413
1413
1422
1434
1449
1449
1455
1458
1461
1464
1467
1470
1473
1473
1473
1476
1476
1476
1482
1482
1485
1488
1494
1494
1494
1494
1497
1497
1500
1512
1512
1512
1512
1518
1524
1524
1527
1530
1536
1536
1536
1536
1539
1542
1542
1548
1551
1557
1560
1569
1572
1572
1575
1578
1578
1581
1584
1584
1584
1587
1590
1590
1593
1593
1596
1596
1599
1608
1611
1614
1614
1617
1620
1620
1620
1623
1626
1629
1632
1635
1638
1644
1644
1644
1644
1647
1650
1650
1650
1653
1659
1659
1665
1674
1677
1683
1683
1686
1686
1689
1689
1689
1692
1701
1704
1707
1707
1707
1707
1710
1710
1719
1719
1722
1722
1722
1728
1737
1737
1737
1752
1755
1761
1764
1767
1770
1773
1773
1776
1776
1779
1785
1785
1788
1788
1788
1794
1797
1803
1806
1809
1809
1812
1815
1818
1818
1821
1830
1830
1839
1839
1839
1842
1845
1857
1860
1860
1878
1881
1881
1887
1893
1893
1902
1905
1905
1908
1908
1908
1911
1917
1917
1923
1926
1926
1926
1926
1929
1932
1938
1941
1947
1950
1953
1959
1962
1965
1965
1971
1974
1974
1977
1983
1998
2004
2004
2007
2019
2022
2025
2037
2040
2043
2043
2046
2049
2049
2055
2055
2058
2064
2064
2070
2073
2088
2088
2094
2097
2097
2100
2103
2103
2106
2106
2106
2109
2118
2121
2121
2121
2124
2127
2127
2130
2133
2136
2139
2145
2151
2154
2157
2160
2160
2163
2163
2169
2169
2181
2181
2193
2193
2196
2196
2202
2202
2205
2205
2208
2211
2211
2211
2220
2223
2226
2226
2229
2232
2232
2235
2241
2241
2253
2253
2253
2253
2256
2256
2259
2259
2262
2265
2268
2271
2271
2271
2274
2274
2280
2280
2286
2286
2286
2289
2289
2295
2298
2298
2304
2304
2307
2307
2310
2313
2316
2316
2319
2319
2322
2322
2325
2325
2325
2328
2331
2334
2340
2346
2349
2364
2367
2367
2373
2373
2376
2379
2385
2391
2391
2397
2397
2397
2400
2400
2403
2403
2403
2403
2403
2412
2415
2418
2424
2427
2430
2433
2436
2448
2448
2454
2457
2457
2460
2463
2463
2472
2475
2478
2478
2481
2490
2490
2502
2505
2505
2514
2514
2520
2529
2529
2535
2535
2535
2538
2538
2541
2541
2544
2544
2550
2553
2556
2556
2559
2559
2571
2571
2571
2571
2577
2577
2595
2595
2595
2598
2601
2601
2601
2601
2604
2604
2604
2607
2610
2610
2610
2613
2616
2616
2619
2625
2625
2628
2634
2634
2634
2637
2637
2640
2643
2646
2652
2652
2655
2655
2658
2658
2658
2658
2661
2661
2664
2664
2667
2679
2679
2682
2688
2691
2694
2694
2703
2706
2715
2721
2724
2724
2730
2730
2730
2733
2733
2748
2754
2757
2763
2766
2766
2769
2775
2775
2778
2781
2781
2784
2790
2790
2790
2796
2802
2808
2814
2814
2817
2817
2820
2820
2823
2823
2829
2838
2838
2841
2841
2841
2841
2847
2850
2856
2856
2856
2871
2871
2874
2874
2877
2877
2877
2877
2877
2877
2877
2880
2880
2880
2883
2892
2892
2895
2901
2904
2904
2910
2910
2916
2919
2922
2925
2925
2931
2934
2937
2937
2940
2940
2946
2946
2949
2949
2952
2955
2955
2958
2961
2961
2961
2970
2973
2973
2976
2979
2979
2982
2988
2988
2991
2991
2997
3000
3000
3006
3006
3006
3009
3012
3015
3018
3024
3024
3027
3027
3027
3033
3039
3042
3042
3042
3045
3048
3051
3051
3051
3054
3054
3057
3057
3060
3063
3063
3078
3081
3081
3081
3084
3084
3096
3105
3108
3117
3123
3126
3126
3129
3129
3135
3138
3138
3144
3144
3150
3150
3153
3156
3156
3159
3159
3162
3165
3165
3165
3168
3174
3174
3186
3189
3189
3192
3192
3195
3204
3207
3210
3210
3216
3222
3225
3228
3228
3228
3231
3237
3243
3246
3249
3258
3261
3261
3261
3261
3264
3267
3267
3270
3273
3273
3273
3276
3276
3282
3285
3300
3300
3303
3309
3312
3315
3318
3321
3324
3327
3327
3330
3333
3336
3339
3342
3342
3348
3351
3360
3360
3363
3369
3369
3369
3375
3375
3375
3381
3381
3384
3387
3393
3396
3399
3402
3405
3408
3408
3411
3411
3414
3414
3414
3414
3417
3417
3420
3420
3426
3426
3435
3438
3441
3441
3444
3444
3447
3447
3447
3453
3453
3456
3459
3459
3462
3465
3465
3471
3471
3471
3477
3480
3480
3483
3483
3483
3489
3489
3498
3498
3501
3501
3513
3513
3516
3516
3519
3519
3519
3522
3537
3540
3540
3543
3546
3549
3552
3555
3555
3558
3558
3561
3561
3561
3570
3573
3573
3576
3576
3576
3591
3594
3594
3600
3603
3603
3603
3603
3609
3612
3618
3618
3627
3633
3639
3639
3648
3648
3651
3654
3660
3663
3666
3672
3672
3672
3675
3675
3678
3687
3696
3699
3699
3702
3705
3708
3708
3711
3711
3714
3714
3714
3714
3720
3723
3729
3732
3732
3732
3735
3738
3738
3741
3747
3747
3753
3762
3762
3765
3765
3765
3768
3771
3771
3780
3783
3786
3789
3792
3792
3798
3807
3807
3810
3816
3816
3822
3825
3825
3840
3843
3843
3852
3861
3864
3882
3885
3891
3891
3894
3906
3912
3912
3915
3915
3915
3918
3924
3924
3927
3927
3930
3936
3936
3939
3939
3942
3945
3954
3960
3960
3960
3960
3966
3969
3969
3969
3972
3978
3978
3981
3981
3993
3999
4002
4005
4008
4011
4014
4020
4023
4026
4026
4029
4029
4047
4053
4053
4053
4056
4059
4059
4062
4062
4065
4071
4080
4080
4083
4083
4095
4098
4101
4101
4128
4128
4134
4134
4137
4140
4143
4146
4152
4155
4158
4164
4164
4173
4176
4176
4179
4182
4188
4191
4200
4203
4206
4206
4209
4209
4224
4227
4227
4230
4236
4236
4239
4242
4242
4251
4254
4260
4263
4269
4272
4275
4278
4278
4281
4281
4287
4290
4296
4299
4302
4302
4302
4305
4305
4314
4317
4320
4326
4326
4329
4335
4341
4344
4344
4344
4347
4347
4347
4350
4353
4365
4368
4371
4377
4383
4386
4386
4389
4392
4395
4398
4401
4401
4404
4404
4416
4416
4416
4422
4425
4425
4425
4428
4428
4431
4434
4434
4443
4452
4455
4455
4455
4455
4458
4458
4458
4458
4461
4467
4467
4467
4470
4473
4473
4473
4476
4479
4482
4488
4491
4494
4497
4500
4500
4506
4506
4509
4512
4515
4524
4530
4533
4533
4542
4542
4542
4545
4557
4557
4560
4560
4563
4563
4566
4581
4581
4584
4584
4587
4590
4590
4590
4599
4599
4602
4605
4608
4623
4632
4632
4638
4644
4647
4653
4653
4662
4662
4662
4662
4665
4668
4674
4677
4677
4677
4680
4686
4689
4692
4692
4692
4695
4701
4704
4704
4704
4713
4722
4728
4731
4749
4752
4752
4755
4755
4758
4758
4767
4770
4773
4779
4779
4779
4782
4791
4794
4794
4800
4800
4803
4812
4812
4815
4818
4824
4830
4836
4842
4842
4848
4848
4875
4875
4878
4878
4881
4887
4893
4893
4896
4899
4902
4905
4908
4908
4908
4911
4914
4914
4917
4923
4926
4929
4935
4941
4941
4944
4944
4956
4956
4956
4956
4959
4959
4965
4971
4977
4977
4977
4977
4980
4980
4983
4986
4986
4992
4992
4995
4998
4998
5001
5001
5004
5010
5019
5019
5028
5031
5031
5037
5040
5046
5046
5055
5058
5058
5064
5067
5070
5070
5070
5070
5076
5076
5082
5082
5082
5085
5094
5100
5103
5106
5109
5109
5109
5112
5112
5115
5121
5121
5124
5130
5130
5136
5142
5151
5154
5157
5163
5169
5172
5172
5178
5178
5178
5181
5184
5187
5187
5202
5205
5205
5205
5205
5208
5214
5214
5223
5226
5226
5226
5226
5229
5229
5229
5229
5229
5232
5235
5235
5235
5238
5238
5238
5247
5247
5247
5253
5253
5256
5256
5256
5256
5262
5265
5268
5277
5277
5277
5280
5283
5283
5283
5289
5289
5289
5292
5292
5295
5304
5304
5310
5310
5316
5319
5322
5322
5325
5328
5328
5328
5331
5349
5352
5352
5358
5358
5361
5361
5367
5370
5370
5373
5376
5376
5379
5382
5382
5382
5382
5388
5388
5388
5391
5391
5394
5400
5403
5403
5403
5403
5412
5412
5412
5415
5418
5418
5427
5427
5430
5433
5436
5439
5445
5448
5457
5457
5460
5460
5460
5469
5469
5469
5475
5475
5478
5496
5496
5496
5499
5502
5514
5517
5520
5526
5532
5532
5535
5541
5550
5553
5556
5568
5574
5577
5580
5583
5586
5586
5589
5601
5601
5601
5604
5607
5619
5619
5619
5619
5628
5628
5628
5628
5631
5631
5634
5634
5637
5640
5643
5646
5652
5652
5652
5652
5658
5658
5661
5664
5676
5676
5676
5679
5682
5682
5682
5685
5694
5697
5697
5700
5706
5706
5709
5715
5724
5724
5724
5727
5736
5742
5748
5751
5754
5754
5763
5763
5772
5772
5772
5775
5775
5775
5778
5781
5787
5787
5793
5796
5799
5808
5811
5811
5820
5820
5823
5823
5823
5826
5841
5844
5859
5865
5868
5868
5868
5871
5871
5874
5883
5886
5892
5895
5898
5904
5910
5913
5916
5919
5919
5925
5925
5928
5931
5937
5937
5937
5940
5940
5943
5943
5946
5949
5949
5952
5952
5958
5958
5964
5967
5967
5970
5970
5973
5973
5976
5979
5982
5982
5985
5988
5988
5988
5988
5991
6000
6000
6003
6003
6006
6012
6012
6018
6024
6027
6033
6039
6042
6054
6060
6063
6069
6069
6069
6072
6075
6084
6084
6087
6090
6093
6096
6096
6096
6099
6099
6102
6105
6105
6108
6108
6108
6111
6111
6114
6114
6117
6117
6117
6120
6120
6120
6123
6126
6126
6129
6129
6132
6135
6135
6144
6150
6150
6150
6153
6156
6159
6165
6168
6168
6171
6174
6177
6177
6180
6180
6183
6183
6186
6189
6192
6195
6198
6207
6207
6207
6207
6213
6213
6213
6216
6216
6219
6219
6222
6222
6222
6240
6246
6249
6255
6258
6258
6264
6270
6273
6276
6276
6282
6285
6291
6294
6300
6303
6303
6303
6303
6309
6312
6312
6312
6318
6321
6321
6327
6330
6330
6333
6333
6336
6354
6360
6360
6366
6366
6372
6372
6393
6396
6399
6402
6411
6417
6420
6423
6423
6441
6441
6444
6453
6456
6462
6465
6471
6474
6477
6480
6480
6483
6483
6483
6483
6486
6489
6492
6492
6498
6498
6501
6501
6516
6516
6519
6519
6519
6522
6528
6531
6531
6531
6543
6543
6549
6558
6558
6561
6567
6570
6570
6570
6576
6585
6585
6588
6588
6588
6591
6591
6597
6600
6606
6609
6609
6618
6618
6618
6627
6630
6630
6633
6636
6636
6639
6639
6645
6645
6654
6654
6669
6675
6678
6681
6681
6684
6693
6693
6696
6699
6699
6702
6702
6705
6705
6714
6732
6732
6735
6738
6741
6744
6747
6753
6753
6762
6762
6765
6765
6765
6765
6768
6774
6780
6780
6783
6798
6801
6801
6807
6807
6813
6813
6813
6816
6819
6822
6822
6825
6828
6831
6831
6831
6840
6840
6840
6843
6849
6855
6858
6864
6867
6870
6870
6870
6873
6876
6876
6876
6879
6879
6879
6879
6882
6888
6888
6891
6891
6891
6894
6894
6894
6897
6897
6897
6900
6900
6903
6906
6909
6915
6915
6921
6924
6930
6930
6936
6939
6939
6942
6945
6945
6960
6966
6969
6972
6972
6975
6975
6975
6978
6978
6981
6981
6981
6981
6984
6984
6993
6993
7002
7002
7005
7008
7008
7011
7011
7014
7017
7017
7020
7023
7026
7032
7035
7038
7038
7038
7041
7044
7047
7047
7050
7050
7053
7053
7056
7059
7059
7068
7083
7086
7086
7086
7086
7089
7095
7098
7101
7104
7113
7119
7122
7122
7128
7128
7128
7128
7131
7137
7137
7137
7137
7140
7143
7143
7146
7146
7149
7158
7158
7158
7179
7179
7182
7182
7182
7188
7194
7197
7200
7200
7206
7212
7212
7218
7221
7224
7227
7230
7230
7233
7236
7242
7248
7251
7251
7254
7260
7263
7266
7272
7275
7275
7278
7281
7281
7284
7284
7284
7287
7287
7293
7293
7293
7293
7296
7299
7299
7305
7305
7311
7314
7314
7317
7317
7317
7320
7323
7329
7332
7335
7344
7344
7350
7353
7359
7371
7374
7377
7380
7380
7380
7383
7389
7389
7392
7398
7398
7401
7401
7410
7410
7416
7419
7422
7425
7425
7428
7434
7440
7443
7443
7443
7446
7449
7449
7452
7452
7455
7455
7458
7461
7467
7467
7470
7473
7476
7479
7479
7479
7479
7482
7488
7488
7488
7488
7488
7491
7491
7494
7494
7497
7500
7500
7503
7503
7506
7509
7512
7515
7518
7521
7524
7524
7533
7536
7536
7536
7545
7545
7548
7560
7569
7572
7575
7584
7590
7593
7593
7596
7596
7599
7605
7614
7614
7614
7614
7617
7620
7623
7632
7641
7644
7653
7653
7659
7659
7665
7665
7671
7671
7671
7677
7677
7680
7689
7689
7692
7695
7698
7701
7701
7704
7710
7719
7722
7725
7740
7746
7746
7749
7752
7755
7758
7761
7761
7761
7764
7767
7767
7770
7770
7773
7776
7776
7779
7782
7782
7785
7788
7788
7791
7800
7803
7806
7809
7812
7812
7812
7818
7818
7818
7818
7821
7827
7836
7836
7839
7845
7851
7851
7854
7854
7857
7857
7860
7863
7863
7863
7866
7869
7878
7884
7890
7893
7893
7893
7899
7899
7902
7905
7905
7908
7914
7917
7917
7923
7929
7932
7938
7941
7947
7947
7950
7950
7953
7956
7956
7956
7956
7962
7971
7971
7977
7980
7983
7983
7989
7992
8001
8007
8007
8013
8013
8016
8016
8016
8025
8025
8028
8037
8037
8049
8052
8055
8058
8067
8070
8076
8076
8076
8085
8088
8091
8091
8094
8097
8100
8100
8103
8103
8109
8112
8112
8127
8127
8130
8133
8139
8145
8145
8154
8157
8160
8160
8160
8160
8166
8169
8172
8178
8178
8184
8187
8187
8193
8193
8196
8196
8199
8202
8202
8202
8202
8205
8205
8214
8217
8223
8226
8229
8238
8241
8241
8250
8250
8253
8256
8262
8262
8262
8262
8271
8280
8280
8283
8289
8289
8295
8298
8298
8310
8316
8322
8325
8331
8331
8331
8337
8340
8340
8340
8343
8343
8349
8352
8352
8358
8364
8367
8367
8367
8370
8370
8373
8373
8376
8379
8385
8385
8394
8397
8397
8400
8403
8406
8409
8415
8415
8415
8418
8418
8433
8436
8439
8442
8445
8448
8454
8457
8457
8463
8466
8469
8487
8490
8490
8493
8493
8499
8499
8502
8505
8505
8508
8514
8520
8526
8529
8529
8532
8538
8541
8541
8550
8553
8559
8559
8562
8568
8568
8571
8571
8571
8574
8580
8583
8583
8586
8586
8592
8595
8598
8607
8613
8619
8628
8628
8634
8634
8637
8640
8643
8646
8652
8658
8658
8664
8664
8670
8670
8673
8676
8676
8676
8679
8679
8682
8685
8700
8700
8706
8706
8706
8706
8712
8712
8715
8718
8724
8724
8727
8730
8733
8736
8745
8745
8748
8748
8754
8754
8757
8763
8763
8769
8769
8772
8772
8778
8778
8781
8781
8787
8787
8790
8796
8796
8799
8799
8799
8802
8802
8805
8808
8817
8817
8820
8823
8826
8829
8829
8832
8832
8835
8835
8838
8847
8847
8847
8847
8847
8850
8853
8853
8862
8862
8868
8868
8871
8871
8874
8874
8874
8877
8877
8892
8895
8916
8916
8916
8919
8922
8922
8925
8925
8928
8928
8931
8931
8934
8940
8940
8943
8949
8949
8958
8967
8976
8976
8976
8979
8982
8985
8985
8988
8988
8997
8997
8997
9003
9006
9006
9006
9009
9018
9021
9021
9024
9030
9045
9048
9051
9051
9054
9063
9063
9066
9066
9069
9069
9069
9069
9072
9078
9081
9090
9090
9093
9093
9096
9096
9099
9108
9108
9111
9111
9114
9117
9117
9126
9129
9129
9132
9138
9138
9138
9147
9147
9150
9159
9159
9159
9159
9162
9174
9174
9177
9177
9177
9180
9186
9189
9192
9192
9201
9201
9207
9207
9207
9207
9210
9216
9219
9219
9219
9222
9222
9228
9231
9234
9234
9234
9237
9240
9240
9243
9243
9246
9249
9249
9252
9255
9255
9258
9264
9264
9270
9273
9279
9279
9282
9282
9282
9294
9300
9303
9306
9306
9306
9321
9321
9327
9333
9342
9354
9357
9360
9372
9372
9372
9381
9390
9396
9399
9402
9402
9405
9405
9408
9411
9414
9420
9423
9423
9423
9429
9432
9438
9441
9447
9447
9450
9450
9453
9456
9456
9459
9468
9468
9471
9471
9477
9480
9483
9486
9489
9489
9495
9495
9495
9504
9507
9510
9513
9513
9513
9513
9513
9516
9516
9516
9519
9522
9531
9531
9537
9537
9543
9543
9543
9546
9549
9555
9555
9561
9564
9564
9564
9570
9570
9570
9573
9579
9579
9579
9579
9579
9585
9585
9591
9594
9594
9594
9594
9597
9600
9600
9603
9603
9606
9606
9606
9606
9606
9609
9609
9615
9615
9618
9618
9621
9621
9624
9627
9639
9645
9657
9660
9660
9660
9660
9663
9666
9669
9675
9684
9699
9708
9711
9711
9714
9717
9723
9726
9732
9735
9735
9747
9759
9759
9765
9765
9768
9771
9774
9777
9777
9780
9780
9795
9804
9813
9813
9813
9816
9819
9819
9822
9825
9837
9840
9843
9843
9843
9858
9858
9861
9861
9864
9864
9870
9873
9876
9879
9879
9879
9882
9882
9885
9885
9888
9888
9891
9894
9903
9903
9906
9909
9909
9909
9909
9909
9912
9912
9912
9921
9924
9933
9936
9942
9945
9945
9948
9948
9948
9951
9957
9960
9960
9963
9969
9969
9972
9975
9975
9981
9984
9984
9984
9996
9996
9999
9999
9999
10002
10005
10008
10014
10017
10020
10023
10038
10041
10044
10044
10044
10047
10053
10056
10056
10062
10065
10083
10086
10086
10089
10092
10101
10104
10104
10104
10107
10110
10110
10110
10116
10116
10119
10125
10128
10134
10134
10143
10146
10146
10152
10155
10158
10164
10164
10170
10173
10179
10191
10191
10194
10194
10197
10200
10206
10209
10209
10209
10212
10215
10215
10224
10227
10233
10236
10236
10239
10242
10245
10245
10248
10251
10254
10254
10257
10263
10263
10266
10266
10278
10278
10281
10281
10284
10284
10284
10284
10284
10284
10287
10305
10311
10311
10311
10311
10314
10314
10317
10317
10320
10323
10332
10332
10335
10338
10338
10338
10341
10341
10341
10344
10353
10356
10356
10359
10362
10365
10374
10374
10374
10377
10383
10383
10383
10395
10395
10395
10398
10404
10404
10407
10407
10416
10422
10428
10434
10434
10440
10446
10449
10449
10452
10455
10455
10458
10461
10461
10467
10473
10473
10476
10476
10479
10479
10482
10485
10485
10488
10491
10497
10497
10503
10503
10503
10509
10509
10512
10515
10518
10518
10521
10530
10536
10539
10545
10545
10545
10548
10554
10554
10557
10563
10566
10569
10572
10572
10578
10584
10587
10587
10596
10599
10602
10611
10611
10611
10611
10614
10614
10617
10620
10620
10620
10623
10623
10626
10626
10632
10638
10641
10653
10662
10662
10665
10665
10668
10674
10674
10674
10677
10683
10686
10689
10695
10695
10698
10698
10698
10701
10701
10701
10704
10710
10716
10722
10728
10737
10740
10740
10752
10761
10767
10767
10767
10770
10770
10773
10773
10776
10779
10785
10788
10788
10794
10794
10794
10800
10812
10815
10815
10818
10818
10824
10824
10830
10830
10830
10833
10836
10842
10845
10851
10854
10860
10863
10863
10866
10869
10872
10881
10881
10884
10890
10890
10890
10893
10899
10899
10902
10911
10914
10920
10920
10920
10920
10926
10926
10932
10935
10935
10956
10956
10959
10959
10962
10965
10965
10968
10974
10980
10983
10983
10986
10986
10992
10998
10998
11001
11007
11007
11022
11022
11025
11025
11031
11034
11037
11043
11043
11046
11046
11049
11049
11049
11073
11079
11082
11082
11088
11091
11100
11100
11103
11106
11109
11112
11115
11124
11124
11139
11142
11142
11148
11154
11154
11160
11160
11163
11175
11178
11178
11181
11181
11187
11187
11190
11193
11193
11196
11205
11208
11208
11214
11217
11220
11229
11235
11235
11235
11244
11244
11247
11250
11250
11250
11250
11253
11271
11277
11280
11280
11283
11286
11289
11292
11292
11292
11298
11298
11301
11301
11304
11304
11304
11304
11307
11310
11319
11328
11331
11334
11340
11343
11346
11349
11352
11355
11355
11355
11358
11358
11358
11361
11361
11361
11364
11367
11370
11370
11379
11379
11382
11382
11391
11397
11400
11403
11406
11412
11412
11415
11421
11421
11424
11427
11427
11430
11430
11433
11436
11439
11442
11442
11445
11448
11451
11454
11457
11460
11460
11463
11466
11469
11475
11478
11481
11484
11484
11487
11487
11493
11496
11511
11520
11526
11526
11532
11535
11538
11541
11541
11541
11541
11547
11550
11550
11550
11556
11556
11559
11562
11565
11565
11568
11574
11574
11580
11583
11595
11595
11595
11595
11601
11604
11610
11610
11613
11613
11616
11616
11619
11625
11628
11631
11634
11637
11640
11640
11643
11643
11643
11646
11646
11646
11646
11652
11652
11652
11652
11655
11655
11658
11664
11664
11670
11673
11682
11685
11694
11697
11697
11703
11706
11712
11712
11721
11721
11724
11730
11742
11742
11745
11745
11748
11748
11751
11751
11751
11754
11757
11760
11763
11763
11766
11769
11772
11772
11775
11778
11778
11781
11787
11790
11793
11799
11799
11802
11802
11814
11814
11814
11817
11817
11817
11820
11820
11823
11826
11826
11829
11829
11832
11838
11838
11844
11847
11847
11850
11850
11850
11856
11856
11859
11859
11862
11868
11868
11874
11874
11877
11877
11880
11892
11892
11901
11904
11904
11907
11907
11907
11910
11910
11910
11910
11919
11934
11937
11943
11949
11952
11955
11964
11967
11970
11970
11970
11979
11982
11982
11988
11988
11988
11991
11994
12006
12009
12015
12018
12021
12021
12024
12030
12030
12033
12033
12042
12045
12048
12051
12054
12054
12054
12057
12060
12066
12069
12072
12075
12075
12078
12078
12078
12084
12087
12087
12090
12090
12090
12093
12096
12096
12108
12111
12117
12120
12126
12126
12126
12129
12135
12138
12138
12141
12141
12144
12147
12147
12147
12159
12165
12165
12171
12171
12171
12183
12186
12186
12192
12195
12201
12201
12204
12207
12207
12207
12210
12210
12210
12213
12213
12213
12216
12216
12219
12225
12240
12243
12243
12243
12246
12246
12246
12246
12249
12255
12261
12264
12267
12267
12270
12273
12273
12285
12285
12288
12291
12294
12294
12294
12294
12297
12300
12300
12303
12309
12309
12315
12315
12318
12321
12321
12321
12321
12327
12330
12333
12336
12336
12336
12339
12342
12348
12357
12360
12366
12369
12372
12372
12375
12387
12390
12390
12390
12393
12396
12399
12405
12408
12408
12408
12411
12414
12417
12420
12420
12423
12435
12438
12438
12444
12444
12447
12447
12450
12453
12462
12462
12462
12474
12489
12492
12495
12498
12507
12507
12513
12516
12519
12522
12525
12528
12528
12534
12537
12540
12540
12546
12546
12549
12555
12558
12561
12570
12573
12573
12579
12579
12582
12582
12585
12591
12591
12591
12597
12600
12603
12615
12615
12618
12621
12621
12627
12633
12633
12636
12636
12639
12639
12639
12645
12645
12648
12654
12654
12660
12663
12663
12666
12669
12669
12672
12675
12675
12675
12678
12681
12684
12690
12696
12696
12702
12702
12705
12714
12720
12720
12726
12726
12738
12753
12762
12765
12771
12777
12777
12780
12780
12789
12792
12792
12798
12801
12801
12813
12819
12822
12828
12834
12837
12840
12843
12846
12846
12849
12852
12855
12855
12855
12858
12858
12867
12867
12870
12876
12876
12876
12879
12882
12882
12885
12885
12888
12888
12894
12900
12909
12909
12909
12909
12912
12921
12924
12924
12927
12927
12930
12930
12933
12939
12942
12942
12945
12945
12945
12948
12951
12951
12957
12957
12957
12969
12969
12972
12972
12975
12978
12981
12984
12984
12984
12987
13005
13011
13011
13017
13020
13020
13026
13035
13038
13038
13041
13047
13047
13050
13050
13050
13059
13059
13074
13074
13080
13086
13086
13089
13092
13095
13095
13098
13098
13101
13107
13110
13119
13122
13125
13155
13155
13161
13167
13167
13173
13173
13179
13179
13185
13188
13188
13188
13194
13194
13200
13203
13209
13209
13209
13212
13212
13215
13215
13218
13221
13227
13230
13230
13236
13236
13242
13245
13248
13251
13251
13254
13263
13263
13266
13272
13275
13281
13281
13284
13284
13284
13290
13293
13293
13296
13305
13305
13311
13317
13320
13326
13329
13329
13332
13335
13338
13338
13341
13341
13341
13347
13353
13353
13359
13362
13365
13365
13371
13380
13383
13383
13386
13386
13389
13392
13395
13395
13395
13395
13398
13413
13413
13413
13416
13416
13428
13431
13434
13440
13443
13443
13455
13455
13458
13461
13461
13464
13464
13464
13473
13473
13473
13473
13476
13476
13485
13485
13485
13485
13500
13500
13500
13506
13512
13515
13518
13518
13524
13527
13530
13530
13533
13539
13539
13554
13557
13563
13566
13566
13569
13569
13572
13572
13575
13575
13575
13578
13578
13578
13581
13584
13587
13587
13596
13599
13605
13608
13608
13611
13611
13611
13614
13614
13617
13626
13626
13629
13632
13635
13641
13644
13650
13650
13650
13653
13656
13662
13665
13668
13683
13683
13686
13692
13692
13695
13698
13701
13704
13707
13710
13710
13713
13719
13719
13728
13737
13740
13743
13743
13749
13749
13749
13752
13755
13758
13758
13761
13761
13767
13767
13776
13782
13785
13788
13794
13797
13800
13806
13806
13809
13812
13812
13812
13815
13818
13821
13830
13836
13839
13839
13848
13851
13854
13857
13863
13869
13875
13878
13884
13884
13884
13893
13893
13899
13899
13902
13905
13905
13905
13908
13908
13917
13923
13923
13929
13932
13935
13938
13938
13941
13941
13944
13950
13950
13956
13959
13962
13968
13971
13977
13980
13980
13980
13986
13986
13986
13992
14001
14007
14013
14016
14016
14016
14019
14019
14019
14022
14028
14028
14031
14031
14040
14040
14040
14043
14046
14046
14049
14049
14049
14049
14052
14052
14055
14058
14061
14061
14067
14079
14085
14088
14088
14091
14091
14091
14091
14094
14100
14106
14106
14106
14112
14115
14130
14136
14136
14139
14142
14145
14154
14154
14157
14157
14157
14160
14163
14163
14166
14166
14169
14175
14184
14187
14187
14193
14196
14196
14199
14205
14208
14217
14223
14235
14238
14238
14247
14253
14259
14262
14271
14271
14274
14277
14277
14280
14283
14286
14286
14286
14289
14292
14295
14301
14304
14307
14313
14316
14319
14322
14322
14328
14331
14331
14331
14331
14334
14334
14337
14337
14340
14346
14349
14349
14352
14358
14358
14361
14364
14364
14364
14367
14367
14370
14373
14376
14382
14382
14385
14388
14391
14394
14400
14400
14403
14403
14403
14406
14421
14430
14430
14433
14433
14436
14436
14436
14436
14439
14439
14442
14442
14442
14445
14445
14445
14448
14448
14451
14451
14454
14454
14457
14457
14457
14463
14463
14466
14466
14469
14472
14475
14475
14478
14478
14481
14484
14484
14487
14490
14493
14493
14496
14499
14499
14505
14505
14514
14517
14520
14520
14520
14532
14550
14550
14556
14559
14562
14562
14565
14568
14571
14571
14577
14583
14583
14583
14586
14589
14589
14592
14592
14595
14595
14610
14613
14616
14616
14616
14622
14628
14628
14628
14634
14646
14646
14646
14649
14652
14652
14655
14661
14661
14667
14676
14679
14679
14679
14688
14688
14694
14697
14703
14703
14706
14706
14709
14712
14724
14724
14724
14727
14730
14733
14739
14742
14748
14751
14754
14754
14754
14754
14754
14757
14757
14760
14763
14763
14766
14778
14781
14790
14793
14793
14796
14796
14802
14808
14811
14817
14826
14826
14832
14832
14835
14835
14838
14838
14838
14841
14847
14847
14847
14850
14853
14868
14868
14871
14877
14877
14880
14880
14886
14892
14898
14901
14901
14901
14901
14904
14907
14907
14907
14913
14922
14928
14928
14931
14931
14934
14937
14943
14943
14946
14946
14952
14952
14955
14958
14961
14982
14985
14988
14988
15000
15006
15012
15012
15015
15021
15024
15027
15030
15030
15033
15033
15033
15036
15039
15042
15042
15045
15051
15051
15051
15054
15054
15054
15060
15060
15063
15063
15066
15066
15069
15078
15081
15081
15081
15087
15093
15096
15099
15099
15099
15111
15111
15114
15126
15126
15129
15132
15138
15138
15141
15141
15141
15150
15153
15159
15159
15159
15162
15162
15165
15165
15165
15168
15168
15168
15171
15171
15171
15171
15174
15180
15186
15186
15189
15198
15198
15207
15210
15213
15219
15222
15228
15228
15237
15240
15243
15243
15243
15246
15246
15246
15246
15249
15249
15252
15258
15261
15264
15270
15270
15276
15288
15288
15291
15294
15297
15300
15300
15312
15315
15315
15315
15318
15321
15321
15324
15327
15327
15327
15333
15336
15339
15339
15345
15345
15345
15351
15351
15360
15366
15366
15369
15369
15375
15384
15384
15384
15384
15384
15384
15393
15399
15405
15405
15405
15408
15417
15417
15420
15420
15420
15423
15429
15429
15438
15441
15441
15444
15450
15453
15456
15459
15459
15462
15462
15462
15462
15465
15465
15468
15474
15477
15477
15480
15480
15486
15492
15495
15498
15507
15510
15513
15513
15513
15519
15519
15525
15528
15531
15534
15537
15540
15543
15555
15558
15561
15564
15567
15567
15570
15570
15573
15573
15573
15576
15579
15579
15585
15588
15588
15588
15588
15588
15591
15594
15594
15597
15597
15597
15606
15609
15612
15615
15615
15615
15615
15615
15618
15621
15627
15627
15630
15633
15633
15639
15639
15645
15648
15651
15654
15654
15654
15657
15660
15660
15660
15663
15666
15666
15669
15669
15675
15675
15678
15678
15678
15681
15687
15687
15690
15690
15693
15696
15696
15699
15699
15699
15705
15708
15708
15711
15714
15714
15714
15720
15732
15732
15738
15738
15741
15741
15747
15750
15753
15753
15756
15756
15759
15771
15771
15774
15774
15777
15777
15780
15780
15780
15780
15783
15792
15795
15798
15798
15807
15807
15807
15807
15810
15810
15819
15822
15825
15828
15831
15831
15837
15840
15840
15843
15852
15858
15861
15864
15867
15870
15870
15870
15870
15873
15876
15888
15897
15906
15912
15915
15918
15918
15921
15924
15933
15936
15942
15945
15948
15948
15954
15957
15960
15963
15966
15969
15969
15969
15975
15975
15975
15975
15978
15981
15981
15984
15987
15987
15987
15996
15999
15999
16002
16008
16008
16008
16014
16014
16017
16017
16020
16020
16023
16026
16029
16032
16032
16041
16050
16050
16053
16053
16056
16059
16062
16068
16071
16074
16074
16080
16083
16083
16086
16089
16095
16098
16098
16098
16101
16101
16104
16104
16113
16122
16125
16125
16125
16137
16137
16140
16140
16140
16143
16143
16146
16146
16146
16146
16149
16155
16155
16158
16158
16161
16164
16167
16167
16167
16173
16173
16173
16176
16179
16182
16188
16188
16191
16194
16200
16200
16200
16200
16209
16209
16212
16212
16212
16212
16215
16218
16221
16221
16221
16227
16230
16233
16233
16236
16236
16239
16239
16239
16242
16245
16251
16263
16263
16266
16269
16272
16275
16278
16278
16284
16287
16293
16296
16299
16302
16305
16308
16308
16317
16326
16332
16335
16335
16347
16350
16353
16353
16368
16371
16374
16374
16386
16389
16392
16398
16407
16407
16416
16416
16416
16419
16422
16425
16434
16440
16446
16446
16449
16449
16452
16458
16458
16458
16461
16461
16464
16467
16467
16467
16470
16482
16482
16482
16485
16488
16491
16497
16497
16500
16509
16512
16512
16518
16521
16521
16524
16524
16527
16530
16530
16533
16533
16536
16539
16539
16545
16545
16554
16554
16554
16560
16560
16566
16566
16569
16572
16575
16578
16584
16584
16590
16590
16596
16599
16599
16599
16611
16611
16614
16614
16617
16620
16626
16626
16632
16635
16638
16638
16644
16644
16650
16650
16653
16653
16656
16662
16662
16668
16671
16677
16686
16686
16689
16695
16698
16701
16701
16704
16704
16707
16713
16716
16719
16725
16728
16728
16734
16734
16737
16752
16761
16761
16764
16770
16770
16773
16773
16773
16779
16782
16785
16803
16809
16812
16815
16815
16821
16821
16824
16824
16827
16827
16830
16833
16836
16842
16845
16848
16851
16866
16869
16872
16872
16872
16875
16875
16878
16887
16887
16890
16890
16890
16893
16896
16899
16899
16899
16902
16902
16905
16914
16914
16920
16926
16926
16929
16929
16932
16932
16944
16953
16965
16971
16971
16971
16971
16971
16974
16980
16983
16983
16986
16992
16995
16998
16998
16998
17001
17001
17004
17004
17007
17007
17007
17016
17016
17016
17019
17019
17025
17028
17028
17031
17031
17037
17040
17049
17049
17049
17064
17064
17067
17070
17070
17070
17073
17085
17085
17100
17106
17109
17112
17115
17118
17127
17130
17130
17130
17136
17142
17148
17157
17157
17160
17163
17169
17175
17181
17181
17181
17184
17184
17187
17187
17190
17190
17193
17196
17199
17199
17199
17205
17205
17208
17208
17211
17211
17211
17214
17214
17217
17217
17217
17220
17220
17220
17220
17223
17226
17229
17229
17232
17232
17235
17235
17235
17235
17238
17238
17238
17238
17247
17253
17256
17256
17259
17265
17271
17274
17280
17289
17292
17295
17295
17295
17298
17301
17307
17310
17313
17313
17316
17322
17325
17328
17328
17328
17328
17328
17328
17331
17340
17343
17346
17355
17355
17358
17358
17358
17358
17364
17364
17367
17367
17370
17373
17379
17385
17391
17391
17391
17394
17400
17400
17406
17412
17415
17415
17421
17421
17424
17424
17427
17433
17433
17436
17436
17436
17445
17445
17454
17454
17457
17460
17460
17460
17463
17472
17475
17481
17487
17490
17502
17508
17517
17517
17520
17523
17523
17526
17529
17532
17547
17556
17556
17556
17559
17565
17568
17568
17571
17574
17577
17580
17583
17583
17583
17598
17601
17607
17613
17613
17616
17616
17619
17619
17625
17625
17628
17634
17637
17637
17637
17643
17649
17649
17652
17664
17667
17670
17676
17679
17682
17685
17685
17688
17694
17694
17694
17700
17703
17709
17712
17715
17715
17715
17721
17727
17730
17739
17742
17745
17748
17748
17751
17751
17760
17763
17766
17769
17772
17781
17781
17784
17784
17790
17796
17796
17802
17805
17808
17808
17814
17817
17817
17823
17823
17835
17838
17844
17847
17850
17853
17859
17862
17865
17865
17868
17871
17874
17880
17889
17895
17907
17913
17916
17916
17916
17922
17922
17925
17925
17931
17934
17934
17937
17937
17937
17937
17943
17943
17952
17952
17955
17958
17961
17964
17967
17970
17973
17973
17976
17982
17982
17982
17985
17985
17991
17991
17994
17994
18003
18006
18009
18015
18021
18024
18024
18027
18027
18030
18036
18051
18054
18063
18063
18063
18066
18069
18075
18078
18081
18087
18087
18087
18087
18096
18096
18099
18102
18102
18105
18105
18108
18111
18114
18114
18114
18117
18126
18126
18126
18129
18138
18138
18141
18144
18144
18150
18150
18153
18153
18156
18156
18159
18165
18165
18168
18171
18171
18174
18177
18192
18192
18192
18195
18198
18198
18198
18198
18201
18210
18210
18210
18213
18213
18216
18216
18216
18219
18222
18225
18228
18231
18234
18234
18243
18243
18249
18249
18261
18264
18270
18270
18273
18276
18276
18282
18285
18294
18294
18303
18303
18309
18309
18312
18312
18315
18321
18324
18327
18330
18345
18348
18348
18354
18357
18363
18366
18369
18372
18372
18375
18378
18378
18381
18381
18381
18381
18384
18384
18384
18387
18390
18390
18390
18393
18393
18396
18396
18402
18405
18408
18414
18417
18417
18417
18423
18423
18426
18429
18429
18429
18429
18432
18432
18435
18438
18438
18441
18447
18447
18453
18453
18456
18459
18462
18465
18465
18468
18471
18471
18471
18474
18474
18474
18477
18480
18486
18492
18495
18504
18504
18504
18507
18507
18507
18510
18516
18519
18519
18522
18522
18525
18525
18528
18531
18534
18540
18540
18543
18543
18549
18552
18558
18561
18567
18567
18570
18582
18582
18588
18588
18588
18591
18591
18591
18600
18600
18606
18612
18618
18624
18624
18630
18633
18642
18642
18645
18648
18648
18651
18651
18654
18657
18657
18657
18660
18663
18663
18663
18666
18672
18672
18672
18675
18678
18678
18678
18681
18684
18684
18684
18687
18687
18687
18687
18690
18690
18702
18702
18702
18702
18714
18714
18717
18720
18720
18720
18726
18726
18726
18729
18729
18729
18732
18735
18738
18738
18744
18747
18747
18747
18750
18753
18756
18756
18762
18762
18765
18765
18765
18768
18768
18768
18771
18774
18774
18777
18777
18780
18789
18792
18792
18792
18792
18801
18807
18810
18810
18813
18813
18813
18813
18813
18816
18819
18822
18825
18828
18831
18837
18852
18852
18858
18867
18867
18870
18873
18873
18879
18885
18888
18894
18897
18900
18900
18912
18915
18918
18921
18921
18927
18930
18933
18936
18936
18936
18939
18951
18951
18957
18957
18963
18969
18981
18981
18984
18990
18996
18996
18999
18999
18999
19005
19005
19005
19008
19014
19014
19017
19020
19020
19023
19026
19026
19026
19029
19029
19029
19041
19041
19044
19044
19050
19053
19059
19062
19062
19062
19062
19065
19065
19068
19074
19074
19074
19080
19086
19092
19092
19098
19101
19101
19104
19104
19104
19107
19113
19125
19128
19128
19140
19143
19146
19146
19152
19158
19158
19158
19161
19161
19161
19164
19164
19164
19167
19173
19173
19176
19182
19188
19188
19194
19200
19209
19212
19215
19218
19221
19221
19224
19227
19230
19233
19236
19239
19239
19239
19242
19242
19254
19263
19266
19266
19269
19272
19272
19278
19278
19284
19284
19287
19287
19287
19287
19287
19293
19293
19296
19296
19296
19299
19305
19311
19311
19317
19320
19320
19323
19326
19326
19332
19332
19335
19335
19335
19335
19338
19338
19341
19344
19344
19344
19347
19347
19350
19353
19353
19356
19356
19362
19362
19365
19368
19371
19380
19383
19383
19389
19389
19395
19398
19398
19398
19401
19401
19401
19404
19404
19404
19407
19413
19419
19428
19431
19437
19440
19440
19440
19446
19449
19452
19458
19458
19461
19461
19461
19464
19467
19467
19470
19473
19476
19476
19479
19488
19494
19497
19497
19503
19509
19509
19509
19512
19515
19515
19518
19518
19524
19524
19524
19527
19527
19530
19530
19536
19539
19545
19554
19566
19566
19569
19581
19584
19584
19590
19590
19596
19596
19599
19602
19611
19614
19614
19614
19617
19623
19626
19629
19635
19638
19644
19647
19647
19650
19656
19656
19656
19662
19662
19662
19665
19671
19677
19680
19683
19686
19701
19701
19707
19713
19716
19725
19728
19728
19731
19731
19737
19740
19746
19746
19749
19752
19755
19755
19755
19758
19758
19761
19764
19770
19770
19770
19773
19773
19773
19776
19779
19779
19779
19785
19788
19794
19797
19797
19800
19800
19803
19821
19821
19824
19830
19842
19842
19845
19845
19848
19851
19851
19854
19854
19854
19857
19857
19860
19860
19860
19863
19863
19866
19869
19869
19872
19872
19878
19884
19884
19887
19890
19890
19893
19896
19896
19896
19899
19902
19908
19908
19911
19917
19920
19920
19932
19932
19935
19935
19935
19941
19941
19941
19941
19947
19947
19947
19950
19950
19953
19956
19956
19959
19959
19968
19968
19971
19971
19974
19974
19977
19980
19980
19989
19992
19992
19995
19998
20001
20001
20001
20004
20004
20004
20007
20007
20013
20016
20016
20019
20025
20028
20031
20034
20037
20043
20043
20043
20043
20046
20049
20055
20055
20055
20061
20061
20061
20064
20064
20076
20076
20079
20091
20091
20097
20097
20100
20103
20103
20109
20112
20112
20112
20118
20121
20124
20127
20127
20130
20130
20133
20136
20136
20139
20145
20151
20154
20166
20169
20172
20175
20175
20184
20184
20184
20193
20196
20199
20202
20208
20211
20211
20226
20229
20238
20238
20238
20241
20244
20244
20244
20250
20259
20259
20262
20262
20262
20265
20271
20271
20274
20274
20277
20280
20283
20289
20289
20289
20289
20292
20298
20298
20298
20298
20301
20304
20304
20304
20304
20310
20313
20313
20316
20319
20319
20322
20328
20328
20340
20340
20340
20340
20343
20346
20346
20352
20352
20361
20364
20364
20370
20370
20373
20382
20382
20385
20388
20391
20391
20397
20403
20406
20406
20409
20409
20415
20424
20430
20439
20439
20442
20445
20448
20448
20448
20454
20457
20457
20460
20463
20463
20469
20472
20475
20475
20478
20481
20481
20484
20484
20487
20487
20487
20487
20487
20493
20493
20496
20499
20499
20505
20508
20511
20511
20514
20517
20520
20520
20523
20526
20529
20535
20535
20535
20535
20541
20541
20544
20547
20550
20550
20553
20553
20556
20559
20559
20562
20565
20568
20568
20571
20574
20574
20586
20595
20595
20604
20604
20604
20604
20610
20610
20616
20616
20619
20619
20619
20625
20628
20631
20631
20634
20637
20637
20637
20637
20640
20646
20655
20661
20661
20676
20676
20682
20682
20682
20688
20688
20688
20691
20691
20691
20694
20694
20694
20694
20703
20706
20709
20709
20712
20718
20721
20724
20733
20733
20736
20736
20739
20742
20742
20742
20745
20745
20751
20751
20751
20760
20766
20772
20775
20775
20781
20787
20787
20787
20793
20793
20793
20793
20808
20814
20814
20817
20817
20823
20823
20826
20826
20832
20835
20838
20841
20844
20847
20850
20850
20853
20853
20853
20856
20856
20859
20868
20868
20868
20874
20883
20889
20895
20895
20895
20898
20898
20901
20907
20910
20919
20922
20925
20925
20925
20931
20931
20931
20934
20940
20943
20946
20946
20949
20952
20952
20961
20961
20967
20967
20967
20970
20982
20982
20985
20988
20988
20988
20991
20991
21000
21000
21003
21006
21012
21015
21015
21021
21027
21030
21036
21039
21042
21045
21048
21048
21051
21057
21060
21066
21066
21069
21069
21075
21078
21081
21081
21081
21096
21102
21102
21102
21105
21108
21111
21114
21117
21120
21123
21123
21126
21129
21138
21138
21138
21153
21153
21153
21153
21156
21162
21165
21168
21171
21171
21171
21171
21171
21177
21180
21186
21189
21201
21207
21207
21210
21213
21216
21222
21234
21237
21240
21243
21252
21252
21252
21252
21252
21258
21258
21264
21264
21267
21270
21273
21273
21273
21276
21276
21276
21279
21282
21282
21288
21288
21294
21297
21306
21318
21318
21321
21324
21333
21336
21342
21345
21345
21354
21357
21360
21360
21366
21366
21369
21372
21372
21375
21375
21378
21378
21381
21384
21387
21390
21393
21393
21402
21405
21411
21411
21414
21414
21420
21420
21420
21420
21423
21426
21426
21432
21441
21453
21465
21468
21471
21474
21477
21483
21483
21489
21495
21498
21501
21513
21513
21516
21522
21531
21531
21531
21534
21534
21537
21540
21540
21546
21549
21549
21549
21552
21552
21552
21552
21558
21564
21567
21570
21573
21576
21579
21579
21582
21585
21585
21591
21594
21594
21597
21597
21597
21597
21597
21600
21603
21609
21609
21615
21615
21621
21621
21624
21627
21627
21633
21639
21645
21648
21648
21651
21654
21657
21660
21663
21666
21669
21669
21669
21672
21678
21681
21681
21681
21687
21693
21702
21702
21705
21708
21708
21708
21711
21714
21714
21723
21723
21726
21729
21729
21738
21738
21741
21741
21741
21741
21747
21747
21747
21747
21750
21765
21771
21771
21777
21780
21789
21792
21795
21795
21801
21801
21801
21807
21813
21813
21816
21822
21828
21828
21828
21831
21834
21834
21834
21837
21840
21843
21843
21843
21849
21849
21852
21861
21861
21867
21870
21876
21879
21882
21891
21891
21900
21903
21903
21906
21909
21912
21921
21924
21924
21924
21927
21939
21939
21942
21945
21945
21957
21960
21960
21963
21972
21975
21978
21984
21987
21987
21987
21987
21990
21990
21996
22002
22005
22005
22011
22014
22014
22017
22017
22017
22020
22026
22029
22032
22032
22038
22038
22050
22053
22053
22062
22062
22062
22068
22071
22074
22074
22080
22083
22083
22086
22089
22092
22098
22098
22101
22101
22101
22107
22107
22110
22113
22116
22119
22122
22122
22125
22125
22131
22131
22149
22155
22158
22167
22170
22176
22176
22182
22182
22182
22185
22185
22188
22188
22191
22191
22194
22206
22215
22215
22215
22218
22218
22221
22224
22224
22224
22227
22233
22236
22239
22242
22245
22251
22251
22254
22254
22266
22266
22269
22284
22284
22293
22299
22299
22308
22308
22311
22320
22320
22323
22323
22323
22326
22326
22332
22335
22335
22335
22338
22350
22353
22353
22356
22356
22359
22362
22362
22365
22371
22371
22371
22374
22374
22374
22374
22377
22377
22380
22386
22389
22392
22398
22401
22401
22404
22404
22410
22413
22416
22416
22425
22434
22437
22440
22440
22440
22443
22449
22449
22452
22455
22458
22461
22461
22464
22467
22470
22470
22473
22482
22485
22485
22491
22491
22494
22500
22500
22503
22503
22506
22506
22506
22509
22512
22512
22515
22521
22524
22527
22530
22533
22536
22536
22539
22539
22545
22548
22557
22563
22566
22566
22566
22569
22569
22575
22575
22578
22584
22587
22593
22593
22596
22596
22602
22602
22602
22608
22608
22608
22611
22614
22614
22617
22617
22620
22620
22620
22623
22626
22629
22635
22638
22647
22653
22653
22659
22662
22662
22665
22668
22677
22680
22680
22689
22695
22695
22695
22695
22698
22701
22701
22701
22704
22707
22707
22710
22710
22713
22713
22716
22722
22722
22725
22731
22734
22740
22743
22743
22746
22746
22746
22749
22749
22758
22761
22764
22767
22767
22770
22773
22779
22788
22791
22791
22791
22797
22800
22800
22800
22800
22803
22806
22806
22809
22809
22809
22815
22821
22821
22821
22827
22830
22848
22848
22854
22857
22860
22860
22863
22863
22866
22866
22872
22875
22887
22890
22890
22890
22890
22899
22911
22911
22914
22914
22917
22917
22917
22920
22920
22923
22929
22929
22929
22935
22935
22935
22941
22944
22953
22956
22962
22962
22962
22965
22977
22980
22980
22980
22980
22980
22983
22983
22986
22986
22986
22992
22995
22998
23001
23001
23001
23004
23007
23007
23007
23007
23016
23016
23019
23025
23025
23031
23031
23031
23037
23043
23043
23046
23049
23052
23052
23055
23055
23055
23055
23058
23061
23064
23070
23070
23076
23079
23082
23082
23082
23082
23091
23091
23091
23094
23097
23097
23097
23100
23106
23106
23109
23112
23115
23118
23124
23130
23130
23130
23130
23133
23133
23139
23145
23148
23148
23148
23151
23154
23154
23154
23157
23157
23163
23163
23166
23169
23172
23175
23181
23184
23190
23193
23193
23196
23196
23196
23199
23202
23202
23208
23208
23208
23211
23217
23217
23223
23229
23232
23238
23250
23250
23250
23250
23253
23256
23256
23259
23259
23265
23265
23268
23271
23271
23271
23274
23277
23280
23286
23289
23292
23292
23292
23292
23301
23307
23310
23310
23310
23313
23313
23319
23319
23322
23322
23325
23325
23328
23328
23337
23337
23349
23349
23352
23355
23358
23376
23379
23379
23385
23388
23391
23391
23391
23394
23397
23409
23409
23415
23418
23424
23424
23427
23433
23433
23439
23442
23442
23451
23454
23460
23466
23472
23481
23481
23484
23484
23487
23496
23499
23502
23505
23508
23520
23520
23520
23523
23529
23529
23535
23541
23541
23547
23550
23553
23556
23559
23562
23562
23568
23571
23571
23571
23580
23589
23604
23607
23607
23610
23613
23619
23619
23622
23625
23628
23628
23631
23634
23634
23643
23646
23646
23649
23652
23655
23658
23658
23664
23664
23667
23673
23676
23679
23679
23682
23706
23706
23712
23733
23742
23742
23745
23748
23751
23751
23751
23754
23754
23754
23757
23766
23781
23781
23784
23784
23790
23790
23790
23802
23802
23805
23811
23817
23823
23826
23832
23832
23835
23838
23844
23847
23850
23859
23859
23865
23865
23868
23868
23874
23877
23889
23892
23892
23895
23901
23910
23910
23913
23913
23913
23913
23913
23916
23919
23922
23925
23928
23943
23943
23946
23949
23949
23952
23958
23961
23961
23964
23964
23967
23970
23973
23973
23979
23982
23982
23988
23991
23991
23991
23991
23991
23994
23994
23994
24000
24000
24000
24003
24006
24009
24009
24012
24012
24012
24027
24030
24030
24033
24033
24036
24036
24042
24051
24051
24054
24057
24057
24060
24063
24066
24069
24069
24069
24069
24069
24075
24078
24081
24081
24081
24084
24084
24090
24093
24096
24096
24108
24108
24108
24114
24120
24126
24132
24138
24138
24147
24150
24150
24153
24153
24159
24159
24162
24165
24165
24168
24180
24183
24192
24192
24201
24204
24207
24210
24213
24222
24225
24225
24225
24234
24234
24246
24246
24264
24267
24267
24273
24282
24282
24285
24285
24291
24294
24297
24303
24309
24315
24318
24321
24321
24321
24327
24327
24333
24333
24336
24342
24348
24348
24348
24348
24351
24357
24363
24363
24363
24369
24372
24372
24375
24381
24387
24387
24387
24390
24390
24390
24393
24393
24393
24396
24399
24402
24405
24408
24414
24417
24423
24426
24426
24432
24432
24435
24435
24438
24438
24438
24441
24447
24447
24450
24453
24459
24462
24465
24465
24465
24468
24468
24471
24471
24474
24477
24477
24480
24480
24480
24480
24489
24492
24492
24492
24495
24501
24501
24510
24519
24522
24522
24525
24525
24537
24537
24540
24543
24543
24546
24552
24552
24552
24552
24555
24558
24558
24561
24561
24561
24567
24567
24570
24573
24582
24582
24594
24606
24606
24606
24609
24615
24615
24618
24618
24624
24627
24627
24630
24633
24642
24645
24645
24645
24648
24648
24654
24663
24669
24672
24678
24678
24684
24684
24687
24690
24696
24696
24702
24705
24705
24708
24708
24708
24714
24717
24723
24723
24726
24732
24735
24741
24750
24750
24753
24756
24759
24762
24762
24768
24768
24771
24771
24774
24774
24777
24780
24780
24783
24789
24789
24789
24792
24792
24801
24810
24810
24810
24822
24822
24825
24828
24831
24837
24840
24846
24846
24849
24855
24861
24864
24867
24870
24873
24876
24879
24885
24885
24888
24894
24906
24909
24915
24915
24918
24924
24930
24933
24933
24939
24939
24942
24945
24945
24948
24951
24951
24957
24960
24960
24966
24969
24972
24975
24975
24978
24987
25002
25005
25005
25011
25011
25011
25014
25014
25017
25017
25020
25023
25023
25023
25026
25029
25038
25041
25041
25047
25062
25062
25065
25065
25071
25074
25077
25089
25092
25092
25092
25095
25095
25104
25110
25110
25110
25113
25122
25131
25131
25134
25140
25140
25140
25146
25146
25149
25152
25152
25158
25158
25161
25164
25170
25170
25176
25176
25179
25182
25182
25191
25191
25194
25194
25197
25197
25197
25197
25200
25203
25203
25206
25209
25209
25224
25233
25233
25236
25242
25245
25245
25245
25248
25248
25251
25251
25254
25263
25266
25269
25272
25275
25275
25275
25275
25275
25278
25281
25281
25284
25284
25290
25290
25296
25299
25302
25305
25308
25311
25320
25320
25332
25332
25335
25338
25338
25338
25341
25341
25341
25344
25344
25347
25350
25353
25356
25362
25365
25368
25368
25371
25374
25380
25380
25383
25392
25392
25398
25398
25398
25404
25407
25407
25410
25416
25419
25419
25422
25422
25425
25440
25440
25440
25443
25443
25446
25446
25449
25452
25452
25455
25458
25461
25464
25470
25470
25473
25476
25488
25488
25491
25494
25497
25497
25500
25503
25506
25506
25512
25515
25518
25518
25518
25518
25518
25518
25521
25524
25527
25539
25539
25542
25545
25548
25548
25548
25551
25554
25557
25560
25560
25566
25566
25569
25572
25575
25578
25584
25587
25587
25590
25593
25602
25611
25614
25614
25617
25617
25620
25626
25626
25629
25635
25641
25644
25644
25644
25647
25650
25653
25671
25671
25674
25680
25692
25698
25698
25698
25698
25698
25701
25707
25707
25707
25710
25713
25719
25722
25722
25728
25731
25743
25746
25746
25752
25755
25755
25755
25758
25758
25767
25770
25773
25776
25779
25782
25797
25806
25806
25809
25812
25812
25815
25815
25818
25818
25818
25824
25827
25833
25833
25836
25839
25848
25848
25851
25854
25857
25860
25869
25869
25872
25872
25875
25878
25878
25878
25881
25881
25881
25881
25884
25884
25884
25884
25887
25890
25890
25896
25896
25902
25905
25908
25923
25932
25947
25953
25953
25956
25962
25962
25962
25968
25968
25971
25971
25980
25980
25983
25992
25995
26004
26007
26013
26019
26019
26022
26022
26025
26028
26031
26031
26034
26034
26040
26043
26043
26043
26055
26058
26061
26064
26067
26070
26070
26079
26079
26079
26088
26091
26091
26094
26094
26097
26097
26100
26103
26103
26106
26106
26112
26112
26115
26121
26124
26127
26133
26133
26142
26142
26145
26151
26151
26154
26154
26160
26163
26163
26166
26169
26172
26175
26175
26178
26178
26178
26178
26190
26193
26196
26196
26202
26205
26208
26208
26214
26214
26217
26223
26229
26238
26241
26253
26253
26253
26256
26256
26256
26262
26262
26277
26283
26286
26286
26286
26286
26292
26298
26298
26310
26319
26325
26328
26331
26331
26331
26331
26337
26337
26340
26340
26340
26340
26346
26349
26352
26352
26352
26352
26355
26355
26358
26361
26361
26367
26367
26370
26370
26370
26373
26379
26382
26388
26397
26400
26400
26400
26406
26409
26412
26412
26418
26421
26424
26427
26430
26436
26436
26442
26442
26448
26451
26454
26457
26460
26469
26469
26469
26472
26475
26475
26475
26478
26478
26484
26484
26487
26487
26490
26502
26505
26508
26511
26511
26511
26511
26517
26529
26535
26538
26541
26541
26547
26547
26550
26550
26550
26550
26553
26556
26562
26565
26568
26574
26574
26577
26577
26580
26580
26580
26583
26583
26589
26589
26589
26592
26592
26595
26595
26595
26598
26601
26613
26616
26616
26619
26622
26625
26625
26625
26628
26631
26634
26637
26643
26649
26664
26667
26673
26676
26679
26682
26682
26688
26691
26691
26691
26694
26694
26697
26703
26706
26706
26706
26718
26724
26724
26733
26736
26745
26748
26751
26754
26754
26760
26763
26763
26766
26766
26769
26769
26772
26772
26775
26781
26781
26781
26787
26796
26799
26802
26805
26808
26820
26820
26823
26826
26826
26826
26829
26829
26832
26832
26832
26838
26841
26856
26859
26862
26862
26862
26862
26865
26865
26871
26871
26871
26880
26883
26886
26886
26889
26898
26901
26901
26901
26904
26907
26910
26913
26916
26916
26922
26928
26928
26931
26931
26931
26931
26934
26937
26940
26940
26940
26940
26952
26952
26958
26961
26964
26967
26967
26967
26967
26970
26970
26970
26979
26979
26982
26982
26985
26985
26988
26988
26988
26997
27000
27006
27009
27012
27012
27018
27030
27033
27036
27036
27039
27039
27045
27045
27048
27048
27048
27051
27054
27057
27063
27063
27066
27066
27069
27069
27075
27075
27081
27081
27084
27090
27090
27102
27108
27108
27111
27114
27123
27132
27144
27150
27153
27153
27159
27159
27159
27174
27180
27186
27201
27201
27204
27216
27216
27222
27228
27234
27234
27234
27237
27240
27240
27240
27243
27243
27246
27249
27255
27258
27258
27258
27261
27264
27264
27270
27270
27270
27273
27273
27279
27282
27285
27285
27291
27294
27300
27300
27303
27309
27321
27327
27333
27333
27336
27342
27345
27351
27351
27351
27351
27351
27354
27357
27360
27366
27369
27372
27372
27375
27378
27378
27384
27384
27384
27387
27387
27390
27390
27393
27402
27402
27408
27411
27414
27414
27423
27426
27432
27435
27435
27438
27441
27447
27450
27459
27459
27462
27462
27462
27468
27471
27471
27471
27477
27477
27480
27483
27483
27483
27486
27489
27492
27492
27498
27504
27504
27504
27504
27507
27510
27510
27516
27516
27516
27522
27522
27522
27522
27525
27531
27537
27537
27543
27549
27552
27552
27555
27558
27564
27567
27567
27567
27573
27576
27576
27576
27585
27585
27585
27588
27588
27594
27597
27600
27606
27606
27606
27612
27612
27612
27615
27615
27618
27621
27621
27621
27630
27633
27633
27639
27642
27645
27648
27648
27651
27654
27654
27660
27660
27663
27666
27672
27672
27672
27675
27675
27678
27678
27681
27684
27693
27696
27699
27699
27702
27702
27708
27714
27717
27720
27720
27723
27726
27726
27735
27738
27747
27750
27759
27759
27765
27771
27771
27774
27777
27777
27780
27780
27786
27792
27795
27795
27795
27801
27807
27807
27810
27813
27831
27834
27834
27837
27843
27846
27855
27861
27861
27870
27873
27873
27873
27873
27876
27876
27882
27882
27882
27885
27888
27888
27891
27891
27897
27897
27897
27900
27900
27900
27903
27912
27912
27915
27915
27921
27921
27933
27942
27945
27948
27951
27957
27957
27960
27963
27966
27969
27975
27975
27975
27975
27978
27978
27981
27987
27990
27996
28002
28002
28008
28011
28011
28017
28017
28017
28017
28023
28026
28029
28029
28035
28038
28041
28044
28044
28047
28050
28056
28059
28065
28065
28065
28068
28071
28074
28074
28083
28083
28089
28092
28095
28098
28098
28098
28101
28104
28107
28110
28110
28116
28116
28119
28119
28119
28125
28125
28125
28131
28137
28137
28140
28143
28143
28146
28149
28152
28155
28161
28164
28167
28167
28170
28170
28173
28176
28179
28179
28185
28191
28191
28194
28200
28203
28203
28206
28209
28209
28215
28215
28224
28224
28227
28230
28233
28236
28242
28245
28248
28257
28260
28263
28266
28266
28269
28278
28278
28278
28284
28284
28287
28290
28290
28293
28296
28299
28299
28305
28305
28311
28314
28314
28317
28317
28320
28323
28323
28329
28332
28335
28335
28335
28338
28338
28341
28341
28344
28353
28353
28353
28356
28359
28365
28368
28374
28374
28380
28383
28386
28392
28395
28395
28395
28401
28404
28407
28410
28410
28413
28419
28422
28428
28428
28437
28440
28443
28443
28452
28452
28452
28455
28458
28458
28458
28461
28461
28470
28473
28476
28476
28476
28476
28482
28485
28491
28491
28494
28497
28500
28503
28506
28506
28509
28509
28521
28521
28524
28527
28536
28539
28545
28548
28551
28554
28554
28554
28557
28557
28557
28560
28572
28572
28581
28584
28584
28584
28584
28587
28587
28590
28593
28593
28593
28596
28599
28605
28614
28614
28614
28617
28620
28620
28620
28623
28626
28626
28629
28635
28653
28653
28656
28662
28668
28677
28677
28677
28680
28680
28683
28683
28686
28689
28689
28698
28701
28701
28707
28707
28710
28713
28719
28722
28722
28728
28728
28734
28746
28746
28749
28758
28761
28767
28767
28773
28773
28776
28779
28779
28785
28794
28797
28800
28806
28806
28806
28812
28815
28818
28824
28827
28830
28830
28833
28839
28839
28839
28842
28842
28845
28845
28848
28851
28851
28851
28854
28854
28857
28857
28878
28890
28893
28893
28899
28899
28902
28902
28911
28914
28917
28917
28917
28920
28920
28929
28932
28932
28935
28938
28947
28950
28953
28962
28968
28968
28977
28989
28992
28992
29004
29016
29016
29019
29025
29025
29025
29028
29028
29031
29034
29037
29040
29040
29049
29049
29055
29067
29070
29079
29097
29097
29100
29103
29109
29112
29118
29118
29121
29124
29124
29127
29127
29130
29130
29145
29148
29148
29148
29148
29154
29157
29160
29160
29166
29166
29169
29181
29187
29190
29190
29199
29205
29211
29211
29223
29223
29229
29229
29232
29235
29238
29241
29256
29262
29265
29265
29268
29274
29274
29277
29277
29277
29280
29286
29286
29292
29295
29295
29301
29310
29313
29313
29316
29316
29316
29319
29319
29322
29328
29328
29331
29340
29340
29343
29346
29346
29352
29352
29358
29367
29370
29373
29373
29376
29376
29379
29382
29382
29388
29391
29406
29406
29406
29406
29409
29415
29421
29421
29424
29424
29424
29427
29430
29430
29430
29433
29436
29445
29445
29448
29451
29454
29454
29457
29478
29484
29484
29487
29490
29493
29493
29496
29496
29499
29499
29499
29499
29505
29508
29514
29514
29514
29517
29523
29523
29526
29529
29532
29538
29538
29541
29541
29544
29544
29544
29547
29553
29553
29559
29577
29577
29580
29580
29583
29586
29589
29592
29595
29595
29601
29604
29604
29619
29625
29625
29628
29628
29631
29631
29631
29634
29637
29637
29649
29649
29652
29652
29652
29655
29655
29655
29661
29664
29664
29667
29679
29685
29685
29691
29697
29703
29712
29712
29712
29718
29718
29721
29724
29724
29724
29727
29733
29733
29736
29739
29739
29745
29745
29748
29751
29751
29757
29760
29769
29769
29769
29772
29781
29781
29784
29784
29784
29796
29796
29799
29799
29802
29802
29805
29808
29811
29814
29814
29817
29817
29826
29829
29832
29832
29832
29838
29841
29844
29847
29847
29847
29847
29847
29850
29853
29856
29862
29862
29865
29868
29871
29871
29871
29874
29874
29874
29880
29880
29886
29886
29889
29892
29895
29898
29901
29904
29907
29910
29916
29916
29916
29928
29937
29946
29958
29958
29958
29964
29967
29976
29991
29997
29997
