11000
0
0
0
3
6
9
15
18
21
21
24
24
27
27
30
36
39
39
51
51
54
57
63
63
63
66
66
69
69
72
75
81
81
81
93
96
96
96
105
108
111
114
114
114
120
120
126
126
129
132
135
144
144
147
147
147
150
150
153
156
168
171
174
180
189
192
195
207
207
207
216
216
231
234
234
234
243
246
246
249
252
252
255
255
258
258
261
264
264
267
270
270
273
276
279
282
294
294
300
300
303
306
309
312
312
312
315
315
318
321
330
339
342
342
348
348
348
348
351
351
351
354
372
375
375
375
378
378
384
384
384
393
399
411
414
417
423
426
429
438
438
441
441
450
453
456
462
462
462
465
465
468
468
474
474
474
477
480
480
483
483
483
492
492
495
507
507
510
513
513
513
516
519
525
537
540
543
543
549
549
552
558
558
561
567
570
570
576
579
582
582
585
585
585
591
594
594
597
600
603
606
606
606
615
615
615
618
624
624
633
633
633
636
639
639
645
648
648
651
654
654
657
660
663
663
669
672
675
678
678
681
684
684
690
690
699
699
699
705
705
705
705
711
717
717
720
720
723
723
723
732
735
735
735
738
741
741
747
747
747
747
750
750
756
759
762
762
762
765
771
774
774
774
780
786
795
798
801
807
813
819
819
825
828
831
831
834
834
843
849
855
864
870
870
870
873
876
879
879
879
879
882
885
885
888
888
891
894
900
906
909
909
909
915
915
927
927
930
936
936
939
939
942
945
945
945
948
948
948
951
951
960
960
960
960
963
963
966
969
975
984
984
984
984
987
1002
1002
1002
1005
1005
1008
1008
1011
1014
1014
1017
1020
1023
1023
1026
1038
1041
1047
1047
1047
1053
1053
1059
1059
1059
1062
1065
1068
1083
1086
1092
1095
1098
1101
1104
1107
1110
1110
1113
1116
1119
1119
1119
1128
1134
1137
1137
1140
1140
1149
1152
1155
1161
1164
1164
1173
1176
1182
1185
1188
1191
1194
1197
1203
1209
1209
1209
1212
1212
1212
1218
1221
1227
1227
1227
1230
1236
1239
1239
1245
1248
1275
1284
1284
1284
1287
1287
1293
1296
1296
1299
1305
1305
1305
1308
1311
1311
1311
1317
1317
1320
1323
1326
1329
1332
1332
1335
1341
1341
1344
1353
1353
1353
1365
1368
1371
1371
1374
1374
1374
1377
1380
1383
1392
1395
1395
1395
1395
1401
1404
1407
1410
1413
1416
1416
1425
1431
1434
1437
1440
1443
1443
1449
1449
1452
1452
1458
1458
1458
1464
1464
1467
1467
1470
1470
1473
1473
1476
1476
1476
1482
1482
1482
1491
1491
1494
1494
1494
1497
1500
1500
1503
1503
1506
1512
1518
1521
1524
1527
1527
1530
1530
1536
1539
1554
1557
1557
1557
1563
1566
1566
1566
1572
1575
1578
1584
1587
1590
1593
1596
1599
1599
1602
1605
1611
1611
1617
1626
1629
1635
1635
1635
1635
1635
1638
1641
1644
1650
1653
1653
1656
1656
1662
1662
1665
1671
1677
1680
1680
1686
1692
1695
1695
1698
1701
1701
1704
1707
1710
1716
1722
1722
1728
1728
1728
1728
1734
1737
1746
1746
1746
1749
1752
1755
1758
1758
1761
1761
1761
1770
1773
1773
1776
1779
1779
1782
1785
1788
1788
1788
1794
1794
1794
1794
1800
1803
1803
1803
1818
1824
1827
1830
1830
1830
1848
1851
1854
1869
1872
1878
1881
1881
1881
1884
1884
1884
1884
1890
1890
1890
1890
1890
1899
1902
1902
1905
1905
1905
1914
1917
1917
1920
1923
1923
1929
1932
1932
1935
1935
1935
1941
1953
1953
1956
1956
1959
1962
1974
1980
1980
1980
1980
1989
1992
1992
2001
2001
2004
2007
2007
2013
2016
2019
2025
2028
2031
2034
2037
2037
2040
2043
2049
2055
2058
2058
2067
2067
2070
2079
2094
2094
2094
2106
2112
2115
2115
2118
2133
2136
2139
2142
2145
2145
2148
2157
2157
2166
2169
2169
2172
2175
2178
2178
2181
2187
2187
2190
2190
2193
2196
2196
2202
2202
2205
2205
2208
2214
2220
2223
2229
2238
2238
2244
2250
2250
2253
2253
2253
2265
2265
2271
2274
2274
2274
2277
2277
2283
2286
2286
2295
2298
2298
2301
2301
2301
2301
2304
2313
2313
2316
2319
2319
2325
2328
2328
2331
2340
2346
2352
2352
2352
2355
2358
2358
2361
2364
2376
2379
2379
2382
2388
2391
2400
2400
2400
2403
2406
2409
2409
2412
2415
2424
2427
2433
2433
2442
2442
2442
2442
2448
2448
2451
2451
2454
2454
2454
2457
2457
2463
2469
2469
2475
2475
2478
2487
2505
2505
2505
2511
2535
2538
2550
2553
2559
2568
2571
2571
2574
2577
2580
2586
2598
2607
2610
2610
2619
2619
2619
2619
2622
2631
2634
2634
2643
2643
2649
2652
2652
2658
2664
2664
2664
2667
2667
2676
2682
2682
2685
2688
2688
2697
2703
2703
2712
2724
2724
2736
2739
2739
2745
2748
2751
2766
2769
2778
2781
2781
2781
2784
2784
2787
2790
2790
2793
2793
2793
2796
2799
2799
2799
2802
2808
2817
2820
2820
2823
2823
2823
2823
2826
2832
2835
2841
2841
2847
2847
2847
2850
2853
2859
2868
2868
2868
2874
2874
2874
2886
2892
2892
2895
2895
2895
2895
2901
2901
2901
2913
2916
2916
2925
2928
2928
2928
2931
2934
2937
2940
2940
2940
2946
2946
2949
2955
2958
2958
2958
2958
2964
2964
2967
2967
2970
2976
2979
2985
2988
2991
2991
3000
3003
3006
3006
3012
3012
3015
3015
3021
3024
3024
3033
3036
3042
3045
3048
3051
3054
3060
3063
3063
3063
3066
3069
3069
3075
3075
3081
3081
3087
3090
3090
3093
3096
3096
3096
3099
3102
3102
3111
3114
3123
3126
3126
3129
3138
3150
3150
3159
3159
3159
3159
3177
3177
3177
3183
3183
3189
3189
3198
3201
3207
3210
3213
3213
3213
3216
3219
3219
3228
3231
3231
3234
3237
3240
3246
3246
3249
3258
3258
3270
3270
3273
3273
3276
3276
3276
3282
3282
3285
3288
3288
3294
3294
3297
3297
3303
3306
3309
3315
3318
3321
3321
3321
3327
3333
3333
3339
3339
3345
3345
3348
3348
3360
3366
3369
3375
3378
3381
3387
3393
3393
3408
3411
3414
3420
3420
3432
3432
3432
3438
3438
3438
3441
3444
3444
3447
3450
3450
3453
3456
3459
3459
3462
3462
3462
3471
3477
3480
3489
3492
3492
3495
3501
3507
3516
3516
3516
3519
3519
3519
3522
3522
3525
3528
3528
3534
3537
3537
3540
3540
3540
3543
3546
3552
3555
3555
3570
3570
3573
3573
3576
3576
3576
3576
3579
3579
3582
3588
3588
3591
3594
3600
3606
3609
3609
3612
3615
3615
3615
3618
3621
3639
3639
3639
3648
3648
3651
3654
3666
3669
3678
3678
3678
3678
3684
3690
3702
3708
3708
3714
3717
3723
3726
3726
3726
3726
3726
3729
3732
3738
3738
3741
3741
3741
3747
3753
3753
3756
3759
3759
3762
3762
3765
3768
3771
3771
3771
3774
3774
3777
3780
3780
3792
3801
3801
3807
3807
3813
3813
3813
3813
3816
3822
3825
3828
3831
3837
3837
3840
3849
3849
3855
3858
3858
3864
3867
3870
3870
3870
3879
3879
3882
3888
3888
3888
3891
3891
3894
3894
3906
3912
3918
3921
3930
3930
3933
3936
3939
3942
3948
3948
3960
3963
3969
3969
3969
3969
3969
3975
3981
3984
3984
3996
3999
3999
4002
4005
4005
4005
4011
4014
4014
4017
4017
4017
4020
4023
4023
4029
4029
4029
4041
4047
4053
4059
4062
4062
4062
4065
4074
4086
4086
4092
4098
4101
4101
4104
4104
4107
4107
4110
4113
4113
4116
4119
4119
4122
4125
4125
4128
4128
4134
4137
4140
4143
4146
4158
4167
4167
4170
4170
4173
4176
4179
4179
4182
4188
4194
4200
4203
4206
4209
4209
4209
4212
4215
4230
4233
4236
4236
4242
4245
4260
4260
4263
4266
4278
4278
4281
4284
4284
4287
4287
4287
4299
4302
4302
4305
4311
4311
4314
4314
4317
4320
4320
4323
4332
4332
4335
4338
4341
4341
4344
4344
4347
4353
4356
4374
4377
4380
4383
4389
4392
4392
4395
4395
4398
4398
4401
4410
4413
4413
4413
4416
4416
4416
4428
4428
4428
4434
4440
4449
4458
4461
4461
4464
4470
4473
4476
4479
4485
4485
4491
4491
4494
4500
4506
4506
4509
4509
4512
4515
4521
4524
4527
4527
4527
4530
4536
4539
4539
4539
4542
4545
4545
4545
4545
4554
4554
4554
4554
4557
4566
4569
4572
4575
4578
4578
4581
4581
4584
4584
4584
4584
4587
4587
4590
4590
4593
4599
4605
4611
4614
4617
4617
4620
4620
4620
4626
4632
4638
4653
4659
4662
4665
4668
4674
4674
4677
4677
4677
4683
4683
4686
4689
4695
4698
4701
4701
4701
4701
4704
4707
4710
4710
4719
4722
4722
4728
4728
4740
4746
4746
4752
4761
4770
4770
4770
4773
4773
4776
4776
4779
4788
4797
4797
4803
4806
4812
4812
4815
4815
4815
4818
4818
4818
4818
4833
4833
4839
4842
4845
4845
4848
4851
4851
4854
4860
4863
4869
4872
4872
4878
4881
4881
4887
4890
4890
4896
4896
4899
4902
4905
4908
4917
4917
4920
4926
4929
4929
4932
4935
4935
4941
4944
4950
4953
4956
4956
4962
4965
4965
4968
4971
4971
4974
4974
4992
4998
5001
5001
5004
5007
5016
5019
5019
5025
5025
5028
5037
5040
5040
5043
5049
5049
5049
5049
5052
5052
5055
5055
5064
5073
5076
5079
5082
5085
5094
5094
5097
5100
5100
5106
5109
5118
5124
5124
5124
5130
5130
5133
5136
5142
5148
5151
5151
5154
5154
5157
5157
5160
5160
5169
5175
5178
5184
5187
5187
5190
5193
5193
5199
5202
5202
5205
5208
5208
5208
5211
5214
5217
5223
5226
5226
5232
5235
5235
5238
5238
5241
5241
5250
5256
5256
5256
5259
5259
5262
5262
5271
5271
5271
5274
5277
5280
5286
5286
5286
5289
5289
5292
5292
5292
5298
5304
5304
5316
5316
5322
5325
5328
5328
5328
5331
5334
5340
5340
5343
5343
5349
5352
5355
5355
5358
5358
5361
5367
5367
5367
5367
5370
5370
5370
5373
5376
5382
5382
5388
5391
5391
5394
5406
5406
5409
5412
5412
5418
5421
5421
5430
5433
5436
5436
5439
5442
5442
5445
5445
5448
5454
5460
5466
5469
5472
5487
5487
5490
5493
5502
5505
5508
5511
5511
5511
5514
5514
5517
5520
5526
5535
5535
5535
5544
5547
5550
5556
5568
5568
5574
5580
5583
5583
5586
5589
5592
5595
5595
5604
5610
5619
5628
5631
5631
5634
5637
5637
5643
5643
5646
5646
5646
5652
5652
5655
5658
5664
5673
5676
5679
5679
5682
5691
5691
5694
5694
5697
5697
5703
5706
5706
5709
5721
5721
5724
5724
5727
5733
5742
5742
5745
5748
5751
5751
5751
5754
5754
5754
5754
5757
5757
5757
5760
5763
5763
5766
5769
5769
5772
5775
5778
5781
5781
5781
5784
5784
5790
5808
5808
5814
5817
5817
5823
5823
5826
5826
5832
5832
5832
5835
5835
5847
5847
5847
5850
5850
5856
5856
5856
5856
5859
5865
5868
5871
5874
5877
5877
5895
5901
5904
5907
5907
5910
5910
5910
5913
5916
5922
5925
5928
5928
5931
5931
5934
5937
5940
5940
5943
5943
5952
5952
5952
5961
5961
5967
5967
5967
5970
5976
5979
5985
5988
5991
5994
5997
6000
6000
6000
6006
6009
6012
6012
6018
6021
6024
6024
6027
6030
6033
6036
6039
6042
6045
6048
6048
6051
6051
6054
6054
6057
6060
6060
6069
6069
6072
6075
6075
6078
6081
6081
6087
6087
6087
6093
6093
6093
6096
6096
6099
6102
6108
6108
6111
6114
6129
6138
6138
6141
6141
6144
6153
6156
6159
6159
6159
6165
6168
6171
6177
6177
6180
6186
6186
6192
6204
6207
6210
6210
6213
6213
6216
6219
6219
6222
6228
6240
6246
6249
6249
6258
6261
6264
6267
6267
6267
6273
6279
6282
6282
6291
6294
6297
6300
6303
6303
6303
6306
6309
6312
6312
6315
6318
6321
6321
6324
6327
6339
6342
6348
6348
6348
6357
6360
6360
6360
6369
6369
6372
6372
6375
6378
6381
6381
6381
6384
6387
6387
6390
6390
6390
6390
6390
6390
6393
6393
6399
6399
6399
6399
6402
6405
6408
6408
6411
6417
6420
6420
6423
6423
6432
6435
6441
6447
6453
6453
6456
6456
6459
6462
6465
6465
6468
6468
6477
6477
6477
6483
6486
6486
6498
6504
6504
6507
6507
6510
6513
6513
6522
6528
6531
6537
6540
6540
6543
6543
6546
6549
6549
6549
6567
6573
6573
6573
6591
6591
6597
6600
6603
6606
6609
6612
6618
6618
6618
6624
6627
6633
6636
6636
6639
6642
6645
6645
6645
6645
6648
6654
6654
6654
6657
6660
6660
6663
6666
6666
6669
6675
6681
6681
6684
6687
6690
6696
6699
6699
6699
6702
6702
6705
6714
6717
6723
6723
6729
6732
6732
6741
6750
6753
6762
6765
6765
6774
6777
6777
6777
6777
6780
6780
6783
6786
6792
6798
6798
6801
6813
6813
6813
6816
6822
6822
6822
6825
6840
6843
6846
6846
6858
6858
6864
6873
6876
6876
6885
6888
6894
6894
6897
6897
6900
6900
6903
6903
6903
6906
6915
6924
6942
6945
6945
6951
6951
6957
6957
6960
6960
6963
6966
6969
6972
6972
6975
6978
6981
6981
6981
6984
6987
6999
7002
7011
7011
7011
7011
7014
7017
7017
7020
7023
7029
7038
7038
7041
7041
7041
7050
7050
7059
7059
7062
7062
7065
7074
7074
7074
7074
7077
7077
7083
7083
7083
7086
7086
7092
7095
7098
7101
7104
7104
7104
7110
7113
7122
7128
7131
7140
7143
7146
7146
7149
7152
7152
7155
7155
7158
7158
7161
7164
7167
7167
7173
7176
7176
7179
7185
7188
7188
7191
7200
7200
7200
7200
7200
7200
7203
7206
7206
7206
7212
7215
7215
7215
7215
7218
7221
7224
7227
7227
7230
7236
7236
7239
7242
7242
7245
7245
7248
7251
7251
7257
7263
7269
7269
7272
7281
7281
7284
7284
7284
7287
7287
7287
7293
7296
7299
7299
7299
7302
7302
7305
7305
7308
7311
7314
7317
7320
7320
7332
7338
7338
7341
7344
7350
7350
7353
7356
7359
7362
7365
7368
7368
7371
7377
7377
7380
7380
7386
7392
7395
7398
7401
7404
7404
7407
7419
7428
7428
7428
7431
7431
7434
7437
7440
7440
7440
7440
7443
7449
7449
7449
7452
7455
7455
7458
7458
7458
7461
7467
7467
7473
7476
7476
7485
7491
7491
7491
7497
7497
7500
7503
7503
7506
7512
7512
7518
7518
7521
7527
7527
7530
7545
7545
7551
7554
7560
7566
7569
7572
7572
7581
7584
7590
7590
7593
7596
7599
7599
7602
7614
7614
7617
7620
7623
7626
7626
7635
7635
7635
7638
7641
7644
7650
7650
7659
7662
7662
7665
7665
7671
7674
7677
7677
7680
7689
7695
7695
7698
7701
7701
7701
7704
7710
7710
7716
7722
7737
7743
7749
7749
7752
7755
7767
7770
7770
7773
7773
7776
7776
7788
7791
7794
7794
7797
7797
7800
7800
7812
7812
7812
7812
7815
7821
7821
7821
7824
7824
7827
7833
7839
7848
7851
7851
7860
7863
7866
7869
7872
7878
7878
7884
7887
7887
7890
7893
7893
7899
7899
7902
7902
7914
7914
7917
7917
7917
7920
7920
7923
7923
7929
7932
7935
7938
7941
7947
7953
7953
7956
7959
7962
7965
7968
7971
7977
7980
7980
7983
7983
7986
7998
7998
8007
8013
8016
8022
8022
8025
8028
8034
8040
8040
8043
8046
8055
8055
8055
8055
8055
8061
8064
8070
8070
8070
8085
8088
8091
8091
8091
8091
8097
8100
8100
8103
8103
8103
8103
8106
8106
8106
8106
8112
8112
8115
8121
8121
8124
8127
8130
8130
8130
8133
8142
8142
8145
8145
8154
8160
8166
8169
8169
8172
8172
8178
8178
8181
8184
8187
8187
8190
8196
8196
8196
8202
8205
8205
8208
8214
8223
8229
8229
8229
8229
8235
8235
8250
8250
8253
8256
8259
8262
8262
8265
8271
8271
8274
8277
8277
8283
8286
8289
8289
8295
8298
8304
8310
8313
8316
8316
8319
8319
8322
8325
8328
8328
8328
8340
8340
8346
8346
8349
8349
8352
8358
8361
8364
8367
8370
8370
8373
8379
8379
8382
8382
8391
8391
8391
8391
8400
8403
8406
8406
8421
8430
8433
8436
8436
8439
8442
8448
8454
8460
8460
8463
8469
8472
8472
8475
8475
8478
8481
8484
8484
8490
8499
8508
8511
8517
8520
8520
8520
8520
8526
8529
8529
8529
8529
8541
8541
8541
8547
8547
8550
8553
8553
8556
8565
8565
8568
8571
8574
8580
8589
8595
8595
8595
8595
8601
8601
8604
8616
8616
8616
8619
8625
8625
8625
8628
8628
8634
8637
8643
8643
8643
8652
8652
8658
8661
8682
8682
8682
8685
8685
8691
8694
8697
8703
8703
8703
8706
8706
8709
8712
8730
8733
8748
8748
8751
8751
8754
8760
8760
8766
8772
8772
8772
8787
8787
8790
8796
8802
8802
8805
8814
8817
8820
8823
8826
8832
8832
8835
8838
8838
8841
8841
8841
8844
8847
8847
8847
8847
8850
8850
8856
8856
8859
8862
8865
8868
8868
8871
8874
8877
8877
8877
8880
8880
8880
8883
8886
8886
8889
8892
8895
8895
8904
8907
8910
8913
8916
8925
8925
8928
8931
8937
8937
8937
8940
8943
8952
8952
8961
8964
8967
8970
8973
8973
8973
8973
8976
8982
8991
9006
9006
9009
9012
9012
9012
9015
9018
9018
9024
9027
9027
9030
9042
9048
9051
9051
9051
9054
9054
9057
9063
9066
9069
9069
9069
9072
9075
9078
9078
9081
9084
9093
9096
9096
9102
9105
9111
9111
9114
9117
9123
9126
9126
9129
9135
9138
9138
9138
9141
9144
9147
9150
9150
9153
9153
9159
9159
9159
9165
9165
9168
9174
9180
9183
9186
9186
9186
9192
9195
9198
9198
9201
9201
9210
9210
9213
9213
9216
9219
9225
9234
9246
9249
9252
9252
9258
9261
9264
9264
9264
9267
9267
9267
9270
9273
9273
9282
9285
9288
9291
9297
9303
9312
9315
9321
9321
9324
9327
9330
9330
9333
9336
9339
9342
9345
9348
9351
9354
9357
9360
9363
9366
9366
9366
9369
9369
9372
9372
9375
9384
9384
9384
9390
9390
9390
9393
9393
9396
9399
9402
9408
9411
9414
9417
9420
9423
9423
9423
9426
9429
9429
9432
9435
9435
9435
9435
9441
9447
9453
9456
9456
9462
9465
9468
9468
9474
9474
9477
9483
9483
9483
9489
9489
9492
9492
9495
9495
9501
9501
9501
9501
9504
9504
9504
9510
9513
9513
9516
9519
9519
9519
9522
9525
9531
9537
9540
9540
9549
9549
9549
9549
9552
9552
9552
9555
9558
9558
9564
9567
9567
9567
9570
9576
9576
9579
9579
9585
9588
9588
9591
9594
9594
9594
9600
9600
9606
9612
9612
9615
9615
9618
9618
9618
9621
9627
9627
9630
9633
9636
9639
9645
9648
9660
9663
9666
9672
9672
9672
9675
9675
9681
9687
9690
9696
9702
9702
9705
9705
9708
9708
9714
9714
9714
9720
9720
9729
9732
9738
9744
9747
9750
9750
9750
9762
9765
9765
9765
9768
9771
9771
9774
9774
9780
9783
9783
9789
9792
9810
9813
9813
9816
9816
9822
9825
9825
9828
9828
9831
9834
9837
9837
9840
9846
9852
9852
9855
9858
9858
9858
9861
9861
9861
9867
9870
9873
9876
9876
9879
9882
9882
9882
9882
9882
9885
9891
9891
9897
9900
9909
9915
9918
9924
9924
9924
9933
9939
9942
9945
9945
9948
9957
9960
9966
9975
9978
9978
9978
9981
9984
9984
9987
9990
9996
9999
10002
10008
10008
10014
10017
10017
10017
10029
10032
10035
10044
10047
10050
10050
10050
10050
10056
10059
10065
10065
10065
10074
10074
10080
10086
10089
10092
10101
10119
10122
10122
10125
10128
10134
10146
10149
10155
10158
10158
10158
10158
10158
10164
10164
10167
10170
10170
10179
10182
10182
10188
10197
10197
10197
10200
10206
10212
10212
10221
10221
10221
10224
10230
10233
10236
10236
10239
10242
10248
10251
10257
10263
10269
10275
10278
10284
10284
10284
10299
10302
10311
10317
10317
10320
10320
10323
10326
10326
10326
10326
10329
10332
10335
10335
10338
10338
10338
10338
10341
10341
10344
10347
10350
10353
10356
10365
10371
10374
10374
10377
10377
10380
10380
10383
10383
10383
10383
10383
10386
10392
10395
10401
10404
10404
10407
10413
10413
10416
10416
10419
10419
10431
10440
10440
10440
10443
10443
10443
10446
10449
10455
10458
10458
10458
10461
10461
10461
10470
10473
10476
10476
10476
10476
10482
10491
10491
10494
10500
10503
10503
10506
10506
10506
10512
10515
10521
10521
10521
10521
10524
10524
10524
10533
10536
10539
10548
10548
10554
10554
10557
10560
10566
10569
10569
10572
10572
10575
10578
10578
10578
10584
10587
10587
10590
10590
10593
10593
10593
10596
10596
10599
10602
10605
10608
10611
10614
10617
10620
10620
10623
10623
10626
10629
10629
10629
10632
10641
10644
10644
10647
10653
10653
10653
10656
10665
10671
10671
10671
10677
10683
10686
10686
10689
10692
10698
10698
10701
10701
10701
10701
10704
10707
10713
10716
10719
10722
10722
10725
10731
10734
10743
10746
10752
10752
10755
10764
10767
10767
10770
10770
10773
10773
10782
10782
10785
10788
10806
10806
10806
10812
10815
10839
10848
10848
10851
10854
10854
10857
10866
10866
10875
10875
10881
10884
10887
10890
10890
10893
10893
10905
10908
10911
10920
10923
10926
10926
10929
10932
10938
10938
10941
10944
10950
10953
10953
10953
10956
10956
10962
10962
10962
10968
10968
10971
10971
10977
10980
10983
10986
10992
10992
10992
10995
11001
11001
11007
11013
11019
11022
11022
11025
11025
11025
11028
11031
11031
11034
11043
11046
11049
11052
11055
11058
11061
11061
11070
11070
11076
11082
11091
11091
11091
11091
11091
11097
11106
11106
11106
11112
11112
11118
11127
11127
11133
11136
11151
11154
11160
11160
11163
11163
11166
11175
11178
11181
11181
11184
11187
11187
11187
11187
11187
11187
11196
11199
11199
11205
11205
11211
11211
11220
11223
11226
11229
11232
11232
11232
11235
11244
11247
11256
11262
11262
11265
11271
11280
11289
11289
11292
11292
11292
11292
11295
11295
11298
11301
11307
11310
11310
11313
11316
11319
11319
11319
11325
11328
11328
11331
11331
11337
11337
11340
11352
11352
11352
11352
11355
11358
11361
11364
11367
11370
11370
11370
11373
11373
11376
11382
11388
11397
11403
11406
11409
11412
11415
11415
11415
11415
11418
11421
11421
11430
11430
11430
11430
11442
11442
11445
11448
11451
11454
11460
11463
11469
11469
11472
11475
11475
11478
11478
11478
11484
11484
11484
11484
11484
11484
11493
11496
11499
11502
11502
11517
11520
11520
11520
11526
11532
11541
11544
11544
11544
11550
11553
11556
11556
11559
11571
11571
11574
11574
11577
11583
11589
11589
11592
11595
11595
11598
11601
11607
11613
11616
11616
11625
11631
11634
11634
11634
11634
11637
11637
11640
11640
11643
11652
11652
11655
11655
11667
11679
11679
11679
11682
11682
11691
11691
11694
11694
11694
11694
11694
11694
11703
11709
11712
11721
11721
11724
11724
11733
11733
11736
11736
11742
11742
11748
11751
11751
11754
11754
11754
11754
11766
11769
11769
11775
11781
11781
11790
11793
11799
11805
11808
11814
11817
11820
11820
11820
11823
11826
11829
11838
11838
11847
11850
11853
11856
11859
11865
11865
11868
11874
11874
11877
11889
11892
11898
11901
11901
11904
11907
11907
11913
11916
11916
11916
11916
11922
11937
11937
11940
11940
11949
11949
11952
11952
11958
11964
11967
11970
11973
11979
11982
11985
11988
11988
11991
11991
11991
11997
12000
12003
12006
12012
12012
12012
12018
12024
12030
12030
12030
12030
12030
12033
12033
12033
12036
12045
12051
12051
12054
12057
12057
12063
12066
12081
12084
12084
12093
12099
12102
12108
12108
12108
12111
12117
12120
12120
12126
12129
12132
12132
12135
12138
12147
12150
12150
12153
12153
12153
12156
12159
12159
12162
12165
12165
12168
12171
12171
12174
12177
12177
12177
12180
12180
12186
12186
12189
12189
12192
12198
12201
12204
12210
12213
12213
12216
12216
12219
12222
12222
12228
12228
12231
12234
12237
12240
12240
12243
12246
12249
12255
12255
12258
12264
12267
12270
12270
12270
12270
12273
12273
12279
12282
12285
12285
12285
12288
12291
12297
12297
12300
12306
12309
12318
12327
12327
12330
12333
12336
12342
12351
12360
12360
12366
12366
12366
12366
12372
12372
12375
12375
12381
12381
12384
12387
12390
12393
12396
12399
12405
12405
12405
12411
12414
12414
12417
12423
12426
12432
12432
12435
12438
12447
12447
12447
12450
12459
12465
12468
12477
12480
12480
12480
12489
12492
12492
12495
12495
12498
12501
12501
12507
12513
12513
12516
12519
12522
12522
12531
12534
12540
12543
12543
12546
12549
12558
12561
12567
12570
12570
12573
12576
12579
12582
12585
12591
12591
12594
12594
12597
12600
12603
12606
12606
12609
12609
12615
12624
12627
12630
12630
12636
12636
12639
12648
12648
12651
12654
12657
12660
12660
12663
12666
12672
12675
12678
12678
12681
12684
12687
12687
12690
12699
12699
12705
12711
12714
12729
12729
12732
12732
12735
12738
12738
12741
12741
12744
12753
12762
12762
12762
12762
12765
12768
12768
12771
12771
12777
12777
12780
12780
12780
12783
12789
12792
12798
12798
12801
12804
12804
12807
12810
12810
12810
12816
12816
12822
12822
12828
12831
12834
12837
12837
12840
12843
12846
12846
12852
12858
12861
12861
12864
12864
12864
12864
12867
12867
12867
12870
12873
12876
12876
12876
12879
12879
12879
12882
12888
12891
12900
12900
12903
12915
12915
12915
12915
12918
12921
12921
12924
12924
12927
12930
12930
12930
12933
12936
12936
12942
12945
12945
12948
12951
12954
12957
12957
12966
12969
12972
12975
12975
12975
12981
12984
12987
12987
12990
12999
12999
13005
13005
13008
13008
13011
13011
13026
13026
13029
13038
13041
13044
13053
13053
13059
13062
13062
13065
13071
13071
13074
13074
13083
13083
13086
13089
13089
13089
13092
13095
13101
13113
13113
13116
13116
13122
13125
13137
13137
13143
13143
13143
13146
13146
13146
13152
13158
13161
13164
13173
13173
13176
13176
13182
13182
13185
13191
13191
13194
13194
13203
13206
13209
13209
13212
13215
13218
13224
13233
13236
13239
13242
13242
13257
13263
13263
13263
13266
13269
13272
13275
13275
13278
13278
13281
13284
13284
13284
13284
13290
13296
13302
13302
13305
13305
13305
13308
13314
13326
13329
13329
13332
13332
13335
13335
13338
13341
13344
13344
13344
13347
13362
13365
13368
13371
13374
13386
13389
13389
13398
13401
13401
13404
13404
13407
13407
13410
13416
13422
13422
13425
13425
13434
13440
13443
13449
13458
13458
13458
13461
13461
13464
13467
13467
13470
13473
13473
13473
13476
13482
13482
13488
13491
13500
13503
13503
13506
13509
13515
13518
13518
13524
13524
13527
13530
13533
13536
13536
13536
13539
13542
13542
13542
13548
13551
13554
13560
13563
13566
13569
13572
13572
13572
13578
13581
13584
13584
13584
13590
13596
13599
13614
13614
13617
13617
13620
13620
13620
13626
13626
13626
13641
13644
13644
13644
13647
13650
13650
13650
13650
13653
13653
13653
13656
13656
13662
13668
13668
13677
13677
13686
13692
13692
13698
13701
13701
13707
13707
13707
13710
13710
13713
13713
13719
13719
13719
13728
13728
13731
13734
13737
13737
13740
13740
13743
13746
13746
13749
13752
13755
13755
13755
13758
13761
13761
13761
13761
13770
13773
13773
13779
13779
13782
13788
13794
13806
13812
13812
13815
13818
13818
13818
13821
13824
13824
13824
13830
13842
13842
13842
13848
13848
13848
13851
13854
13854
13854
13857
13869
13872
13875
13875
13878
13884
13884
13887
13887
13890
13890
13893
13893
13899
13902
13902
13905
13908
13911
13911
13914
13914
13917
13917
13926
13929
13932
13932
13935
13935
13941
13944
13956
13956
13959
13968
13971
13977
13995
13998
14001
14004
14007
14007
14013
14013
14016
14022
14022
14025
14028
14028
14031
14031
14040
14046
14049
14049
14052
14058
14064
14070
14079
14082
14088
14091
14094
14094
14097
14109
14112
14118
14121
14121
14127
14133
14133
14133
14136
14136
14139
14142
14145
14148
14148
14151
14154
14154
14154
14157
14160
14163
14163
14169
14169
14178
14187
14193
14193
14196
14199
14202
14205
14208
14211
14217
14220
14223
14241
14241
14241
14247
14250
14250
14253
14253
14253
14256
14256
14256
14259
14259
14259
14262
14271
14283
14292
14298
14304
14304
14304
14310
14310
14310
14316
14322
14322
14331
14331
14334
14337
14340
14343
14343
14346
14349
14349
14349
14349
14355
14358
14358
14358
14361
14361
14364
14364
14367
14367
14373
14373
14373
14373
14379
14379
14382
14382
14385
14388
14388
14391
14391
14391
14391
14394
14397
14397
14397
14400
14400
14400
14403
14412
14412
14424
14424
14424
14427
14427
14430
14433
14436
14451
14454
14457
14469
14469
14472
14472
14475
14481
14484
14487
14487
14487
14490
14493
14499
14499
14508
14517
14517
14517
14523
14526
14529
14529
14532
14538
14541
14541
14541
14541
14550
14550
14553
14553
14556
14556
14559
14559
14562
14565
14565
14568
14571
14571
14577
14577
14577
14577
14583
14583
14583
14586
14586
14586
14592
14595
14595
14595
14604
14604
14607
14610
14616
14616
14616
14616
14616
14619
14622
14625
14625
14628
14631
14631
14634
14634
14634
14634
14637
14640
14640
14646
14646
14649
14652
14655
14664
14664
14670
14670
14673
14676
14679
14682
14682
14685
14688
14688
14691
14691
14691
14691
14694
14700
14706
14706
14706
14712
14712
14712
14712
14715
14715
14715
14718
14718
14718
14724
14730
14733
14733
14742
14745
14745
14748
14748
14751
14751
14751
14754
14754
14754
14763
14769
14772
14775
14778
14781
14781
14784
14784
14787
14790
14796
14796
14799
14799
14802
14808
14814
14817
14817
14820
14820
14823
14829
14835
14841
14844
14847
14850
14850
14853
14853
14856
14868
14874
14874
14877
14877
14880
14880
14892
14898
14901
14901
14901
14901
14904
14904
14904
14910
14916
14919
14919
14922
14922
14925
14928
14934
14934
14934
14940
14949
14952
14958
14958
14961
14964
14964
14967
14970
14979
14982
14985
14991
14991
14994
14997
14997
14997
14997
15000
15003
15006
15015
15015
15018
15021
15024
15027
15030
15036
15036
15039
15039
15042
15042
15048
15048
15048
15051
15051
15051
15057
15063
15069
15069
15075
15081
15084
15087
15090
15093
15096
15096
15096
15099
15108
15111
15114
15123
15123
15144
15150
15159
15159
15159
15165
15168
15168
15171
15171
15171
15186
15192
15192
15198
15201
15201
15204
15207
15207
15210
15213
15216
15219
15222
15225
15225
15231
15237
15240
15243
15243
15246
15246
15249
15255
15270
15270
15273
15273
15282
15282
15285
15285
15291
15291
15291
15294
15300
15300
15300
15315
15318
15321
15327
15327
15327
15333
15336
15342
15342
15345
15345
15351
15351
15354
15354
15357
15360
15363
15366
15369
15369
15369
15375
15378
15381
15384
15390
15393
15396
15396
15402
15405
15405
15405
15405
15405
15411
15417
15417
15420
15420
15423
15423
15426
15429
15435
15438
15438
15444
15447
15453
15462
15462
15465
15468
15468
15471
15474
15474
15480
15480
15480
15480
15483
15486
15486
15489
15489
15489
15489
15495
15495
15495
15498
15498
15504
15504
15510
15516
15516
15516
15519
15525
15525
15531
15537
15543
15549
15549
15552
15552
15552
15555
15555
15555
15558
15558
15558
15564
15564
15570
15570
15576
15579
15579
15582
15585
15585
15588
15588
15594
15597
15597
15600
15600
15606
15615
15615
15615
15618
15621
15621
15621
15624
15627
15630
15630
15633
15639
15645
15648
15648
15654
15654
15657
15657
15660
15660
15663
15666
15666
15666
15672
15672
15672
15675
15678
15681
15681
15681
15684
15684
15684
15687
15687
15690
15690
15696
15702
15702
15705
15711
15714
15714
15729
15735
15738
15747
15762
15765
15768
15768
15768
15774
15780
15780
15783
15786
15789
15792
15792
15792
15792
15795
15795
15798
15810
15810
15813
15816
15819
15831
15840
15843
15849
15855
15861
15861
15861
15870
15870
15873
15876
15876
15876
15876
15879
15882
15888
15888
15891
15891
15891
15894
15903
15909
15909
15912
15912
15912
15912
15912
15921
15921
15921
15924
15924
15927
15933
15936
15939
15945
15951
15957
15960
15960
15969
15969
15975
15978
15981
15981
15993
15993
15993
15996
15999
15999
16008
16011
16017
16020
16020
16023
16023
16023
16026
16026
16029
16035
16047
16047
16047
16050
16053
16056
16056
16068
16080
16080
16083
16083
16086
16092
16092
16098
16098
16098
16101
16101
16101
16101
16101
16104
16107
16110
16125
16125
16128
16128
16131
16131
16137
16140
16140
16143
16149
16152
16155
16155
16158
16158
16158
16158
16161
16164
16164
16164
16164
16173
16176
16176
16182
16182
16188
16188
16188
16191
16194
16194
16200
16203
16203
16209
16209
16209
16215
16218
16221
16221
16224
16224
16227
16230
16230
16230
16233
16236
16239
16242
16245
16245
16251
16254
16254
16254
16254
16263
16263
16266
16266
16266
16272
16272
16275
16275
16278
16281
16284
16287
16290
16290
16290
16293
16293
16293
16293
16296
16314
16320
16320
16329
16335
16335
16338
16338
16341
16341
16341
16353
16356
16359
16359
16362
16371
16371
16374
16374
16380
16380
16383
16386
16398
16401
16404
16404
16410
16413
16413
16416
16416
16416
16419
16419
16422
16425
16425
16425
16434
16434
16440
16446
16452
16452
16458
16461
16461
16461
16461
16464
16467
16470
16473
16473
16476
16482
16488
16488
16488
16488
16488
16494
16494
16500
16503
16503
16506
16506
16509
16515
16518
16518
16518
16524
16524
16524
16527
16530
16533
16533
16536
16545
16554
16554
16557
16563
16566
16566
16572
16572
16575
16578
16578
16578
16581
16596
16596
16596
16599
16599
16605
16608
16614
16617
16620
16626
16626
16632
16662
16662
16665
16677
16683
16686
16689
16689
16689
16689
16692
16701
16704
16707
16707
16713
16713
16722
16725
16731
16734
16740
16740
16743
16746
16749
16749
16749
16758
16767
16767
16767
16767
16770
16773
16776
16779
16782
16782
16782
16800
16806
16809
16812
16812
16818
16818
16827
16830
16830
16830
16836
16836
16839
16839
16842
16845
16851
16854
16857
16857
16866
16869
16869
16872
16875
16875
16878
16881
16881
16884
16887
16902
16905
16908
16908
16917
16920
16926
16929
16932
16938
16938
16944
16947
16950
16956
16956
16956
16962
16968
16968
16971
16977
16980
16983
16986
16995
16998
17004
17007
17019
17019
17019
17019
17031
17031
17034
17037
17037
17037
17037
17040
17043
17043
17043
17049
17049
17061
17061
17064
17070
17070
17076
17079
17085
17091
17091
17097
17097
17103
17112
17112
17112
17112
17112
17112
17115
17115
17121
17121
17124
17130
17136
17139
17148
17154
17157
17157
17157
17160
17160
17166
17169
17172
17172
17178
17184
17184
17184
17190
17193
17199
17199
17199
17199
17202
17205
17205
17208
17208
17208
17211
17217
17217
17217
17226
17226
17229
17229
17229
17238
17253
17253
17253
17262
17262
17265
17268
17268
17274
17277
17277
17280
17283
17283
17286
17286
17286
17289
17289
17289
17295
17298
17301
17307
17307
17310
17313
17319
17319
17322
17322
17322
17322
17325
17325
17328
17328
17331
17331
17337
17340
17346
17352
17361
17364
17370
17373
17376
17376
17379
17382
17382
17394
17394
17403
17403
17406
17409
17412
17415
17418
17424
17427
17427
17427
17430
17433
17433
17436
17439
17445
17445
17454
17457
17457
17457
17463
17463
17466
17466
17469
17478
17481
17481
17484
17484
17484
17487
17490
17493
17493
17496
17496
17496
17499
17502
17502
17505
17505
17505
17511
17511
17514
17523
17523
17529
17532
17535
17535
17538
17538
17547
17550
17550
17550
17553
17556
17556
17562
17562
17562
17565
17568
17574
17580
17580
17580
17580
17583
17589
17592
17595
17607
17619
17619
17625
17625
17631
17637
17637
17646
17646
17646
17649
17664
17667
17670
17673
17676
17679
17685
17685
17697
17697
17703
17706
17706
17712
17712
17718
17724
17724
17724
17724
17727
17730
17730
17730
17736
17736
17742
17742
17751
17754
17754
17757
17757
17760
17763
17763
17766
17766
17772
17772
17778
17778
17781
17781
17781
17787
17790
17796
17799
17802
17802
17802
17808
17808
17811
17814
17814
17817
17817
17820
17823
17826
17829
17829
17832
17832
17838
17838
17838
17841
17841
17847
17862
17865
17871
17871
17874
17880
17880
17880
17883
17886
17892
17892
17895
17898
17898
17898
17901
17907
17907
17910
17910
17913
17913
17916
17916
17919
17922
17931
17934
17937
17940
17943
17943
17943
17946
17946
17946
17949
17955
17958
17958
17961
17961
17961
17967
17976
17979
17982
17982
17982
17988
17988
17988
17988
17994
17997
17997
18000
18000
18003
18003
18006
18009
18012
18021
18021
18021
18027
18027
18027
18030
18030
18033
18033
18033
18042
18042
18042
18045
18045
18045
18048
18048
18048
18054
18054
18054
18057
18063
18063
18069
18072
18078
18078
18087
18090
18090
18096
18102
18102
18105
18105
18111
18114
18117
18117
18117
18120
18126
18126
18129
18129
18135
18138
18138
18138
18141
18147
18156
18159
18159
18165
18165
18165
18168
18171
18171
18174
18174
18177
18177
18183
18186
18186
18189
18192
18192
18195
18204
18207
18207
18207
18210
18213
18213
18216
18216
18216
18216
18219
18222
18225
18228
18237
18237
18237
18237
18237
18243
18243
18249
18249
18252
18252
18258
18258
18261
18264
18273
18273
18276
18276
18279
18279
18282
18288
18300
18300
18303
18303
18318
18321
18324
18339
18345
18345
18351
18363
18366
18369
18369
18372
18372
18375
18375
18378
18381
18384
18384
18384
18387
18387
18390
18390
18396
18399
18402
18414
18414
18417
18420
18420
18420
18423
18426
18426
18429
18438
18438
18441
18444
18447
18453
18456
18459
18462
18465
18465
18468
18471
18471
18471
18471
18474
18480
18483
18483
18489
18492
18495
18501
18504
18510
18510
18513
18516
18519
18522
18522
18528
18528
18531
18531
18531
18534
18534
18537
18543
18543
18546
18552
18552
18555
18561
18561
18567
18570
18573
18582
18585
18588
18588
18591
18594
18597
18600
18603
18603
18606
18609
18615
18621
18627
18627
18627
18633
18648
18648
18654
18660
18669
18672
18675
18678
18684
18684
18687
18693
18693
18696
18696
18702
18702
18708
18708
18714
18717
18720
18720
18726
18732
18735
18738
18741
18747
18753
18753
18753
18756
18756
18759
18759
18762
18765
18768
18774
18774
18780
18780
18792
18798
18798
18807
18807
18807
18807
18807
18807
18810
18810
18816
18816
18822
18840
18840
18840
18843
18843
18846
18858
18861
18861
18867
18867
18873
18885
18888
18888
18888
18891
18897
18897
18900
18906
18906
18906
18912
18915
18921
18927
18930
18954
18957
18957
18960
18960
18972
18975
18975
18978
18984
18987
18996
18996
19005
19005
19005
19005
19008
19008
19017
19017
19017
19017
19017
19023
19035
19038
19038
19038
19041
19041
19044
19044
19044
19047
19050
19050
19053
19056
19059
19062
19068
19071
19071
19074
19086
19089
19098
19101
19110
19110
19125
19125
19131
19137
19143
19146
19146
19146
19146
19149
19155
19161
19164
19167
19173
19173
19179
19179
19179
19185
19188
19188
19191
19191
19197
19200
19200
19209
19209
19221
19224
19224
19227
19227
19230
19230
19233
19233
19236
19236
19245
19245
19251
19251
19254
19254
19266
19266
19269
19275
19281
19284
19284
19287
19299
19305
19305
19305
19308
19308
19317
19320
19323
19323
19326
19332
19335
19335
19335
19335
19335
19338
19341
19344
19347
19350
19359
19362
19362
19365
19368
19368
19368
19368
19371
19371
19374
19374
19380
19380
19380
19383
19383
19395
19398
19398
19401
19404
19404
19407
19407
19413
19419
19419
19425
19428
19446
19446
19446
19449
19452
19455
19455
19455
19455
19458
19458
19461
19461
19464
19467
19470
19473
19473
19482
19485
19485
19485
19488
19488
19488
19488
19488
19494
19494
19497
19497
19500
19500
19506
19509
19509
19509
19509
19512
19524
19524
19536
19536
19539
19539
19548
19548
19548
19554
19557
19560
19569
19584
19584
19587
19590
19590
19596
19596
19602
19608
19611
19611
19611
19614
19614
19617
19620
19623
19626
19629
19629
19635
19638
19641
19644
19647
19650
19662
19662
19662
19665
19671
19674
19686
19686
19689
19689
19698
19701
19704
19704
19707
19707
19707
19710
19713
19719
19722
19728
19728
19740
19746
19749
19752
19755
19773
19776
19779
19785
19788
19788
19797
19809
19809
19809
19812
19818
19818
19818
19827
19830
19830
19833
19833
19836
19836
19839
19839
19842
19848
19848
19848
19848
19851
19851
19854
19860
19860
19863
19866
19869
19878
19878
19881
19884
19884
19890
19893
19896
19896
19896
19908
19914
19923
19923
19923
19923
19926
19932
19941
19947
19947
19953
19953
19956
19959
19959
19962
19965
19965
19971
19971
19971
19977
19980
19980
19980
19980
19980
19983
19983
19986
19986
19986
19992
19992
19995
19995
19998
20001
20004
20004
20007
20016
20016
20016
20016
20019
20025
20031
20031
20034
20043
20043
20043
20046
20049
20052
20058
20058
20064
20064
20067
20073
20076
20079
20085
20085
20094
20100
20100
20100
20103
20109
20115
20115
20124
20127
20133
20142
20148
20154
20154
20160
20160
20175
20184
20184
20193
20196
20196
20208
20211
20214
20214
20217
20220
20223
20232
20232
20235
20235
20235
20238
20238
20238
20238
20244
20250
20250
20256
20256
20259
20262
20262
20265
20265
20268
20271
20274
20277
20280
20280
20283
20286
20289
20292
20292
20295
20295
20295
20304
20316
20319
20322
20322
20328
20328
20331
20337
20340
20340
20340
20343
20346
20349
20352
20355
20358
20361
20364
20370
20370
20376
20379
20385
20385
20400
20400
20400
20403
20403
20406
20418
20424
20424
20427
20430
20436
20439
20442
20442
20445
20448
20460
20460
20472
20475
20475
20478
20478
20478
20487
20487
20487
20487
20490
20493
20493
20493
20499
20499
20526
20529
20532
20535
20547
20547
20550
20550
20553
20553
20559
20559
20559
20559
20562
20571
20571
20571
20577
20583
20592
20601
20601
20604
20610
20613
20613
20616
20619
20619
20625
20628
20628
20634
20637
20640
20640
20646
20649
20649
20652
20655
20655
20655
20664
20667
20676
20679
20682
20691
20697
20700
20700
20706
20706
20706
20712
20724
20727
20730
20730
20739
20745
20748
20751
20754
20754
20754
20757
20757
20769
20772
20772
20775
20775
20781
20784
20784
20787
20787
20787
20790
20793
20793
20796
20796
20802
20808
20808
20814
20814
20817
20823
20823
20829
20838
20844
20847
20847
20847
20847
20850
20853
20853
20856
20856
20862
20862
20865
20868
20874
20874
20877
20889
20889
20892
20892
20892
20895
20895
20898
20898
20907
20910
20913
20919
20919
20922
20931
20937
20940
20952
20952
20964
20967
20967
20967
20970
20979
20982
20985
20985
20985
20988
20988
20988
20991
21000
21000
21006
21009
21009
21009
21012
21018
21024
21027
21033
21033
21039
21039
21042
21054
21054
21057
21060
21060
21060
21060
21063
21063
21066
21069
21072
21075
21075
21078
21081
21087
21090
21090
21090
21102
21102
21105
21108
21108
21114
21117
21120
21126
21126
21129
21129
21132
21132
21138
21138
21138
21138
21147
21150
21150
21150
21153
21153
21153
21156
21156
21162
21165
21165
21171
21174
21180
21183
21186
21189
21192
21192
21198
21204
21207
21207
21207
21210
21210
21213
21216
21222
21222
21225
21228
21234
21243
21246
21252
21252
21258
21258
21261
21264
21270
21273
21273
21282
21282
21294
21294
21294
21294
21300
21303
21303
21309
21318
21318
21321
21321
21321
21324
21333
21336
21351
21357
21357
21360
21360
21372
21372
21372
21372
21381
21384
21384
21408
21408
21408
21414
21414
21417
21417
21429
21435
21438
21441
21441
21441
21441
21444
21447
21447
21453
21459
21459
21462
21462
21465
21471
21471
21474
21477
21483
21483
21486
21489
21492
21504
21504
21513
21516
21516
21519
21519
21519
21522
21531
21534
21537
21537
21540
21543
21543
21543
21552
21552
21555
21558
21558
21558
21561
21564
21567
21567
21573
21573
21579
21582
21585
21588
21588
21591
21591
21594
21597
21600
21600
21603
21603
21606
21606
21612
21615
21627
21627
21633
21639
21639
21645
21648
21651
21651
21654
21654
21657
21660
21660
21663
21666
21669
21669
21669
21672
21672
21675
21678
21681
21684
21684
21693
21693
21696
21696
21696
21702
21702
21702
21705
21705
21708
21708
21708
21711
21711
21711
21714
21714
21726
21726
21726
21732
21732
21738
21741
21744
21747
21747
21753
21753
21753
21759
21759
21762
21765
21768
21771
21771
21771
21777
21777
21780
21780
21780
21792
21795
21798
21804
21807
21819
21825
21828
21831
21831
21837
21837
21843
21843
21846
21852
21855
21855
21867
21867
21873
21873
21876
21882
21882
21885
21885
21885
21888
21894
21897
21897
21903
21903
21903
21909
21912
21915
21915
21924
21927
21930
21933
21933
21939
21939
21945
21945
21948
21951
21960
21963
21966
21969
21969
21969
21972
21975
21975
21975
21978
21987
21990
21990
21996
21996
22002
22011
22014
22017
22020
22026
22026
22029
22029
22032
22035
22035
22038
22038
22041
22041
22050
22053
22053
22059
22059
22062
22071
22071
22080
22083
22083
22083
22089
22092
22092
22095
22095
22095
22101
22104
22107
22110
22110
22119
22119
22125
22125
22131
22134
22137
22140
22140
22143
22143
22146
22146
22152
22155
22155
22155
22158
22158
22167
22170
22170
22173
22179
22179
22191
22197
22197
22197
22197
22212
22212
22218
22227
22233
22239
22239
22242
22245
22248
22251
22251
22251
22263
22266
22269
22275
22275
22275
22278
22278
22278
22281
22284
22284
22284
22290
22293
22293
22296
22311
22317
22320
22320
22326
22329
22332
22332
22332
22338
22338
22341
22344
22347
22350
22353
22353
22371
22380
22386
22392
22395
22395
22395
22398
22401
22401
22413
22440
22440
22440
22443
22446
22449
22452
22452
22452
22455
22455
22455
22455
22455
22455
22455
22461
22461
22461
22464
22467
22473
22473
22476
22479
22479
22479
22482
22485
22485
22488
22497
22497
22497
22500
22509
22512
22512
22512
22515
22515
22515
22518
22518
22518
22521
22524
22524
22524
22530
22533
22536
22536
22536
22539
22539
22542
22545
22545
22545
22548
22557
22560
22563
22566
22566
22575
22584
22587
22590
22593
22593
22593
22596
22599
22602
22602
22614
22614
22614
22614
22614
22614
22617
22617
22620
22620
22620
22623
22623
22623
22623
22632
22638
22641
22641
22647
22653
22659
22671
22674
22677
22680
22683
22683
22686
22689
22695
22698
22698
22698
22701
22704
22707
22710
22719
22725
22728
22731
22743
22746
22752
22752
22755
22758
22761
22764
22767
22767
22776
22776
22779
22779
22779
22785
22785
22785
22791
22797
22800
22800
22803
22806
22806
22806
22809
22812
22812
22821
22824
22824
22827
22830
22833
22839
22839
22839
22851
22854
22854
22857
22857
22860
22860
22860
22863
22863
22878
22890
22896
22899
22899
22899
22902
22905
22908
22908
22911
22914
22917
22917
22920
22920
22920
22923
22929
22932
22947
22947
22950
22956
22959
22965
22965
22974
22977
22977
22980
22980
22980
22983
22983
22986
22986
22992
23001
23004
23007
23016
23016
23016
23019
23028
23031
23034
23034
23034
23037
23037
23040
23043
23049
23049
23049
23055
23067
23070
23070
23079
23082
23085
23085
23088
23091
23097
23097
23097
23103
23106
23109
23109
23109
23109
23115
23118
23118
23130
23130
23130
23136
23139
23139
23145
23160
23163
23163
23163
23166
23169
23172
23175
23178
23181
23181
23190
23196
23202
23202
23211
23220
23223
23223
23226
23226
23229
23229
23229
23232
23235
23235
23235
23238
23238
23250
23250
23253
23253
23256
23256
23259
23265
23268
23268
23271
23280
23280
23280
23283
23286
23289
23292
23292
23307
23310
23313
23313
23316
23319
23322
23322
23325
23325
23328
23328
23331
23331
23331
23334
23340
23340
23340
23343
23346
23352
23355
23364
23367
23367
23370
23373
23376
23376
23379
23379
23379
23382
23382
23391
23391
23397
23403
23403
23406
23412
23412
23418
23421
23424
23427
23427
23427
23433
23433
23433
23433
23436
23436
23442
23445
23448
23448
23448
23448
23448
23451
23454
23454
23457
23460
23460
23463
23463
23475
23481
23481
23484
23487
23490
23499
23499
23499
23505
23505
23511
23514
23514
23517
23517
23520
23520
23523
23523
23529
23529
23538
23541
23541
23547
23553
23556
23556
23559
23562
23565
23568
23568
23571
23574
23574
23577
23577
23580
23580
23583
23583
23583
23583
23586
23586
23589
23592
23595
23598
23604
23604
23604
23604
23610
23613
23613
23616
23619
23625
23625
23625
23628
23628
23628
23631
23637
23637
23646
23646
23646
23652
23652
23652
23652
23652
23652
23652
23655
23655
23658
23661
23661
23667
23670
23673
23676
23676
23679
23685
23688
23697
23712
23712
23721
23724
23727
23733
23739
23742
23745
23745
23745
23751
23751
23754
23757
23760
23763
23769
23772
23772
23775
23775
23775
23778
23778
23781
23781
23781
23787
23796
23796
23799
23805
23811
23814
23814
23817
23823
23826
23826
23832
23832
23835
23835
23838
23844
23847
23847
23853
23859
23862
23862
23862
23868
23868
23871
23871
23877
23877
23886
23886
23889
23892
23901
23925
23925
23928
23928
23931
23937
23940
23943
23946
23946
23949
23949
23952
23952
23973
23976
23985
23988
23988
23988
23991
23994
24003
24003
24006
24009
24012
24015
24015
24015
24015
24018
24024
24036
24036
24036
24039
24042
24042
24045
24051
24051
24051
24054
24057
24057
24063
24066
24066
24069
24069
24069
24069
24078
24078
24084
24084
24087
24090
24099
24102
24108
24108
24111
24111
24114
24114
24114
24117
24117
24117
24120
24123
24123
24126
24132
24138
24141
24144
24144
24147
24150
24153
24159
24159
24159
24159
24162
24168
24168
24168
24171
24171
24171
24171
24174
24180
24180
24183
24192
24192
24195
24198
24201
24201
24210
24216
24222
24222
24222
24222
24225
24228
24228
24231
24234
24240
24243
24243
24243
24243
24246
24246
24246
24246
24252
24255
24255
24258
24261
24261
24264
24264
24276
24276
24276
24276
24279
24282
24285
24288
24288
24294
24294
24294
24300
24309
24312
24318
24321
24321
24324
24327
24327
24330
24333
24333
24333
24336
24336
24345
24345
24345
24354
24357
24360
24360
24363
24363
24366
24366
24366
24369
24369
24369
24372
24372
24381
24384
24387
24387
24387
24396
24402
24405
24408
24411
24414
24417
24420
24423
24423
24423
24423
24426
24426
24429
24432
24432
24438
24441
24444
24450
24453
24453
24459
24462
24465
24465
24471
24474
24477
24477
24477
24480
24480
24483
24483
24489
24489
24492
24495
24498
24504
24510
24516
24519
24522
24522
24522
24522
24525
24531
24531
24531
24531
24540
24543
24546
24549
24549
24552
24555
24555
24558
24558
24561
24561
24561
24567
24570
24570
24573
24579
24579
24585
24588
24588
24588
24591
24591
24594
24597
24606
24606
24606
24609
24609
24609
24615
24615
24618
24618
24621
24621
24630
24642
24645
24645
24648
24660
24663
24669
24672
24672
24675
24687
24696
24702
24702
24705
24708
24711
24714
24720
24720
24723
24729
24732
24732
24735
24738
24747
24750
24750
24753
24753
24756
24759
24759
24765
24765
24771
24777
24777
24777
24777
24780
24780
24780
24783
24789
24789
24789
24795
24807
24807
24807
24810
24810
24813
24816
24819
24822
24825
24825
24828
24828
24828
24831
24834
24837
24840
24843
24849
24849
24855
24858
24861
24870
24870
24873
24876
24876
24882
24891
24891
24891
24891
24894
24897
24900
24906
24906
24909
24912
24912
24912
24915
24918
24918
24921
24930
24933
24936
24936
24936
24939
24939
24942
24942
24945
24948
24951
24951
24951
24957
24957
24957
24960
24969
24969
24972
24972
24975
24975
24981
24987
24987
24987
24987
25002
25002
25008
25008
25011
25014
25014
25017
25017
25020
25020
25026
25038
25044
25053
25056
25056
25056
25059
25062
25065
25068
25068
25074
25080
25083
25083
25086
25095
25098
25101
25104
25104
25104
25104
25110
25110
25110
25122
25122
25125
25128
25131
25134
25152
25155
25161
25164
25170
25173
25173
25176
25176
25176
25176
25182
25188
25194
25194
25200
25200
25203
25206
25212
25221
25221
25221
25233
25236
25239
25245
25251
25251
25260
25263
25266
25266
25269
25269
25272
25272
25272
25278
25278
25278
25281
25284
25290
25290
25293
25293
25296
25296
25302
25305
25305
25308
25308
25314
25314
25317
25323
25323
25326
25329
25329
25335
25335
25338
25341
25344
25344
25344
25347
25347
25353
25353
25356
25362
25368
25371
25374
25380
25383
25389
25395
25398
25398
25398
25404
25407
25410
25410
25416
25419
25422
25422
25425
25428
25428
25431
25434
25434
25440
25449
25452
25467
25470
25470
25470
25470
25476
25476
25476
25476
25479
25479
25479
25485
25485
25488
25497
25497
25497
25497
25500
25500
25512
25515
25515
25518
25518
25524
25527
25530
25530
25530
25536
25536
25536
25539
25542
25545
25545
25554
25557
25557
25560
25566
25566
25572
25575
25575
25575
25581
25587
25590
25593
25596
25599
25608
25611
25614
25614
25614
25617
25629
25632
25635
25644
25644
25647
25653
25653
25659
25662
25662
25671
25674
25677
25680
25680
25680
25680
25683
25683
25686
25692
25695
25695
25698
25698
25701
25707
25707
25710
25713
25713
25713
25722
25728
25731
25734
25737
25737
25740
25749
25755
25758
25758
25758
25761
25761
25764
25764
25767
25767
25770
25773
25773
25773
25779
25779
25779
25785
25791
25791
25791
25794
25800
25800
25815
25818
25821
25821
25830
25830
25830
25836
25839
25842
25842
25845
25845
25845
25854
25860
25863
25863
25866
25869
25869
25872
25872
25881
25890
25893
25893
25893
25896
25899
25899
25902
25908
25908
25908
25911
25914
25917
25917
25920
25926
25926
25929
25941
25941
25941
25947
25950
25956
25959
25962
25962
25968
25971
25971
25971
25974
25974
25986
25986
25992
25998
25998
26010
26019
26019
26019
26028
26028
26031
26037
26043
26046
26049
26055
26055
26055
26058
26061
26061
26067
26067
26070
26076
26082
26088
26088
26091
26094
26097
26100
26100
26103
26106
26121
26121
26127
26127
26130
26148
26157
26160
26163
26163
26166
26166
26166
26175
26178
26181
26190
26193
26193
26199
26199
26202
26202
26205
26208
26211
26211
26211
26211
26214
26214
26217
26217
26223
26229
26232
26235
26238
26238
26238
26238
26241
26241
26244
26247
26247
26250
26250
26253
26259
26262
26262
26268
26271
26274
26280
26280
26280
26283
26283
26283
26286
26289
26289
26292
26295
26298
26301
26304
26304
26304
26307
26307
26310
26313
26313
26325
26328
26328
26331
26331
26334
26337
26340
26343
26346
26349
26352
26358
26358
26364
26364
26364
26367
26367
26367
26376
26379
26382
26388
26388
26394
26397
26400
26400
26403
26406
26409
26412
26415
26421
26421
26436
26436
26439
26442
26445
26457
26457
26457
26457
26460
26463
26466
26472
26475
26481
26484
26484
26487
26493
26493
26508
26508
26514
26514
26520
26520
26523
26526
26526
26529
26532
26535
26535
26538
26538
26538
26541
26541
26541
26541
26547
26550
26553
26559
26559
26562
26568
26571
26571
26589
26595
26595
26595
26601
26601
26607
26610
26613
26613
26613
26616
26619
26622
26628
26628
26628
26628
26637
26640
26652
26658
26658
26658
26658
26661
26661
26661
26664
26664
26676
26676
26679
26679
26691
26691
26694
26697
26706
26712
26718
26718
26724
26742
26742
26748
26748
26748
26748
26748
26751
26763
26766
26775
26790
26790
26796
26802
26802
26802
26808
26811
26814
26823
26826
26832
26832
26838
26838
26841
26850
26850
26850
26853
26859
26862
26865
26868
26868
26868
26868
26871
26871
26871
26871
26871
26871
26874
26874
26877
26877
26877
26880
26880
26907
26907
26910
26919
26919
26922
26922
26925
26925
26925
26928
26928
26931
26931
26931
26937
26937
26940
26940
26940
26943
26943
26946
26952
26952
26955
26955
26958
26958
26961
26967
26970
26970
26970
26970
26973
26976
26979
26979
26982
26985
26988
26988
26988
26988
26988
26991
26991
26991
26994
26994
27003
27006
27009
27009
27012
27015
27018
27030
27030
27033
27042
27054
27054
27063
27066
27069
27078
27081
27081
27081
27081
27081
27084
27084
27090
27090
27096
27096
27099
27099
27105
27108
27108
27111
27114
27117
27117
27123
27132
27138
27144
27147
27147
27153
27153
27159
27162
27165
27165
27165
27171
27171
27177
27180
27183
27189
27201
27201
27204
27207
27207
27210
27210
27216
27222
27225
27228
27234
27234
27234
27240
27243
27246
27252
27258
27261
27261
27267
27273
27273
27273
27276
27282
27282
27285
27288
27297
27297
27303
27309
27312
27315
27321
27321
27321
27324
27324
27327
27327
27330
27330
27336
27336
27339
27342
27345
27348
27348
27354
27357
27357
27357
27357
27360
27360
27369
27369
27372
27372
27372
27372
27375
27378
27381
27381
27387
27390
27390
27393
27393
27396
27402
27405
27408
27408
27414
27414
27417
27420
27420
27420
27423
27429
27438
27438
27444
27447
27450
27453
27456
27459
27459
27471
27471
27477
27483
27483
27483
27483
27486
27492
27501
27504
27507
27513
27513
27516
27522
27522
27522
27528
27528
27531
27534
27537
27537
27540
27540
27543
27546
27546
27555
27558
27561
27561
27561
27564
27567
27570
27570
27576
27579
27579
27585
27585
27588
27591
27597
27597
27600
27603
27606
27606
27612
27615
27618
27618
27621
27621
27630
27633
27633
27639
27639
27642
27645
27645
27645
27645
27654
27660
27660
27663
27663
27666
27669
27675
27675
27675
27678
27678
27681
27684
27687
27687
27693
27693
27696
27699
27708
27708
27711
27711
27714
27714
27714
27738
27747
27759
27765
27765
27765
27768
27768
27771
27771
27780
27783
27789
27789
27795
27795
27795
27801
27801
27801
27801
27807
27807
27810
27813
27813
27819
27819
27822
27828
27834
27837
27837
27840
27840
27843
27846
27852
27858
27867
27870
27870
27870
27873
27885
27888
27894
27894
27894
27900
27900
27909
27909
27909
27912
27912
27912
27915
27918
27918
27918
27924
27924
27924
27924
27930
27933
27936
27939
27942
27954
27960
27963
27969
27969
27972
27975
27975
27975
27978
27981
27981
27990
27993
28002
28002
28005
28005
28011
28014
28014
28017
28017
28017
28020
28029
28029
28029
28032
28032
28044
28047
28047
28050
28056
28059
28059
28062
28062
28062
28071
28074
28080
28089
28092
28095
28098
28098
28107
28122
28125
28128
28128
28131
28131
28134
28137
28137
28143
28152
28158
28161
28167
28167
28170
28173
28173
28176
28179
28182
28185
28188
28188
28188
28191
28191
28194
28206
28209
28209
28215
28218
28218
28221
28224
28224
28230
28233
28233
28233
28236
28239
28239
28239
28239
28242
28242
28245
28248
28251
28251
28260
28266
28272
28278
28278
28284
28284
28287
28293
28293
28296
28299
28305
28305
28308
28311
28311
28317
28317
28320
28320
28323
28326
28329
28335
28335
28341
28344
28347
28353
28356
28356
28359
28362
28365
28365
28365
28371
28374
28374
28377
28380
28383
28383
28386
28386
28386
28389
28389
28392
28395
28398
28401
28401
28413
28416
28422
28422
28434
28434
28437
28440
28443
28443
28449
28449
28452
28458
28461
28464
28467
28467
28470
28473
28476
28482
28485
28491
28494
28494
28497
28500
28503
28509
28509
28509
28509
28512
28512
28518
28518
28521
28527
28527
28527
28533
28536
28548
28551
28557
28560
28560
28566
28566
28569
28569
28569
28572
28578
28584
28584
28584
28584
28587
28599
28599
28602
28608
28608
28611
28611
28611
28611
28614
28620
28626
28629
28632
28638
28644
28644
28650
28653
28653
28668
28668
28674
28677
28683
28689
28689
28692
28695
28698
28701
28704
28704
28716
28719
28722
28722
28725
28725
28731
28737
28737
28752
28761
28761
28764
28764
28767
28767
28782
28782
28782
28785
28788
28791
28797
28800
28803
28806
28806
28809
28809
28812
28815
28815
28821
28824
28824
28827
28836
28836
28836
28836
28836
28836
28839
28842
28842
28857
28857
28857
28860
28863
28869
28872
28884
28890
28890
28893
28893
28893
28899
28899
28899
28902
28902
28911
28920
28929
28932
28935
28935
28938
28944
28947
28950
28953
28956
28959
28962
28965
28965
28968
28974
28977
28977
28980
28983
28983
28986
28989
28989
28992
28992
28992
28995
29001
29001
29004
29004
29007
29007
29007
29016
29019
29025
29025
29025
29028
29031
29031
29031
29046
29049
29049
29052
29052
29055
29058
29064
29064
29064
29067
29073
29076
29076
29082
29082
29088
29091
29100
29100
29103
29103
29103
29106
29109
29112
29124
29124
29124
29127
29127
29127
29130
29130
29133
29139
29139
29142
29145
29145
29148
29148
29151
29154
29157
29160
29163
29172
29172
29175
29175
29178
29181
29184
29184
29193
29196
29199
29205
29205
29205
29205
29211
29211
29217
29223
29226
29226
29229
29235
29235
29238
29238
29244
29247
29247
29247
29250
29256
29256
29256
29265
29271
29271
29274
29277
29277
29277
29286
29286
29289
29292
29295
29298
29307
29310
29310
29313
29313
29319
29319
29319
29328
29328
29331
29331
29340
29343
29349
29352
29364
29367
29367
29376
29382
29385
29388
29391
29391
29394
29394
29397
29397
29397
29400
29403
29403
29406
29406
29415
29415
29418
29421
29424
29424
29427
29436
29436
29439
29439
29445
29445
29445
29445
29457
29457
29460
29460
29460
29463
29466
29469
29478
29487
29490
29490
29493
29496
29505
29505
29514
29520
29523
29529
29532
29538
29538
29541
29541
29544
29544
29547
29547
29550
29553
29556
29556
29559
29568
29571
29571
29574
29577
29583
29583
29586
29589
29592
29595
29598
29598
29601
29604
29604
29607
29610
29613
29619
29619
29625
29628
29628
29628
29631
29634
29637
29640
29643
29652
29652
29655
29658
29658
29661
29667
29670
29676
29676
29676
29679
29685
29688
29688
29694
29706
29709
29709
29715
29715
29721
29724
29745
29745
29754
29757
29763
29763
29763
29763
29766
29769
29772
29775
29778
29796
29805
29814
29823
29826
29829
29832
29832
29838
29838
29844
29859
29865
29868
29868
29871
29889
29895
29898
29901
29904
29904
29907
29910
29910
29916
29916
29919
29922
29922
29925
29928
29931
29931
29934
29934
29937
29943
29943
29946
29946
29949
29952
29958
29961
29967
29967
29976
29979
29982
29982
29982
30006
30033
30036
30045
30054
30054
30063
30066
30066
30069
30069
30069
30075
30078
30078
30081
30081
30081
30084
30087
30087
30090
30093
30096
30096
30099
30105
30108
30108
30111
30114
30114
30126
30126
30126
30126
30126
30126
30129
30135
30138
30138
30141
30147
30147
30150
30153
30156
30156
30159
30162
30162
30162
30162
30165
30165
30171
30174
30174
30186
30189
30192
30198
30204
30207
30207
30210
30213
30216
30219
30225
30225
30225
30234
30240
30240
30243
30243
30243
30243
30249
30249
30252
30264
30264
30267
30270
30270
30276
30276
30291
30291
30297
30300
30309
30312
30315
30318
30321
30327
30327
30327
30330
30333
30333
30333
30333
30336
30342
30348
30351
30354
30369
30372
30378
30378
30381
30384
30384
30384
30390
30393
30393
30393
30396
30402
30402
30402
30405
30408
30408
30411
30426
30426
30426
30438
30441
30447
30447
30450
30450
30462
30462
30471
30471
30471
30471
30474
30480
30480
30480
30489
30489
30495
30498
30498
30498
30498
30501
30507
30510
30513
30513
30516
30516
30516
30522
30522
30525
30525
30531
30534
30537
30537
30540
30540
30549
30552
30552
30555
30558
30561
30564
30570
30570
30573
30576
30582
30585
30591
30591
30591
30597
30597
30600
30609
30618
30618
30621
30621
30627
30627
30633
30642
30645
30648
30651
30654
30657
30657
30660
30663
30663
30669
30669
30672
30672
30675
30678
30678
30678
30678
30687
30687
30687
30696
30699
30702
30708
30714
30714
30720
30723
30726
30726
30729
30732
30735
30735
30735
30738
30747
30747
30750
30750
30762
30765
30771
30777
30777
30783
30786
30789
30792
30792
30792
30795
30801
30801
30807
30810
30813
30813
30813
30816
30819
30837
30843
30843
30843
30852
30864
30867
30870
30873
30876
30876
30876
30879
30885
30897
30897
30900
30909
30909
30909
30912
30918
30918
30921
30924
30924
30924
30936
30939
30942
30945
30948
30957
30960
30963
30966
30966
30969
30972
30978
30978
30978
30981
30981
30990
30993
30993
30993
30996
30999
31002
31005
31008
31014
31014
31017
31020
31020
31020
31023
31026
31026
31026
31026
31032
31038
31038
31041
31044
31047
31050
31053
31056
31059
31065
31068
31074
31074
31080
31080
31086
31089
31092
31095
31098
31098
31098
31113
31116
31128
31137
31140
31140
31140
31143
31146
31161
31161
31167
31167
31170
31179
31182
31188
31191
31194
31194
31194
31203
31203
31206
31209
31209
31212
31215
31215
31215
31221
31224
31227
31236
31242
31242
31242
31245
31248
31251
31251
31254
31254
31254
31254
31257
31263
31263
31263
31266
31269
31272
31275
31281
31281
31281
31287
31290
31293
31293
31296
31296
31299
31299
31299
31305
31305
31311
31311
31314
31317
31320
31320
31320
31338
31338
31347
31350
31350
31353
31353
31353
31356
31362
31365
31374
31380
31389
31389
31392
31392
31395
31398
31398
31401
31404
31407
31410
31416
31422
31440
31443
31443
31446
31449
31452
31455
31458
31464
31467
31467
31470
31473
31473
31479
31482
31488
31488
31497
31497
31500
31500
31506
31509
31512
31512
31518
31530
31533
31539
31542
31545
31557
31560
31563
31566
31566
31569
31569
31572
31575
31575
31578
31584
31587
31587
31590
31590
31605
31605
31608
31611
31611
31611
31614
31614
31614
31620
31620
31626
31632
31632
31638
31644
31644
31644
31647
31647
31647
31650
31656
31659
31662
31662
31665
31665
31665
31668
31674
31677
31683
31689
31692
31695
31695
31695
31698
31704
31722
31722
31725
31743
31746
31755
31755
31755
31758
31758
31758
31767
31770
31770
31773
31776
31776
31779
31788
31794
31800
31800
31800
31809
31809
31809
31812
31815
31815
31815
31821
31821
31824
31827
31836
31839
31842
31845
31845
31854
31857
31860
31860
31863
31863
31866
31875
31875
31878
31878
31881
31887
31893
31896
31899
31899
31905
31905
31908
31908
31911
31911
31914
31917
31926
31929
31929
31932
31935
31941
31941
31941
31950
31950
31950
31968
31971
31971
31977
31977
31983
31983
31986
31986
31989
31998
31998
32001
32001
32001
32004
32004
32004
32007
32007
32007
32013
32016
32016
32016
32022
32025
32025
32028
32040
32043
32043
32043
32043
32046
32046
32046
32046
32046
32055
32064
32067
32070
32070
32076
32079
32079
32079
32082
32082
32085
32085
32088
32091
32097
32097
32100
32100
32103
32106
32106
32109
32109
32112
32112
32112
32118
32127
32130
32130
32130
32130
32139
32142
32151
32151
32154
32154
32154
32157
32160
32163
32166
32166
32169
32172
32175
32178
32178
32181
32181
32184
32187
32193
32193
32193
32193
32196
32196
32196
32202
32205
32208
32208
32214
32214
32214
32217
32220
32223
32229
32247
32253
32256
32256
32262
32271
32274
32277
32277
32280
32286
32289
32289
32292
32298
32298
32298
32298
32304
32304
32307
32310
32316
32325
32325
32328
32331
32331
32337
32340
32340
32340
32346
32349
32352
32352
32355
32358
32358
32358
32358
32361
32367
32370
32370
32373
32373
32373
32379
32382
32385
32385
32385
32388
32391
32391
32391
32394
32397
32397
32397
32403
32403
32409
32409
32412
32415
32415
32418
32424
32424
32430
32430
32430
32433
32436
32439
32448
32448
32451
32454
32454
32457
32457
32460
32460
32463
32466
32469
32475
32475
32478
32478
32481
32481
32487
32493
32496
32496
32496
32496
32499
32499
32502
32508
32508
32514
32523
32523
32532
32535
32535
32541
32550
32550
32562
32565
32568
32571
32571
32574
32574
32580
32586
32589
32595
32595
32595
32601
32601
32601
32604
32610
32613
32616
32619
32625
32625
32628
32628
32631
32634
32637
32637
32643
32646
32646
32649
32649
32655
32658
32658
32661
32664
32664
32664
32664
32664
32673
32673
32679
32682
32682
32688
32694
32694
32700
32706
32706
32706
32706
32709
32709
32712
32712
32715
32715
32724
32724
32727
32733
32733
32733
32736
32739
32739
32745
32760
32763
32763
32766
32766
32766
32769
32769
32781
32787
32793
32793
32796
32799
32802
32805
32811
32811
32817
32817
32817
32817
32823
32826
32826
32826
32829
32829
32829
32835
32841
32844
32847
32847
32850
32850
32853
32856
32859
32862
32862
32862
32868
32871
32871
32874
32874
32880
32880
32880
32883
32883
32883
32892
32895
32904
32910
32910
32913
32913
32916
32916
32922
32925
32925
32928
32931
32931
32934
32937
32937
32940
32940
32943
32949
32949
32952
32952
32955
32955
32961
32964
32964
32967
32970
32970
32973
32973
32982
32982
32982
32982
32982
32982
32988
32991
32991
32994
