12000
0
0
3
6
12
18
21
24
24
24
30
33
33
36
36
42
54
57
69
69
72
78
84
84
87
87
90
93
93
96
99
102
102
105
108
108
117
117
120
120
120
126
126
129
135
138
141
141
147
147
156
159
162
165
168
174
174
177
177
180
180
183
186
186
192
198
198
201
201
204
210
213
213
213
216
219
222
222
225
228
231
243
246
264
270
270
270
273
273
273
276
282
285
288
288
291
294
294
294
294
303
303
309
312
315
318
318
321
321
327
327
327
330
330
333
354
363
366
366
366
369
372
372
372
381
381
387
390
390
390
393
393
396
396
399
408
414
417
417
417
420
423
426
426
426
426
429
435
438
438
444
444
447
447
450
453
453
456
462
462
465
471
474
474
474
480
480
480
480
483
483
492
504
504
504
504
507
510
516
516
522
528
528
531
534
534
534
537
537
540
540
549
552
558
561
573
579
582
600
600
600
603
606
606
606
609
621
624
627
630
633
633
636
639
639
645
645
648
648
651
657
660
660
663
663
663
669
672
672
675
678
678
678
684
687
687
693
699
702
702
702
705
714
717
720
726
726
726
729
732
732
741
747
750
750
750
753
753
759
765
765
768
780
780
780
786
789
798
801
801
801
807
807
813
813
813
816
819
819
822
825
825
828
831
831
834
837
837
840
846
846
870
876
876
876
879
879
885
888
888
891
894
894
897
897
897
900
906
912
915
924
924
924
939
942
942
945
951
951
957
963
966
966
969
969
972
975
978
978
981
981
984
999
1005
1008
1008
1020
1020
1029
1032
1041
1041
1041
1047
1050
1050
1050
1053
1056
1059
1062
1062
1065
1071
1074
1074
1077
1086
1092
1092
1092
1095
1098
1101
1110
1131
1134
1134
1137
1137
1143
1143
1146
1152
1158
1161
1164
1167
1176
1176
1179
1188
1188
1188
1194
1194
1197
1197
1200
1203
1212
1212
1215
1221
1221
1221
1233
1236
1236
1242
1245
1263
1263
1269
1269
1269
1272
1275
1281
1284
1284
1287
1293
1296
1305
1305
1311
1311
1320
1329
1332
1335
1341
1344
1344
1347
1353
1353
1356
1359
1362
1371
1374
1374
1380
1380
1383
1392
1392
1395
1395
1398
1398
1404
1410
1413
1413
1419
1422
1428
1431
1434
1437
1440
1440
1443
1443
1443
1449
1455
1455
1458
1458
1461
1461
1461
1464
1470
1473
1476
1482
1485
1488
1491
1494
1497
1500
1500
1503
1506
1506
1509
1509
1512
1512
1512
1515
1515
1518
1518
1524
1527
1527
1527
1539
1548
1554
1560
1566
1566
1566
1569
1572
1578
1578
1581
1584
1584
1587
1590
1596
1599
1602
1611
1614
1617
1617
1620
1620
1620
1620
1620
1626
1629
1635
1641
1641
1644
1644
1644
1647
1647
1650
1650
1653
1653
1662
1662
1662
1668
1674
1677
1677
1683
1683
1686
1689
1692
1701
1710
1722
1722
1722
1728
1737
1737
1737
1737
1746
1746
1752
1752
1755
1755
1758
1761
1767
1767
1770
1773
1776
1782
1785
1797
1803
1806
1809
1812
1815
1815
1818
1821
1827
1827
1830
1839
1842
1848
1851
1851
1854
1854
1854
1857
1857
1860
1860
1860
1863
1863
1866
1869
1869
1875
1881
1884
1884
1890
1890
1899
1902
1902
1902
1905
1908
1908
1911
1923
1923
1935
1941
1944
1950
1950
1950
1950
1956
1959
1971
1974
1980
1992
1992
1992
2004
2007
2016
2016
2019
2037
2037
2040
2040
2043
2043
2049
2049
2049
2055
2055
2055
2058
2061
2064
2064
2064
2064
2088
2088
2097
2103
2106
2115
2118
2124
2127
2127
2133
2133
2133
2136
2139
2139
2151
2154
2160
2160
2163
2163
2163
2166
2172
2172
2175
2175
2175
2175
2175
2178
2184
2184
2187
2193
2202
2202
2205
2205
2208
2211
2211
2211
2214
2223
2223
2229
2235
2238
2241
2244
2262
2265
2265
2268
2271
2271
2274
2274
2280
2280
2283
2283
2286
2286
2289
2289
2292
2292
2295
2298
2307
2310
2310
2313
2316
2319
2319
2322
2322
2328
2331
2331
2331
2331
2331
2331
2334
2340
2340
2343
2346
2346
2346
2349
2352
2352
2352
2352
2355
2358
2361
2361
2364
2364
2364
2364
2367
2370
2376
2376
2376
2376
2379
2382
2382
2385
2391
2394
2397
2400
2403
2409
2409
2409
2415
2415
2415
2418
2421
2421
2424
2427
2430
2433
2436
2445
2451
2454
2457
2457
2463
2472
2475
2475
2475
2478
2478
2478
2478
2481
2484
2487
2490
2496
2496
2499
2499
2505
2505
2511
2511
2511
2514
2514
2517
2526
2529
2535
2538
2538
2541
2544
2550
2550
2553
2556
2562
2574
2580
2589
2592
2592
2595
2595
2595
2595
2598
2598
2604
2610
2613
2619
2619
2625
2628
2628
2628
2628
2634
2637
2637
2655
2676
2676
2676
2679
2688
2691
2691
2691
2697
2697
2703
2703
2706
2706
2706
2709
2709
2712
2718
2724
2730
2733
2733
2733
2739
2742
2748
2748
2754
2754
2760
2760
2763
2763
2766
2769
2772
2778
2784
2793
2793
2796
2796
2796
2796
2802
2805
2808
2814
2814
2817
2820
2823
2829
2832
2838
2841
2847
2847
2847
2850
2850
2850
2856
2868
2871
2871
2874
2877
2877
2880
2886
2892
2895
2895
2898
2901
2901
2901
2910
2916
2916
2919
2922
2925
2925
2925
2928
2931
2931
2931
2934
2934
2940
2940
2940
2940
2946
2946
2949
2955
2958
2961
2961
2961
2964
2967
2967
2973
2976
2979
2979
2985
2988
3000
3000
3003
3012
3012
3015
3021
3027
3030
3030
3033
3036
3039
3042
3042
3042
3048
3051
3051
3054
3063
3063
3066
3066
3069
3081
3081
3093
3096
3102
3102
3105
3111
3117
3117
3120
3123
3126
3132
3138
3150
3159
3159
3159
3159
3165
3168
3171
3183
3186
3186
3189
3189
3189
3189
3192
3207
3210
3216
3219
3222
3225
3225
3234
3234
3234
3237
3237
3237
3240
3243
3243
3243
3246
3246
3258
3258
3261
3261
3270
3270
3273
3273
3276
3276
3276
3279
3282
3282
3285
3288
3294
3294
3297
3297
3303
3306
3306
3309
3315
3318
3318
3321
3321
3324
3324
3324
3327
3330
3333
3339
3342
3342
3351
3354
3354
3354
3357
3363
3366
3369
3369
3369
3369
3372
3372
3375
3375
3378
3384
3384
3384
3384
3387
3405
3405
3408
3411
3414
3414
3420
3420
3420
3429
3429
3435
3435
3438
3438
3441
3444
3447
3447
3447
3447
3459
3459
3459
3465
3471
3471
3477
3477
3480
3483
3483
3489
3495
3498
3498
3501
3501
3504
3507
3510
3513
3519
3519
3522
3525
3534
3537
3537
3549
3552
3564
3564
3564
3564
3573
3576
3576
3576
3576
3588
3588
3591
3594
3594
3594
3597
3597
3600
3600
3603
3606
3609
3609
3612
3615
3615
3618
3618
3621
3621
3624
3627
3627
3633
3639
3639
3648
3651
3657
3657
3660
3663
3666
3669
3675
3675
3675
3675
3678
3681
3687
3690
3699
3699
3708
3711
3714
3714
3717
3723
3723
3726
3729
3732
3732
3732
3732
3735
3738
3738
3741
3741
3762
3765
3765
3765
3774
3777
3783
3789
3792
3795
3795
3798
3798
3804
3807
3810
3816
3819
3819
3822
3828
3831
3843
3843
3849
3849
3861
3861
3867
3867
3873
3873
3876
3882
3882
3882
3888
3891
3891
3894
3903
3909
3912
3915
3924
3924
3927
3930
3936
3939
3942
3942
3945
3951
3951
3954
3957
3960
3960
3963
3966
3969
3969
3972
3975
3975
3975
3975
3978
3981
3984
3987
3987
3987
3987
3999
4002
4008
4008
4011
4014
4017
4017
4020
4026
4029
4032
4038
4038
4041
4041
4047
4047
4053
4053
4056
4062
4062
4065
4071
4074
4083
4083
4089
4095
4095
4098
4104
4104
4104
4113
4116
4125
4125
4134
4137
4137
4143
4146
4146
4149
4158
4158
4167
4170
4170
4176
4176
4179
4182
4185
4188
4194
4194
4200
4200
4203
4209
4212
4218
4224
4224
4227
4227
4230
4233
4233
4236
4236
4236
4239
4239
4242
4251
4251
4251
4257
4263
4269
4269
4275
4278
4278
4278
4284
4284
4287
4293
4293
4296
4299
4302
4308
4311
4314
4317
4317
4320
4320
4323
4326
4332
4335
4338
4338
4338
4341
4344
4347
4347
4353
4353
4353
4353
4365
4371
4374
4374
4377
4386
4386
4386
4389
4392
4392
4395
4395
4395
4404
4407
4419
4425
4434
4437
4440
4440
4440
4443
4449
4449
4452
4452
4455
4455
4461
4467
4470
4473
4473
4473
4476
4476
4485
4488
4491
4491
4494
4497
4497
4500
4500
4500
4503
4509
4509
4509
4509
4512
4512
4515
4515
4515
4521
4521
4521
4524
4524
4524
4527
4530
4536
4536
4539
4545
4545
4545
4548
4548
4554
4554
4560
4560
4563
4566
4566
4572
4584
4584
4587
4590
4590
4596
4599
4611
4614
4614
4617
4620
4623
4626
4626
4632
4635
4635
4644
4650
4662
4665
4665
4668
4671
4677
4677
4677
4677
4677
4680
4680
4683
4689
4692
4695
4698
4701
4701
4701
4710
4713
4719
4722
4725
4725
4728
4734
4734
4746
4749
4752
4752
4752
4761
4767
4767
4773
4773
4779
4779
4785
4785
4788
4794
4800
4806
4806
4809
4812
4812
4815
4815
4818
4821
4824
4830
4830
4830
4833
4833
4836
4836
4836
4839
4842
4842
4848
4851
4860
4860
4863
4866
4872
4875
4875
4878
4881
4884
4890
4890
4905
4908
4914
4914
4914
4920
4920
4920
4923
4926
4929
4929
4929
4935
4941
4947
4950
4956
4956
4962
4965
4968
4971
4971
4977
4980
4980
4986
4998
4998
4998
4998
5001
5001
5007
5007
5016
5016
5019
5019
5019
5025
5028
5028
5037
5037
5043
5043
5046
5049
5049
5049
5049
5055
5058
5067
5070
5070
5076
5085
5088
5094
5097
5100
5100
5103
5106
5106
5109
5109
5115
5121
5127
5130
5130
5130
5130
5136
5139
5148
5148
5148
5148
5154
5154
5163
5166
5169
5169
5172
5172
5178
5181
5187
5190
5193
5202
5208
5208
5208
5208
5208
5211
5214
5214
5217
5220
5223
5229
5229
5232
5235
5238
5244
5253
5259
5259
5259
5265
5268
5274
5277
5277
5280
5280
5280
5286
5289
5292
5295
5298
5304
5307
5307
5307
5310
5310
5319
5319
5319
5322
5331
5340
5343
5352
5355
5355
5358
5358
5358
5361
5361
5364
5370
5373
5373
5376
5376
5388
5397
5397
5397
5403
5403
5406
5409
5412
5415
5418
5421
5421
5424
5424
5424
5427
5430
5430
5433
5436
5436
5439
5442
5445
5448
5451
5454
5457
5460
5466
5469
5478
5478
5481
5484
5484
5487
5487
5496
5496
5496
5499
5505
5511
5514
5517
5520
5520
5523
5523
5526
5526
5529
5547
5547
5547
5550
5553
5556
5556
5559
5565
5568
5568
5574
5580
5580
5583
5583
5586
5595
5601
5604
5610
5613
5613
5616
5619
5628
5628
5628
5631
5631
5631
5634
5634
5637
5643
5646
5652
5655
5658
5658
5658
5664
5664
5667
5670
5691
5694
5700
5703
5706
5712
5712
5712
5721
5724
5733
5739
5739
5739
5742
5742
5742
5748
5748
5748
5751
5751
5751
5754
5754
5754
5766
5769
5769
5772
5775
5787
5790
5793
5799
5802
5802
5802
5805
5808
5811
5814
5817
5820
5823
5829
5835
5838
5838
5838
5847
5850
5850
5850
5850
5862
5871
5877
5886
5889
5892
5895
5895
5898
5898
5907
5910
5916
5916
5919
5925
5925
5928
5928
5928
5928
5928
5937
5937
5937
5943
5952
5952
5952
5955
5958
5964
5970
5973
5973
5976
5976
5979
5982
5982
5985
5988
5988
5988
5988
5988
5991
5991
5991
5994
5994
5994
5997
6000
6000
6003
6006
6009
6012
6012
6015
6015
6018
6018
6021
6021
6027
6030
6033
6033
6051
6051
6054
6060
6063
6063
6066
6069
6069
6069
6069
6075
6078
6078
6090
6090
6093
6093
6096
6096
6096
6099
6102
6102
6105
6105
6108
6108
6111
6114
6114
6114
6114
6117
6117
6126
6132
6138
6144
6144
6150
6150
6156
6156
6159
6159
6165
6171
6171
6174
6177
6177
6180
6183
6183
6186
6189
6192
6192
6192
6201
6204
6207
6207
6207
6210
6213
6213
6216
6216
6219
6219
6222
6225
6225
6228
6234
6234
6246
6249
6252
6255
6261
6264
6267
6282
6285
6291
6294
6297
6300
6300
6303
6303
6309
6309
6309
6315
6321
6321
6333
6333
6333
6342
6345
6348
6348
6348
6354
6354
6357
6360
6366
6369
6369
6372
6372
6372
6375
6381
6384
6384
6387
6390
6390
6393
6393
6396
6396
6399
6399
6405
6408
6408
6417
6420
6420
6423
6423
6423
6423
6426
6432
6432
6435
6438
6441
6447
6456
6462
6465
6468
6471
6477
6480
6483
6486
6489
6489
6489
6492
6492
6495
6495
6495
6498
6498
6501
6501
6504
6504
6504
6516
6519
6519
6522
6522
6525
6525
6525
6528
6531
6531
6537
6540
6540
6543
6543
6543
6546
6552
6555
6555
6555
6558
6558
6561
6570
6570
6576
6579
6582
6588
6591
6591
6591
6591
6594
6597
6600
6600
6603
6606
6609
6618
6618
6618
6627
6630
6633
6645
6645
6645
6654
6654
6657
6663
6669
6669
6672
6672
6672
6675
6678
6678
6681
6687
6687
6690
6696
6705
6705
6705
6708
6714
6714
6714
6720
6723
6726
6726
6732
6732
6735
6735
6735
6738
6747
6750
6753
6759
6762
6762
6762
6762
6765
6765
6765
6768
6768
6771
6774
6777
6777
6780
6780
6789
6792
6807
6810
6813
6816
6816
6816
6819
6825
6831
6834
6840
6846
6855
6855
6858
6867
6867
6870
6870
6876
6882
6885
6885
6891
6894
6894
6897
6900
6912
6918
6918
6918
6927
6930
6933
6936
6936
6939
6945
6945
6945
6951
6957
6957
6966
6969
6969
6972
6975
6978
6978
6984
6984
6984
6990
6993
6999
6999
7002
7005
7005
7008
7011
7014
7017
7017
7020
7023
7026
7029
7029
7035
7038
7038
7044
7044
7047
7047
7047
7050
7053
7059
7059
7065
7065
7068
7074
7077
7080
7086
7086
7089
7092
7098
7101
7113
7119
7122
7128
7140
7140
7143
7146
7149
7152
7158
7158
7158
7161
7161
7164
7170
7176
7176
7176
7182
7185
7185
7188
7191
7197
7206
7209
7212
7212
7212
7218
7221
7224
7227
7227
7230
7233
7236
7236
7239
7245
7245
7248
7248
7251
7251
7254
7260
7263
7263
7266
7266
7272
7275
7275
7284
7284
7287
7287
7293
7293
7296
7305
7308
7311
7320
7320
7332
7335
7338
7341
7341
7344
7347
7347
7350
7353
7365
7368
7371
7371
7374
7380
7380
7380
7383
7389
7395
7398
7398
7398
7398
7398
7401
7407
7413
7413
7419
7422
7425
7434
7440
7443
7443
7443
7446
7449
7452
7458
7464
7467
7473
7473
7479
7485
7485
7488
7488
7491
7494
7497
7497
7497
7500
7500
7503
7503
7503
7512
7512
7512
7518
7521
7521
7524
7524
7527
7527
7530
7536
7536
7536
7539
7539
7539
7542
7548
7551
7557
7560
7569
7572
7575
7575
7578
7584
7584
7596
7596
7596
7599
7611
7611
7614
7617
7617
7620
7623
7623
7623
7626
7629
7635
7638
7641
7644
7644
7650
7653
7653
7656
7659
7665
7671
7671
7680
7683
7689
7695
7698
7701
7704
7710
7716
7722
7725
7728
7728
7731
7737
7740
7743
7749
7749
7758
7758
7758
7764
7767
7770
7770
7779
7779
7779
7785
7788
7788
7794
7803
7806
7806
7809
7812
7812
7812
7815
7815
7818
7818
7821
7830
7836
7836
7836
7842
7845
7848
7848
7851
7854
7854
7857
7857
7860
7866
7866
7869
7878
7881
7881
7884
7884
7887
7893
7896
7908
7914
7917
7917
7923
7932
7932
7932
7941
7947
7950
7950
7950
7953
7953
7956
7956
7956
7959
7962
7965
7965
7971
7977
7977
7980
7980
7983
7992
7995
7998
7998
8001
8001
8004
8004
8004
8007
8010
8022
8025
8025
8028
8028
8031
8031
8034
8037
8037
8043
8043
8046
8046
8049
8049
8052
8052
8055
8055
8055
8055
8064
8064
8076
8076
8079
8079
8079
8088
8091
8091
8091
8091
8091
8094
8094
8100
8103
8103
8106
8106
8112
8112
8112
8112
8115
8121
8124
8124
8127
8130
8145
8148
8151
8151
8154
8157
8160
8160
8160
8163
8163
8166
8166
8166
8172
8175
8178
8178
8181
8187
8187
8190
8196
8196
8196
8196
8199
8199
8202
8202
8202
8214
8217
8220
8223
8223
8226
8250
8253
8253
8256
8256
8256
8259
8262
8262
8271
8271
8277
8280
8283
8286
8286
8286
8286
8289
8292
8292
8295
8295
8295
8298
8298
8298
8301
8304
8304
8304
8304
8313
8316
8316
8316
8319
8325
8328
8331
8337
8337
8337
8340
8340
8343
8349
8349
8358
8361
8364
8367
8370
8370
8370
8373
8376
8379
8379
8391
8391
8391
8394
8397
8397
8400
8400
8400
8403
8412
8418
8424
8424
8427
8430
8433
8436
8439
8439
8439
8448
8448
8448
8451
8454
8454
8457
8457
8463
8463
8469
8469
8469
8478
8484
8487
8487
8493
8493
8499
8502
8517
8520
8532
8535
8538
8541
8550
8550
8550
8550
8553
8556
8559
8559
8562
8571
8571
8577
8577
8580
8583
8589
8589
8592
8595
8595
8595
8598
8601
8604
8604
8616
8619
8625
8625
8628
8631
8634
8637
8637
8646
8646
8646
8649
8652
8652
8655
8658
8661
8661
8661
8661
8667
8673
8679
8679
8679
8682
8685
8688
8688
8694
8694
8703
8703
8706
8706
8712
8712
8724
8724
8727
8727
8727
8730
8730
8733
8736
8736
8739
8745
8745
8751
8754
8754
8754
8754
8766
8769
8772
8775
8775
8778
8781
8793
8796
8802
8802
8811
8817
8820
8823
8826
8826
8826
8832
8835
8835
8838
8838
8838
8841
8844
8847
8847
8853
8853
8853
8856
8859
8862
8862
8868
8871
8871
8874
8874
8877
8877
8880
8886
8892
8901
8901
8901
8904
8907
8910
8910
8916
8922
8922
8928
8928
8928
8931
8931
8931
8937
8937
8940
8949
8952
8967
8970
8973
8976
8979
8982
8982
8982
8982
8985
8988
8988
8991
8994
9000
9003
9006
9006
9009
9012
9015
9015
9018
9018
9021
9021
9024
9024
9024
9027
9030
9030
9033
9042
9045
9048
9051
9051
9054
9063
9063
9063
9063
9066
9066
9069
9069
9069
9072
9078
9084
9090
9093
9099
9108
9108
9108
9114
9123
9126
9126
9126
9129
9129
9135
9138
9138
9141
9144
9153
9153
9153
9165
9168
9171
9171
9171
9171
9174
9174
9174
9180
9180
9189
9201
9207
9207
9216
9216
9219
9228
9228
9228
9234
9237
9237
9243
9243
9249
9249
9249
9252
9252
9252
9252
9252
9261
9264
9267
9270
9270
9273
9273
9279
9282
9291
9291
9297
9297
9300
9300
9300
9303
9303
9312
9318
9324
9324
9327
9327
9333
9333
9336
9348
9351
9354
9357
9357
9363
9366
9369
9372
9375
9375
9375
9375
9378
9378
9381
9384
9384
9387
9393
9396
9402
9408
9411
9414
9414
9414
9417
9420
9426
9426
9438
9438
9441
9441
9444
9444
9447
9453
9453
9456
9456
9462
9462
9465
9468
9471
9471
9474
9474
9477
9480
9480
9483
9486
9489
9492
9498
9504
9507
9510
9510
9516
9528
9531
9531
9537
9543
9546
9549
9561
9567
9570
9570
9576
9576
9579
9579
9582
9585
9585
9591
9597
9597
9597
9600
9600
9600
9606
9606
9612
9612
9615
9615
9615
9615
9618
9624
9627
9627
9627
9633
9639
9648
9654
9657
9657
9660
9660
9660
9663
9666
9666
9669
9669
9672
9675
9675
9678
9678
9678
9681
9690
9693
9693
9696
9696
9696
9699
9699
9699
9702
9702
9708
9708
9711
9711
9711
9714
9714
9717
9720
9723
9723
9723
9747
9750
9753
9756
9756
9759
9762
9771
9774
9777
9777
9777
9780
9780
9780
9789
9795
9807
9816
9822
9828
9837
9837
9840
9843
9843
9846
9858
9858
9858
9861
9861
9861
9864
9864
9870
9873
9876
9876
9882
9885
9891
9894
9900
9900
9900
9909
9909
9909
9912
9912
9912
9912
9915
9918
9918
9921
9921
9924
9924
9930
9933
9936
9945
9945
9945
9948
9954
9960
9960
9960
9963
9969
9969
9972
9975
9978
9981
9981
9981
9981
9984
9984
9987
9987
9987
9990
9993
9996
9999
10002
10002
10002
10014
10014
10026
10029
10032
10038
10053
10053
10053
10056
10056
10056
10059
10059
10062
10062
10065
10065
10065
10074
10080
10083
10083
10089
10098
10101
10101
10101
10104
10104
10110
10110
10116
10116
10119
10125
10131
10134
10137
10143
10143
10146
10152
10155
10158
10161
10164
10164
10167
10167
10176
10179
10179
10182
10185
10185
10188
10191
10194
10200
10200
10203
10206
10206
10209
10209
10209
10221
10221
10224
10227
10230
10233
10233
10236
10236
10239
10242
10257
10266
10266
10266
10266
10269
10272
10278
10278
10281
10284
10290
10290
10293
10293
10299
10299
10302
10302
10302
10308
10311
10320
10323
10323
10326
10329
10335
10335
10338
10338
10341
10341
10344
10350
10350
10353
10353
10359
10362
10374
10374
10374
10389
10395
10401
10404
10413
10416
10425
10431
10440
10443
10446
10449
10458
10461
10461
10467
10467
10470
10473
10473
10482
10485
10485
10491
10491
10491
10500
10503
10503
10512
10518
10521
10521
10527
10527
10527
10530
10530
10533
10533
10536
10542
10542
10542
10554
10554
10557
10557
10557
10563
10572
10578
10578
10578
10581
10584
10584
10590
10593
10593
10596
10608
10608
10614
10617
10620
10623
10626
10629
10632
10632
10632
10635
10641
10644
10644
10644
10653
10653
10656
10656
10662
10662
10668
10668
10674
10677
10677
10677
10683
10686
10686
10689
10695
10695
10698
10704
10707
10710
10713
10716
10716
10722
10728
10728
10731
10734
10746
10746
10749
10755
10758
10758
10758
10761
10761
10770
10770
10773
10779
10779
10779
10779
10785
10791
10791
10797
10800
10800
10800
10800
10803
10809
10809
10815
10821
10824
10824
10827
10836
10839
10842
10845
10848
10848
10851
10863
10875
10875
10887
10890
10890
10893
10893
10896
10899
10899
10899
10905
10908
10911
10911
10911
10917
10917
10917
10920
10923
10923
10923
10935
10935
10944
10953
10956
10965
10968
10968
10971
10977
10980
10983
10986
10986
10986
10986
10992
10995
10998
10998
11004
11007
11007
11007
11025
11031
11031
11031
11034
11034
11043
11049
11058
11076
11082
11085
11085
11091
11091
11097
11100
11112
11112
11115
11118
11118
11121
11124
11127
11130
11130
11130
11133
11133
11142
11148
11154
11160
11163
11166
11166
11172
11178
11178
11181
11181
11184
11187
11187
11190
11193
11193
11199
11199
11202
11205
11205
11208
11211
11217
11223
11226
11226
11229
11229
11229
11229
11229
11232
11232
11232
11235
11235
11238
11238
11244
11247
11247
11247
11250
11250
11250
11253
11262
11268
11271
11271
11271
11280
11280
11283
11283
11283
11286
11289
11289
11292
11295
11295
11301
11301
11310
11310
11313
11319
11322
11325
11328
11328
11328
11331
11331
11337
11337
11337
11340
11340
11343
11343
11343
11349
11349
11352
11355
11355
11358
11361
11361
11364
11367
11367
11382
11382
11391
11391
11391
11394
11394
11397
11400
11403
11406
11406
11409
11412
11412
11415
11421
11424
11427
11427
11433
11445
11445
11445
11445
11454
11454
11460
11460
11463
11463
11472
11475
11478
11478
11481
11484
11484
11484
11490
11490
11499
11502
11502
11508
11517
11520
11520
11520
11523
11526
11532
11532
11541
11541
11541
11541
11550
11553
11556
11562
11571
11580
11580
11580
11583
11589
11601
11607
11607
11616
11619
11634
11634
11634
11640
11643
11646
11649
11655
11655
11658
11673
11673
11679
11685
11685
11685
11691
11694
11694
11697
11697
11703
11706
11712
11724
11724
11727
11727
11730
11736
11745
11748
11754
11754
11754
11760
11763
11766
11769
11769
11772
11772
11772
11778
11778
11778
11778
11781
11781
11784
11784
11784
11787
11796
11799
11802
11802
11805
11805
11808
11808
11814
11817
11823
11823
11823
11826
11826
11832
11835
11844
11847
11847
11850
11850
11853
11856
11859
11868
11868
11871
11871
11880
11892
11892
11895
11895
11913
11916
11916
11922
11925
11934
11937
11940
11943
11946
11946
11949
11949
11949
11952
11952
11952
11958
11958
11964
11967
11970
11979
11979
11982
11985
11988
11991
11994
11994
11994
12006
12009
12015
12015
12024
12027
12027
12030
12030
12036
12039
12045
12057
12057
12060
12060
12063
12063
12063
12066
12069
12075
12075
12078
12081
12084
12084
12084
12084
12084
12084
12087
12087
12087
12090
12090
12096
12099
12105
12108
12108
12111
12111
12114
12117
12120
12123
12123
12126
12126
12129
12132
12138
12138
12144
12150
12150
12153
12156
12156
12159
12165
12168
12168
12189
12192
12192
12192
12195
12198
12207
12207
12213
12213
12213
12216
12216
12216
12216
12216
12219
12222
12231
12234
12243
12243
12243
12249
12249
12249
12249
12258
12258
12270
12270
12273
12273
12273
12279
12282
12282
12297
12300
12300
12303
12303
12303
12312
12315
12324
12330
12333
12339
12342
12348
12348
12351
12351
12354
12357
12360
12360
12363
12369
12369
12372
12375
12375
12378
12381
12387
12387
12390
12390
12393
12393
12402
12402
12405
12405
12408
12408
12417
12423
12426
12429
12432
12432
12432
12438
12441
12447
12453
12456
12456
12459
12465
12471
12471
12474
12477
12480
12483
12483
12489
12492
12501
12507
12507
12507
12513
12513
12516
12516
12516
12516
12519
12519
12522
12522
12522
12525
12528
12528
12531
12537
12540
12543
12543
12546
12549
12549
12558
12558
12558
12561
12561
12570
12570
12570
12573
12576
12582
12588
12588
12600
12609
12618
12618
12621
12624
12633
12636
12639
12639
12642
12645
12645
12648
12654
12654
12654
12660
12663
12669
12669
12672
12672
12678
12678
12678
12681
12684
12684
12684
12696
12702
12702
12705
12705
12711
12714
12717
12720
12726
12726
12738
12747
12750
12759
12762
12762
12762
12765
12765
12771
12771
12774
12774
12774
12774
12777
12783
12789
12789
12789
12792
12792
12798
12798
12801
12801
12804
12807
12807
12813
12813
12816
12819
12822
12822
12822
12828
12840
12840
12858
12858
12864
12867
12873
12873
12876
12876
12876
12879
12879
12885
12885
12891
12891
12894
12894
12894
12900
12909
12909
12921
12921
12927
12930
12930
12930
12933
12936
12936
12939
12939
12939
12939
12945
12957
12960
12966
12969
12969
12972
12972
12981
12987
13002
13005
13005
13005
13011
13017
13017
13017
13023
13023
13026
13026
13038
13038
13038
13038
13047
13047
13047
13053
13056
13059
13062
13062
13074
13080
13080
13080
13083
13083
13086
13086
13089
13098
13101
13104
13104
13107
13110
13119
13119
13122
13122
13125
13128
13128
13131
13134
13137
13137
13140
13143
13146
13152
13155
13158
13158
13158
13161
13167
13167
13167
13173
13176
13179
13182
13188
13191
13197
13200
13200
13200
13203
13209
13209
13209
13212
13218
13221
13230
13230
13230
13230
13233
13242
13245
13248
13251
13254
13257
13269
13272
13275
13275
13284
13284
13287
13287
13287
13287
13293
13293
13296
13299
13299
13299
13305
13305
13311
13311
13314
13314
13317
13320
13326
13332
13338
13341
13344
13347
13368
13371
13377
13380
13383
13386
13389
13392
13395
13398
13401
13401
13404
13404
13410
13413
13416
13416
13419
13419
13422
13425
13428
13428
13431
13440
13440
13440
13446
13449
13449
13449
13452
13452
13455
13458
13458
13458
13461
13461
13464
13464
13467
13470
13470
13470
13473
13476
13476
13476
13479
13479
13482
13488
13488
13491
13494
13494
13497
13497
13503
13509
13509
13512
13515
13518
13521
13524
13530
13530
13536
13536
13539
13545
13551
13554
13557
13566
13566
13572
13575
13578
13584
13587
13587
13593
13593
13593
13596
13599
13608
13608
13611
13614
13614
13614
13617
13626
13626
13629
13632
13635
13635
13641
13644
13644
13644
13647
13647
13647
13662
13665
13665
13671
13677
13683
13689
13689
13692
13692
13701
13707
13707
13707
13710
13713
13719
13725
13740
13743
13746
13746
13746
13749
13752
13755
13755
13755
13758
13758
13761
13773
13773
13776
13779
13788
13788
13788
13791
13791
13800
13803
13809
13812
13818
13818
13818
13821
13827
13830
13836
13842
13845
13845
13848
13851
13851
13854
13863
13863
13869
13872
13872
13878
13878
13878
13881
13884
13884
13887
13890
13890
13896
13896
13899
13899
13902
13908
13908
13926
13929
13932
13935
13938
13941
13953
13956
13959
13959
13962
13968
13968
13971
13971
13971
13974
13974
13977
13992
13995
13995
14004
14004
14007
14013
14013
14016
14016
14019
14022
14022
14025
14031
14034
14040
14043
14043
14043
14043
14052
14061
14076
14076
14079
14085
14088
14097
14100
14103
14106
14106
14109
14112
14118
14127
14130
14130
14133
14136
14136
14145
14154
14154
14154
14157
14166
14166
14169
14178
14181
14181
14184
14184
14187
14196
14199
14202
14202
14202
14205
14205
14205
14205
14211
14223
14223
14223
14226
14232
14235
14238
14238
14238
14250
14253
14259
14259
14262
14262
14262
14262
14271
14274
14274
14289
14292
14298
14298
14298
14322
14322
14325
14328
14328
14331
14331
14331
14334
14340
14340
14349
14352
14352
14352
14352
14358
14361
14367
14367
14370
14370
14370
14373
14373
14376
14379
14382
14382
14385
14388
14388
14391
14394
14397
14406
14412
14412
14412
14427
14430
14430
14433
14436
14439
14439
14442
14442
14448
14448
14448
14448
14451
14454
14457
14460
14460
14460
14463
14469
14469
14472
14481
14484
14484
14484
14487
14487
14490
14493
14499
14505
14505
14508
14508
14508
14511
14511
14511
14511
14520
14520
14520
14523
14529
14529
14535
14541
14544
14550
14553
14556
14559
14562
14565
14568
14568
14568
14571
14571
14571
14571
14571
14574
14583
14583
14586
14586
14592
14595
14601
14601
14601
14604
14610
14616
14616
14619
14622
14625
14628
14634
14634
14637
14637
14640
14643
14646
14646
14649
14664
14664
14664
14667
14670
14670
14679
14679
14679
14682
14685
14691
14691
14694
14694
14697
14703
14706
14706
14709
14712
14715
14718
14724
14730
14730
14733
14745
14751
14751
14754
14757
14763
14763
14763
14766
14769
14769
14769
14778
14781
14781
14790
14790
14796
14799
14802
14805
14808
14808
14817
14820
14823
14823
14826
14832
14832
14832
14832
14838
14841
14847
14847
14853
14856
14868
14871
14871
14874
14874
14877
14877
14877
14880
14883
14886
14886
14892
14895
14895
14898
14898
14898
14901
14901
14910
14916
14916
14922
14922
14928
14934
14934
14940
14940
14940
14943
14943
14949
14967
14970
14982
14982
14988
14988
14988
14988
14991
14991
14997
14997
15000
15006
15006
15006
15006
15009
15012
15012
15018
15018
15024
15027
15027
15030
15030
15036
15048
15051
15054
15057
15060
15066
15069
15069
15075
15075
15075
15078
15081
15081
15084
15090
15096
15096
15099
15108
15111
15117
15117
15117
15126
15129
15138
15138
15141
15156
15156
15156
15159
15159
15162
15165
15165
15165
15165
15168
15171
15171
15174
15177
15177
15177
15180
15183
15186
15186
15186
15189
15192
15201
15201
15207
15207
15207
15210
15210
15219
15231
15231
15231
15234
15237
15237
15240
15240
15240
15243
15243
15246
15246
15252
15252
15252
15258
15258
15264
15264
15267
15267
15267
15270
15273
15273
15273
15276
15276
15282
15285
15291
15297
15300
15300
15303
15315
15321
15321
15321
15327
15327
15333
15339
15339
15345
15345
15351
15360
15360
15360
15360
15366
15369
15369
15372
15375
15384
15384
15384
15387
15390
15390
15393
15399
15399
15405
15408
15414
15417
15420
15423
15429
15432
15435
15438
15441
15441
15450
15453
15453
15456
15462
15462
15462
15465
15468
15468
15471
15477
15477
15483
15483
15489
15489
15489
15489
15492
15495
15501
15501
15504
15504
15504
15510
15513
15513
15519
15522
15531
15531
15531
15531
15537
15537
15546
15549
15552
15552
15552
15555
15555
15561
15561
15561
15564
15567
15570
15573
15579
15579
15585
15585
15594
15597
15606
15609
15609
15609
15612
15615
15621
15621
15627
15630
15630
15630
15630
15633
15633
15633
15639
15645
15648
15654
15654
15654
15657
15660
15660
15660
15666
15672
15672
15672
15672
15681
15687
15690
15696
15705
15708
15714
15720
15729
15729
15738
15741
15747
15747
15750
15750
15753
15759
15765
15771
15771
15774
15777
15777
15780
15780
15783
15792
15795
15795
15801
15807
15807
15807
15807
15810
15813
15813
15813
15822
15834
15837
15840
15843
15843
15846
15858
15861
15861
15864
15864
15870
15870
15873
15876
15876
15885
15888
15891
15891
15897
15900
15906
15918
15921
15921
15924
15924
15924
15927
15936
15936
15939
15942
15942
15957
15960
15963
15969
15975
15981
15987
15993
15993
15996
15999
16002
16005
16005
16008
16017
16017
16017
16020
16023
16023
16026
16026
16029
16032
16041
16041
16044
16044
16050
16050
16056
16059
16062
16062
16068
16074
16074
16080
16080
16083
16083
16083
16086
16086
16092
16092
16098
16098
16101
16107
16116
16119
16119
16122
16125
16125
16125
16131
16131
16134
16134
16137
16140
16143
16149
16149
16155
16155
16155
16158
16158
16158
16161
16164
16164
16164
16164
16170
16173
16173
16188
16191
16191
16191
16194
16197
16200
16200
16203
16206
16209
16212
16212
16212
16215
16215
16215
16215
16224
16224
16227
16233
16239
16239
16242
16242
16245
16248
16254
16254
16254
16263
16263
16284
16284
16284
16296
16299
16299
16299
16302
16305
16308
16308
16314
16314
16317
16317
16329
16335
16335
16338
16338
16344
16347
16353
16356
16356
16362
16371
16371
16371
16374
16374
16380
16380
16380
16383
16395
16395
16401
16404
16404
16404
16404
16407
16407
16416
16416
16416
16419
16422
16428
16434
16446
16449
16452
16452
16452
16455
16455
16455
16455
16458
16458
16461
16461
16464
16464
16467
16467
16470
16482
16488
16488
16488
16488
16491
16497
16497
16500
16503
16506
16506
16512
16512
16518
16521
16524
16524
16527
16530
16533
16533
16533
16536
16539
16542
16542
16545
16545
16545
16548
16554
16554
16557
16566
16566
16572
16575
16578
16584
16584
16587
16596
16599
16611
16611
16611
16611
16617
16620
16623
16629
16632
16635
16647
16653
16653
16662
16662
16662
16662
16665
16671
16671
16677
16680
16683
16686
16686
16689
16695
16701
16704
16704
16707
16707
16710
16722
16722
16728
16728
16731
16734
16737
16737
16743
16743
16755
16758
16761
16761
16764
16764
16764
16767
16767
16773
16779
16782
16788
16794
16803
16806
16812
16815
16818
16818
16821
16821
16824
16824
16824
16830
16836
16839
16842
16845
16848
16851
16854
16857
16866
16869
16872
16872
16881
16881
16887
16890
16890
16893
16896
16902
16902
16908
16908
16908
16911
16914
16920
16920
16923
16926
16926
16929
16929
16932
16932
16932
16938
16941
16944
16950
16953
16953
16956
16956
16959
16962
16965
16965
16971
16977
16977
16983
16983
16983
16989
16992
16992
16992
16998
16998
17001
17001
17004
17007
17007
17010
17016
17022
17028
17031
17037
17037
17046
17049
17049
17055
17055
17055
17055
17058
17067
17070
17070
17073
17079
17079
17082
17082
17082
17085
17091
17091
17091
17094
17097
17097
17100
17106
17106
17109
17121
17136
17139
17142
17142
17145
17151
17154
17154
17157
17157
17163
17163
17172
17175
17178
17181
17181
17184
17187
17187
17190
17190
17190
17190
17193
17196
17196
17199
17199
17202
17220
17220
17223
17223
17229
17232
17232
17235
17235
17235
17238
17250
17250
17256
17256
17262
17262
17265
17271
17277
17283
17286
17286
17289
17292
17292
17298
17304
17304
17307
17307
17310
17313
17316
17319
17319
17319
17325
17328
17328
17328
17340
17352
17355
17358
17358
17358
17367
17370
17370
17370
17373
17376
17379
17382
17385
17388
17391
17391
17406
17415
17415
17421
17424
17424
17427
17427
17430
17430
17433
17433
17433
17433
17442
17451
17451
17457
17460
17466
17466
17469
17472
17475
17475
17481
17481
17487
17487
17490
17496
17499
17508
17514
17514
17517
17520
17523
17526
17529
17529
17538
17538
17538
17541
17541
17550
17556
17559
17571
17571
17574
17577
17577
17577
17580
17583
17589
17592
17595
17595
17601
17604
17607
17610
17613
17619
17625
17625
17628
17631
17631
17634
17637
17637
17643
17646
17646
17646
17646
17646
17649
17652
17652
17652
17652
17655
17655
17658
17661
17661
17664
17664
17673
17676
17676
17676
17679
17682
17682
17682
17685
17697
17697
17700
17700
17706
17706
17712
17721
17724
17727
17733
17739
17742
17745
17748
17748
17748
17751
17751
17754
17760
17763
17772
17775
17778
17781
17781
17781
17784
17790
17799
17799
17802
17808
17811
17814
17814
17817
17817
17820
17823
17826
17826
17826
17829
17832
17838
17838
17841
17841
17844
17847
17847
17847
17850
17856
17862
17862
17862
17865
17868
17871
17871
17874
17880
17880
17886
17889
17892
17895
17895
17895
17895
17898
17901
17901
17904
17910
17910
17913
17916
17916
17922
17922
17937
17937
17940
17943
17943
17943
17952
17958
17961
17967
17970
17970
17979
17982
17985
18000
18003
18003
18006
18006
18009
18009
18012
18012
18015
18021
18027
18030
18033
18033
18036
18039
18042
18045
18048
18051
18051
18051
18054
18054
18066
18069
18072
18078
18081
18087
18087
18090
18093
18096
18099
18105
18108
18111
18114
18117
18126
18126
18129
18135
18135
18138
18138
18141
18141
18144
18147
18150
18153
18153
18153
18153
18159
18162
18165
18165
18165
18168
18171
18171
18174
18177
18183
18186
18189
18201
18201
18204
18204
18207
18207
18207
18210
18210
18210
18210
18213
18213
18216
18216
18219
18219
18222
18225
18225
18225
18234
18246
18246
18252
18255
18258
18258
18261
18267
18273
18273
18273
18276
18276
18276
18279
18282
18282
18282
18285
18294
18294
18300
18312
18318
18318
18318
18321
18321
18330
18336
18342
18345
18345
18360
18360
18363
18366
18369
18378
18381
18381
18384
18387
18390
18390
18393
18402
18405
18417
18420
18423
18429
18432
18438
18441
18444
18447
18447
18450
18453
18465
18471
18471
18471
18474
18474
18474
18477
18483
18489
18489
18489
18492
18495
18498
18519
18522
18531
18537
18537
18540
18540
18540
18540
18543
18546
18549
18555
18555
18558
18558
18558
18561
18561
18567
18567
18570
18570
18573
18573
18582
18582
18582
18585
18585
18585
18588
18588
18588
18591
18591
18591
18606
18606
18609
18618
18630
18630
18636
18636
18639
18645
18645
18654
18663
18666
18666
18672
18672
18675
18678
18681
18684
18684
18684
18684
18690
18696
18702
18705
18705
18708
18708
18714
18723
18726
18732
18735
18738
18744
18744
18747
18747
18750
18750
18756
18756
18756
18759
18762
18762
18765
18768
18768
18768
18768
18771
18771
18771
18780
18792
18792
18792
18798
18801
18801
18801
18804
18804
18807
18810
18810
18813
18813
18813
18813
18816
18819
18822
18825
18828
18837
18837
18837
18840
18843
18846
18846
18849
18849
18852
18855
18855
18861
18861
18864
18867
18867
18870
18873
18882
18882
18882
18885
18888
18891
18894
18900
18903
18906
18912
18915
18915
18918
18921
18927
18930
18930
18930
18936
18942
18942
18948
18948
18948
18951
18957
18957
18960
18960
18966
18969
18969
18972
18975
18978
18984
18987
18990
18993
18996
19008
19011
19011
19011
19014
19014
19014
19017
19017
19020
19020
19023
19026
19026
19029
19032
19038
19041
19041
19044
19047
19056
19062
19062
19074
19074
19080
19086
19086
19089
19089
19092
19095
19095
19095
19098
19101
19101
19104
19104
19110
19122
19122
19125
19128
19128
19131
19131
19137
19140
19143
19149
19152
19155
19158
19158
19158
19161
19167
19173
19173
19173
19173
19179
19179
19182
19182
19188
19188
19191
19191
19194
19194
19200
19200
19206
19209
19209
19215
19224
19227
19227
19230
19239
19239
19242
19242
19245
19251
19251
19251
19251
19266
19269
19272
19272
19275
19278
19281
19281
19281
19281
19284
19284
19287
19293
19293
19296
19302
19305
19305
19305
19308
19311
19314
19317
19317
19320
19320
19326
19329
19329
19332
19332
19335
19335
19335
19335
19338
19338
19341
19341
19344
19344
19350
19353
19365
19365
19368
19371
19374
19380
19383
19383
19383
19383
19383
19386
19389
19389
19395
19401
19401
19401
19404
19404
19410
19413
19413
19434
19440
19443
19446
19449
19452
19455
19455
19458
19467
19473
19473
19476
19476
19479
19482
19488
19494
19500
19500
19500
19500
19506
19506
19518
19518
19518
19518
19518
19521
19524
19524
19524
19527
19527
19536
19539
19548
19560
19566
19569
19572
19572
19575
19578
19581
19587
19590
19590
19590
19593
19596
19605
19608
19608
19611
19614
19614
19620
19629
19632
19632
19635
19644
19647
19647
19650
19665
19668
19677
19680
19686
19689
19701
19701
19704
19707
19707
19710
19722
19722
19728
19731
19731
19740
19743
19746
19746
19749
19752
19752
19755
19761
19761
19764
19767
19767
19767
19770
19773
19782
19785
19788
19800
19800
19809
19812
19812
19812
19812
19818
19821
19821
19824
19830
19833
19839
19839
19845
19845
19848
19860
19863
19866
19866
19869
19878
19878
19881
19881
19884
19887
19890
19893
19893
19902
19905
19905
19908
19917
19920
19923
19926
19926
19932
19932
19935
19935
19938
19941
19941
19941
19947
19953
19956
19956
19968
19971
19971
19974
19980
19983
19986
20001
20004
20007
20007
20007
20013
20013
20016
20019
20019
20019
20025
20025
20028
20028
20031
20031
20043
20049
20049
20058
20067
20070
20073
20085
20091
20091
20094
20100
20103
20106
20109
20112
20112
20112
20112
20118
20130
20133
20133
20136
20139
20139
20142
20145
20151
20151
20154
20157
20160
20160
20160
20169
20172
20175
20178
20178
20178
20184
20196
20196
20196
20199
20199
20205
20208
20211
20211
20214
20217
20226
20232
20235
20238
20241
20247
20250
20250
20253
20253
20259
20262
20262
20271
20277
20283
20286
20286
20286
20286
20289
20298
20298
20304
20307
20310
20313
20319
20319
20319
20322
20325
20328
20328
20328
20328
20331
20334
20337
20340
20340
20340
20340
20343
20349
20349
20349
20364
20364
20367
20370
20370
20373
20373
20373
20373
20376
20388
20394
20394
20397
20397
20400
20403
20406
20406
20406
20409
20418
20418
20427
20436
20442
20442
20442
20442
20445
20445
20445
20448
20451
20454
20463
20463
20466
20469
20472
20475
20475
20475
20475
20478
20481
20481
20484
20493
20493
20493
20496
20499
20502
20505
20517
20517
20520
20520
20523
20523
20529
20532
20535
20538
20538
20541
20541
20544
20547
20547
20553
20553
20556
20559
20559
20559
20562
20562
20565
20568
20568
20568
20574
20577
20583
20586
20589
20595
20601
20604
20607
20616
20616
20616
20619
20622
20625
20628
20631
20631
20640
20640
20646
20646
20652
20652
20652
20655
20658
20661
20667
20667
20676
20676
20682
20682
20682
20682
20688
20688
20691
20691
20694
20694
20703
20706
20706
20709
20709
20712
20712
20712
20724
20724
20730
20733
20736
20739
20748
20748
20754
20754
20757
20763
20769
20772
20772
20775
20781
20781
20781
20793
20793
20793
20796
20799
20799
20802
20802
20814
20817
20823
20829
20829
20835
20838
20838
20841
20841
20841
20847
20856
20856
20856
20859
20865
20868
20868
20871
20877
20892
20898
20901
20904
20913
20925
20925
20925
20928
20931
20931
20931
20937
20940
20940
20943
20946
20946
20949
20952
20952
20952
20952
20952
20955
20958
20958
20961
20964
20967
20967
20970
20973
20976
20982
20985
20988
20988
20988
20991
20997
20997
20997
21000
21024
21027
21027
21033
21033
21036
21042
21042
21045
21048
21048
21048
21051
21051
21051
21051
21051
21051
21054
21057
21060
21060
21060
21063
21063
21066
21072
21081
21081
21081
21093
21096
21099
21102
21102
21102
21105
21111
21111
21123
21129
21132
21132
21138
21141
21144
21147
21147
21150
21150
21150
21153
21153
21159
21159
21159
21159
21165
21165
21168
21171
21171
21174
21180
21183
21198
21204
21210
21210
21213
21213
21222
21222
21222
21222
21222
21222
21228
21228
21228
21228
21240
21240
21246
21252
21255
21255
21258
21261
21261
21264
21264
21264
21264
21267
21270
21276
21276
21279
21288
21288
21291
21306
21309
21318
21324
21327
21333
21336
21336
21339
21342
21351
21357
21360
21369
21372
21375
21375
21375
21375
21378
21381
21381
21384
21387
21393
21396
21402
21402
21402
21405
21405
21408
21408
21408
21411
21411
21414
21414
21414
21417
21420
21426
21432
21435
21453
21456
21465
21468
21471
21471
21477
21477
21480
21480
21483
21486
21486
21486
21489
21489
21495
21498
21501
21513
21513
21513
21516
21516
21519
21519
21522
21522
21528
21531
21534
21534
21537
21537
21540
21540
21540
21540
21543
21543
21543
21549
21552
21552
21555
21558
21558
21558
21561
21564
21567
21567
21567
21570
21570
21570
21573
21573
21573
21573
21576
21579
21579
21579
21585
21585
21588
21591
21594
21594
21594
21594
21594
21594
21597
21603
21603
21606
21606
21606
21609
21612
21615
21615
21618
21618
21621
21624
21627
21651
21654
21654
21654
21666
21669
21672
21675
21675
21684
21684
21687
21687
21687
21690
21690
21699
21699
21702
21702
21705
21708
21711
21714
21714
21720
21720
21726
21729
21735
21738
21738
21741
21741
21747
21747
21747
21747
21747
21750
21753
21753
21756
21756
21765
21765
21771
21774
21780
21780
21780
21783
21792
21795
21798
21798
21801
21807
21816
21825
21831
21831
21831
21840
21840
21843
21843
21849
21855
21861
21861
21870
21870
21873
21879
21879
21882
21891
21894
21897
21912
21912
21915
21915
21915
21918
21927
21939
21948
21948
21948
21954
21957
21957
21960
21960
21960
21963
21966
21969
21975
21975
21975
21978
21978
21984
21987
21987
21990
21990
21993
21993
21996
21996
22002
22002
22005
22005
22008
22008
22008
22014
22014
22017
22017
22020
22023
22023
22026
22029
22029
22038
22044
22044
22044
22047
22050
22050
22062
22065
22074
22077
22083
22083
22086
22092
22098
22101
22101
22101
22101
22104
22107
22119
22119
22122
22125
22125
22128
22128
22140
22143
22143
22143
22146
22146
22146
22152
22155
22161
22167
22167
22170
22173
22173
22179
22182
22182
22182
22185
22188
22194
22203
22209
22209
22218
22224
22227
22230
22230
22233
22236
22236
22236
22239
22239
22242
22242
22242
22245
22245
22251
22263
22266
22269
22275
22281
22284
22287
22287
22290
22296
22299
22299
22302
22305
22311
22311
22314
22320
22320
22323
22323
22323
22329
22332
22332
22332
22335
22335
22335
22338
22341
22341
22347
22347
22353
22353
22359
22359
22365
22368
22368
22371
22374
22377
22389
22392
22395
22398
22401
22404
22407
22410
22416
22416
22419
22422
22425
22425
22428
22431
22434
22434
22437
22440
22446
22449
22452
22452
22452
22455
22455
22461
22461
22467
22470
22470
22473
22473
22476
22476
22482
22485
22491
22491
22494
22497
22497
22497
22500
22500
22500
22506
22506
22506
22512
22512
22524
22530
22539
22539
22542
22545
22545
22548
22554
22554
22560
22560
22566
22569
22572
22572
22584
22587
22590
22590
22590
22590
22596
22599
22599
22602
22602
22602
22602
22602
22605
22605
22608
22608
22611
22611
22614
22617
22617
22620
22626
22626
22629
22629
22638
22653
22653
22662
22662
22665
22674
22674
22677
22680
22683
22689
22692
22701
22701
22701
22701
22704
22704
22704
22710
22713
22719
22722
22722
22728
22728
22734
22740
22749
22752
22761
22764
22767
22770
22770
22770
22779
22782
22785
22788
22788
22794
22797
22800
22806
22806
22812
22815
22818
22818
22821
22824
22824
22827
22830
22833
22836
22842
22845
22848
22848
22863
22866
22869
22872
22875
22878
22884
22890
22890
22893
22893
22899
22899
22899
22902
22902
22908
22911
22911
22914
22914
22914
22917
22917
22917
22917
22920
22920
22929
22929
22929
22929
22935
22941
22950
22953
22956
22965
22971
22974
22974
22977
22980
22980
22980
22986
22986
22992
22992
23001
23001
23004
23004
23004
23019
23025
23025
23028
23031
23040
23046
23058
23064
23064
23067
23070
23070
23070
23070
23070
23073
23076
23079
23082
23085
23085
23097
23097
23100
23106
23106
23109
23109
23109
23112
23112
23115
23115
23118
23124
23124
23127
23130
23133
23145
23148
23148
23157
23157
23160
23166
23169
23172
23175
23181
23181
23184
23187
23193
23199
23199
23199
23205
23205
23205
23208
23208
23211
23214
23214
23217
23217
23220
23226
23226
23229
23229
23232
23235
23235
23238
23238
23247
23250
23253
23256
23256
23256
23256
23256
23271
23274
23274
23277
23280
23292
23295
23298
23301
23301
23304
23304
23310
23310
23313
23322
23322
23325
23328
23328
23328
23328
23328
23331
23334
23349
23352
23352
23358
23358
23358
23361
23367
23373
23373
23379
23379
23382
23382
23382
23388
23391
23394
23403
23406
23409
23409
23412
23412
23415
23415
23421
23427
23427
23427
23430
23430
23433
23436
23436
23439
23442
23445
23448
23454
23454
23457
23460
23463
23481
23484
23493
23493
23499
23508
23514
23520
23529
23529
23532
23535
23541
23541
23553
23556
23559
23562
23565
23568
23568
23568
23571
23574
23577
23583
23583
23589
23592
23595
23601
23601
23604
23610
23616
23616
23616
23619
23619
23625
23625
23625
23625
23628
23628
23631
23634
23637
23637
23637
23637
23640
23640
23643
23643
23643
23649
23649
23652
23652
23652
23655
23655
23664
23676
23676
23679
23679
23688
23688
23694
23694
23697
23706
23706
23709
23709
23712
23715
23718
23721
23724
23727
23730
23733
23742
23745
23745
23745
23751
23757
23757
23760
23763
23772
23775
23781
23781
23784
23784
23784
23790
23790
23796
23796
23799
23802
23808
23814
23817
23817
23817
23817
23823
23823
23823
23829
23832
23844
23847
23847
23850
23853
23856
23859
23865
23868
23868
23868
23871
23871
23874
23874
23874
23874
23880
23880
23883
23895
23901
23904
23907
23907
23907
23907
23910
23913
23916
23919
23931
23931
23934
23934
23934
23937
23937
23937
23940
23943
23946
23946
23955
23955
23958
23958
23958
23958
23964
23964
23964
23967
23967
23973
23976
23976
23982
23982
23991
23991
23991
23994
23997
23997
24000
24003
24009
24009
24012
24012
24015
24018
24018
24024
24030
24042
24048
24048
24048
24051
24054
24054
24054
24057
24060
24063
24063
24069
24069
24072
24075
24075
24081
24081
24087
24090
24093
24093
24096
24096
24102
24108
24108
24114
24114
24114
24114
24117
24123
24126
24126
24129
24132
24135
24147
24147
24147
24150
24159
24159
24165
24168
24168
24171
24177
24177
24180
24183
24183
24192
24195
24195
24198
24198
24204
24210
24213
24216
24222
24222
24225
24228
24228
24231
24240
24243
24246
24246
24249
24252
24258
24261
24264
24264
24264
24270
24270
24282
24282
24285
24285
24294
24294
24297
24297
24297
24300
24300
24303
24309
24312
24312
24315
24318
24321
24321
24321
24324
24327
24327
24330
24333
24336
24336
24336
24339
24342
24342
24345
24348
24348
24348
24348
24357
24357
24360
24360
24363
24372
24381
24381
24381
24384
24384
24387
24387
24390
24390
24393
24396
24399
24408
24411
24417
24420
24435
24438
24444
24450
24450
24453
24459
24459
24462
24462
24462
24462
24465
24468
24468
24477
24480
24483
24483
24486
24489
24492
24495
24504
24510
24513
24516
24519
24522
24522
24525
24525
24528
24531
24540
24546
24546
24546
24549
24549
24549
24561
24567
24567
24570
24570
24585
24591
24591
24594
24597
24606
24612
24615
24615
24615
24624
24627
24627
24627
24636
24639
24639
24642
24642
24645
24648
24648
24648
24651
24657
24663
24675
24681
24681
24681
24684
24684
24684
24687
24687
24690
24693
24696
24696
24699
24702
24705
24705
24708
24711
24711
24714
24714
24717
24720
24726
24732
24735
24741
24744
24747
24753
24762
24765
24765
24768
24774
24777
24777
24777
24777
24780
24780
24780
24780
24783
24783
24783
24789
24789
24789
24792
24792
24798
24810
24810
24810
24819
24822
24825
24831
24831
24831
24834
24837
24837
24840
24843
24849
24852
24855
24855
24858
24858
24861
24867
24867
24867
24870
24870
24870
24873
24876
24876
24876
24879
24879
24879
24882
24888
24888
24888
24897
24900
24900
24900
24903
24903
24903
24906
24909
24915
24915
24915
24924
24924
24930
24930
24933
24933
24936
24939
24945
24951
24960
24960
24969
24969
24972
24975
24987
24990
24993
25002
25002
25005
25005
25005
25005
25005
25008
25011
25011
25014
25014
25014
25017
25017
25020
25023
25026
25026
25035
25035
25035
25038
25041
25041
25044
25047
25050
25050
25059
25059
25059
25062
25068
25071
25074
25092
25095
25098
25104
25110
25110
25113
25113
25122
25125
25128
25128
25128
25128
25155
25158
25158
25161
25161
25164
25173
25179
25182
25185
25185
25188
25188
25194
25197
25197
25203
25203
25206
25212
25215
25218
25221
25221
25221
25233
25236
25239
25242
25242
25245
25245
25248
25254
25254
25260
25263
25263
25263
25266
25272
25275
25275
25275
25278
25281
25281
25284
25284
25284
25290
25290
25290
25293
25296
25302
25305
25305
25305
25317
25317
25320
25323
25323
25326
25329
25332
25335
25338
25338
25341
25341
25344
25344
25344
25347
25350
25350
25353
25356
25359
25362
25362
25362
25368
25377
25380
25392
25395
25398
25404
25404
25407
25410
25413
25416
25416
25419
25422
25425
25431
25434
25437
25440
25443
25446
25446
25455
25458
25461
25461
25464
25467
25467
25473
25473
25476
25476
25476
25476
25482
25485
25488
25488
25488
25494
25494
25494
25497
25506
25506
25509
25515
25518
25518
25521
25530
25530
25533
25533
25536
25536
25542
25545
25545
25545
25545
25548
25551
25554
25557
25560
25566
25566
25569
25569
25572
25575
25575
25575
25578
25578
25578
25581
25584
25587
25590
25599
25602
25614
25614
25614
25614
25626
25626
25632
25635
25641
25644
25650
25650
25656
25659
25659
25659
25665
25671
25674
25680
25680
25683
25686
25695
25698
25698
25698
25698
25701
25701
25707
25707
25710
25719
25722
25728
25728
25731
25740
25743
25746
25752
25752
25755
25755
25758
25761
25764
25764
25767
25776
25779
25782
25782
25782
25782
25785
25785
25788
25794
25794
25797
25797
25797
25797
25800
25800
25806
25809
25812
25812
25815
25815
25818
25818
25824
25830
25833
25833
25836
25836
25839
25839
25839
25839
25842
25848
25848
25851
25854
25857
25860
25863
25869
25869
25869
25872
25875
25875
25878
25884
25884
25887
25890
25893
25893
25893
25893
25896
25899
25902
25902
25902
25905
25905
25905
25908
25911
25914
25917
25920
25926
25929
25938
25941
25941
25947
25947
25950
25953
25953
25962
25962
25965
25968
25974
25980
25983
25983
25986
25986
25989
25989
25992
26001
26007
26007
26016
26016
26016
26022
26025
26028
26028
26031
26034
26037
26040
26043
26046
26046
26046
26049
26052
26052
26055
26058
26061
26061
26064
26067
26070
26073
26073
26073
26088
26088
26091
26094
26097
26097
26100
26100
26100
26103
26103
26109
26112
26115
26121
26121
26121
26127
26127
26136
26139
26142
26145
26157
26157
26163
26169
26169
26178
26184
26190
26193
26193
26193
26193
26205
26211
26217
26217
26226
26229
26229
26232
26238
26238
26241
26241
26250
26250
26253
26253
26256
26268
26268
26271
26271
26271
26277
26280
26280
26283
26289
26289
26289
26301
26304
26304
26304
26310
26313
26319
26319
26322
26325
26325
26331
26331
26340
26340
26340
26343
26346
26352
26352
26358
26364
26364
26367
26367
26370
26373
26382
26385
26385
26391
26394
26397
26400
26403
26403
26403
26406
26406
26412
26415
26415
26436
26436
26436
26454
26454
26457
26457
26457
26460
26460
26463
26466
26466
26466
26466
26472
26472
26475
26487
26487
26490
26490
26493
26505
26505
26505
26511
26514
26514
26514
26517
26517
26529
26529
26529
26535
26541
26541
26547
26547
26550
26550
26553
26553
26559
26562
26565
26571
26574
26577
26577
26580
26580
26583
26583
26586
26589
26592
26595
26595
26607
26610
26610
26613
26613
26613
26616
26616
26625
26625
26625
26634
26640
26643
26646
26658
26658
26664
26673
26682
26682
26685
26688
26688
26691
26691
26691
26691
26694
26694
26694
26703
26709
26721
26724
26724
26724
26727
26730
26730
26733
26739
26742
26742
26742
26742
26745
26748
26754
26757
26757
26757
26763
26763
26766
26769
26769
26772
26775
26775
26775
26778
26778
26781
26781
26781
26787
26787
26787
26790
26799
26799
26799
26805
26808
26811
26814
26814
26817
26817
26823
26823
26826
26826
26829
26829
26832
26835
26838
26841
26841
26847
26850
26853
26853
26856
26862
26862
26862
26868
26868
26868
26871
26871
26877
26877
26883
26889
26898
26901
26904
26904
26907
26910
26916
26919
26922
26925
26925
26928
26931
26931
26934
26940
26940
26943
26949
26952
26952
26952
26955
26961
26961
26964
26967
26967
26970
26973
26979
26985
26985
26988
26988
26991
26994
26997
27000
27000
27006
27006
27012
27021
27024
27030
27030
27036
27039
27042
27042
27045
27045
27045
27048
27054
27054
27054
27060
27063
27066
27066
27066
27069
27069
27069
27078
27081
27081
27084
27087
27087
27090
27090
27096
27096
27099
27114
27123
27126
27129
27132
27135
27138
27138
27144
27150
27150
27153
27153
27153
27153
27156
27159
27159
27162
27162
27162
27162
27168
27186
27186
27189
27192
27192
27204
27207
27207
27210
27210
27213
27216
27219
27225
27231
27234
27237
27240
27243
27246
27246
27249
27249
27249
27252
27255
27258
27267
27270
27273
27273
27276
27279
27282
27282
27300
27300
27315
27318
27327
27333
27336
27339
27342
27342
27345
27345
27351
27351
27360
27360
27366
27366
27378
27381
27381
27390
27390
27396
27399
27402
27405
27405
27405
27405
27411
27414
27417
27420
27420
27420
27420
27423
27423
27423
27426
27432
27432
27438
27441
27441
27441
27450
27450
27456
27456
27459
27459
27459
27462
27465
27468
27471
27474
27477
27477
27477
27480
27483
27483
27492
27495
27495
27507
27513
27513
27516
27516
27516
27519
27522
27522
27531
27531
27534
27540
27543
27543
27549
27552
27555
27555
27555
27558
27564
27567
27570
27573
27579
27579
27579
27585
27585
27585
27588
27588
27588
27591
27597
27597
27597
27603
27603
27606
27606
27609
27615
27615
27615
27618
27618
27621
27621
27639
27645
27645
27648
27648
27651
27651
27660
27660
27660
27660
27663
27666
27669
27672
27678
27687
27696
27699
27702
27702
27708
27708
27708
27708
27711
27714
27714
27714
27714
27720
27726
27732
27735
27738
27738
27738
27741
27741
27741
27747
27750
27765
27765
27768
27771
27771
27771
27771
27774
27777
27780
27792
27801
27801
27807
27807
27810
27813
27813
27819
27819
27819
27819
27822
27825
27828
27828
27831
27834
27843
27846
27852
27867
27870
27870
27870
27876
27879
27882
27882
27885
27891
27891
27897
27897
27897
27903
27906
27906
27906
27909
27909
27912
27912
27915
27915
27918
27918
27924
27927
27933
27939
27942
27945
27945
27945
27948
27957
27960
27960
27960
27969
27969
27975
27975
27978
27981
27987
27999
27999
28008
28011
28011
28017
28017
28017
28020
28023
28026
28032
28035
28050
28059
28059
28059
28062
28071
28071
28071
28080
28089
28092
28095
28098
28107
28110
28110
28113
28113
28119
28125
28125
28125
28131
28131
28140
28140
28143
28146
28152
28152
28158
28161
28167
28167
28170
28173
28173
28173
28176
28179
28179
28197
28197
28203
28206
28206
28209
28212
28212
28215
28215
28221
28221
28224
28224
28227
28236
28239
28248
28251
28251
28254
28254
28260
28263
28281
28284
28284
28287
28290
28293
28296
28296
28305
28305
28305
28308
28311
28314
28320
28320
28323
28326
28326
28329
28332
28341
28344
28350
28356
28368
28371
28371
28374
28377
28377
28383
28386
28392
28392
28401
28401
28410
28413
28416
28416
28422
28431
28434
28443
28443
28449
28449
28458
28458
28458
28458
28458
28461
28461
28461
28464
28467
28470
28470
28476
28476
28479
28482
28482
28482
28491
28491
28494
28497
28500
28503
28503
28506
28509
28509
28512
28518
28527
28530
28536
28539
28551
28554
28557
28557
28560
28563
28563
28566
28566
28566
28569
28572
28572
28575
28575
28578
28581
28584
28584
28584
28587
28590
28599
28599
28599
28602
28605
28605
28611
28614
28614
28614
28617
28617
28617
28617
28620
28623
28626
28626
28632
28638
28644
28650
28653
28659
28662
28662
28686
28686
28689
28692
28695
28695
28695
28695
28698
28698
28698
28701
28701
28701
28704
28707
28713
28713
28719
28725
28734
28734
28740
28740
28749
28767
28767
28767
28770
28773
28773
28773
28773
28776
28785
28791
28794
28794
28803
28809
28809
28815
28827
28830
28830
28830
28833
28833
28842
28845
28848
28848
28851
28854
28854
28860
28860
28863
28866
28866
28875
28878
28881
28887
28890
28890
28899
28902
28917
28920
28926
28926
28926
28932
28935
28935
28938
28941
28944
28944
28965
28971
28977
28977
28980
28980
28983
28983
28983
28983
28986
28986
28986
28995
28995
28995
28998
29001
29004
29007
29010
29016
29019
29025
29025
29025
29025
29025
29028
29028
29031
29031
29031
29031
29037
29040
29043
29046
29046
29049
29049
29055
29055
29061
29064
29067
29070
29070
29079
29082
29082
29082
29085
29094
29100
29103
29103
29103
29109
29109
29115
29118
29124
29127
29130
29151
29154
29160
29160
29160
29169
29172
29178
29184
29187
29187
29193
29196
29196
29202
29205
29205
29211
29211
29211
29214
29214
29214
29217
29220
29223
29229
29235
29238
29238
29238
29244
29247
29253
29253
29253
29256
29259
29265
29265
29265
29268
29271
29274
29277
29286
29289
29289
29292
29292
29292
29292
29292
29295
29295
29310
29313
29313
29316
29316
29322
29328
29328
29328
29340
29346
29346
29349
29367
29370
29370
29376
29376
29379
29379
29385
29391
29391
29391
29394
29394
29400
29400
29403
29406
29418
29418
29424
29424
29427
29430
29436
29439
29439
29442
29445
29445
29451
29454
29454
29457
29460
29460
29460
29493
29493
29496
29496
29496
29499
29502
29505
29508
29517
29523
29526
29532
29532
29532
29538
29544
29544
29547
29550
29553
29556
29556
29559
29562
29568
29571
29571
29574
29583
29586
29586
29589
29595
29598
29613
29613
29616
29619
29619
29619
29619
29622
29625
29628
29628
29628
29628
29631
29631
29649
29649
29652
29652
29652
29652
29658
29664
29664
29664
29667
29670
29673
29673
29679
29682
29682
29685
29703
29706
29706
29712
29712
29712
29715
29715
29715
29718
29718
29721
29724
29733
29736
29736
29742
29742
29745
29751
29751
29751
29754
29763
29763
29766
29766
29769
29778
29781
29787
29787
29790
29793
29796
29802
29811
29814
29817
29820
29829
29832
29832
29844
29844
29847
29856
29859
29862
29865
29865
29868
29868
29874
29877
29880
29883
29889
29892
29892
29904
29904
29904
29907
29910
29913
29913
29916
29916
29919
29919
29937
29937
29940
29949
29952
29958
29961
29961
29964
29967
29967
29970
29973
29973
29973
29982
29982
29991
29994
30003
30003
30012
30015
30021
30024
30027
30030
30036
30036
30039
30042
30042
30051
30054
30057
30057
30063
30063
30069
30069
30069
30075
30075
30078
30081
30081
30087
30096
30096
30096
30096
30096
30096
30099
30102
30108
30111
30111
30117
30120
30120
30123
30126
30126
30132
30135
30138
30138
30138
30141
30144
30147
30147
30147
30147
30150
30150
30153
30159
30159
30165
30168
30171
30171
30171
30174
30177
30180
30186
30186
30189
30192
30198
30198
30201
30207
30207
30210
30210
30210
30219
30222
30225
30225
30234
30240
30243
30243
30246
30246
30255
30255
30267
30267
30267
30270
30273
30276
30279
30285
30288
30291
30291
30294
30303
30306
30309
30309
30312
30312
30315
30318
30321
30321
30321
30321
30327
30327
30330
30330
30333
30336
30336
30345
30348
30348
30348
30354
30357
30360
30366
30366
30369
30369
30372
30372
30372
30372
30372
30375
30378
30381
30384
30390
30390
30393
30402
30408
30411
30414
30414
30420
30423
30426
30429
30429
30432
30435
30438
30438
30438
30441
30441
30447
30447
30450
30453
30462
30465
30465
30471
30474
30474
30477
30480
30480
30480
30486
30492
30492
30495
30501
30501
30504
30507
30510
30513
30519
30519
30522
30522
30522
30531
30543
30543
30543
30543
30552
30552
30552
30552
30552
30558
30567
30570
30576
30582
30588
30588
30591
30591
30591
30591
30600
30600
30600
30615
30618
30618
30618
30621
30624
30630
30630
30633
30636
30636
30639
30642
30645
30645
30648
30648
30654
30663
30666
30669
30669
30675
30678
30681
30687
30690
30690
30693
30696
30696
30702
30702
30720
30723
30723
30723
30729
30729
30732
30735
30738
30753
30753
30753
30756
30759
30762
30762
30765
30774
30777
30783
30786
30795
30798
30798
30801
30807
30810
30810
30810
30813
30816
30822
30825
30828
30828
30828
30837
30843
30846
30849
30852
30858
30858
30864
30864
30867
30870
30873
30876
30876
30879
30879
30885
30888
30888
30888
30891
30900
30906
30906
30906
30909
30909
30909
30909
30912
30912
30912
30915
30921
30921
30924
30924
30933
30933
30942
30945
30948
30951
30951
30951
30951
30957
30960
30963
30975
30975
30978
30978
30981
30981
30981
30981
30984
30990
30990
30996
30999
31002
31005
31011
31011
31011
31020
31023
31029
31029
31041
31047
31050
31056
31059
31062
31065
31068
31068
31071
31074
31080
31083
31089
31092
31092
31095
31104
31107
31107
31110
31113
31131
31140
31140
31143
31143
31146
31146
31146
31152
31155
31164
31164
31164
31170
31179
31182
31188
31194
31194
31197
31200
31209
31215
31218
31221
31224
31233
31233
31239
31242
31245
31251
31251
31254
31266
31266
31266
31269
31272
31275
31278
31278
31281
31281
31284
31284
31290
31293
31293
31293
31296
31299
31308
31308
31320
31320
31320
31320
31326
31326
31329
31329
31332
31332
31332
31335
31338
31338
31350
31353
31353
31356
31362
31365
31368
31371
31377
31380
31380
31380
31380
31386
31386
31389
31395
31395
31398
31398
31401
31404
31407
31407
31416
31425
31428
31440
31449
31452
31455
31458
31461
31464
31467
31470
31470
31470
31473
31473
31476
31479
31479
31485
31488
31488
31488
31506
31509
31509
31512
31515
31515
31515
31518
31521
31524
31524
31524
31527
31533
31536
31536
31539
31542
31548
31554
31560
31563
31563
31569
31569
31572
31572
31575
31581
31581
31584
31584
31590
31593
31596
31596
31599
31605
31611
31611
31614
31614
31617
31623
31623
31626
31629
31635
31638
31641
31644
31650
31650
31653
31653
31656
31656
31659
31665
31671
31671
31674
31677
31683
31686
31686
31689
31689
31692
31692
31695
31698
31698
31698
31701
31704
31707
31707
31707
31710
31710
31713
31713
31713
31713
31719
31719
31719
31719
31725
31737
31737
31740
31749
31755
31755
31761
31761
31761
31770
31770
31770
31773
31773
31773
31776
31776
31776
31776
31776
31779
31779
31782
31782
31788
31791
31806
31806
31818
31821
31824
31836
31836
31836
31839
31842
31854
31857
31857
31860
31872
31875
31881
31881
31884
31884
31893
31896
31896
31896
31899
31899
31905
31905
31908
31908
31914
31917
31917
31923
31923
31929
31932
31938
31941
31947
31947
31947
31950
31956
31956
31956
31956
31962
31962
31968
31968
31971
31971
31974
31977
31977
31980
31980
31980
31983
31986
31989
31992
32001
32004
32013
32013
32019
32019
32019
32022
32022
32034
32040
32043
32052
32058
32058
32061
32061
32067
32070
32070
32076
32079
32085
32091
32091
32091
32094
32094
32097
32097
32097
32100
32103
32103
32103
32106
32106
32106
32112
32121
32127
32130
32133
32139
32142
32142
32145
32145
32154
32157
32160
32169
32169
32172
32178
32184
32187
32193
32193
32196
32208
32208
32208
32208
32220
32229
32238
32241
32241
32241
32244
32244
32247
32250
32253
32253
32256
32256
32256
32256
32259
32259
32262
32262
32265
32274
32277
32277
32280
32283
32286
32286
32289
32298
32298
32307
32313
32313
32316
32322
32325
32325
32331
32337
32337
32337
32340
32346
32352
32355
32367
32367
32367
32376
32379
32379
32379
32382
32382
32385
32388
32391
32391
32397
32397
32400
32400
32400
32403
32403
32403
32403
32409
32415
32424
32427
32430
32433
32433
32436
32436
32442
32442
32442
32445
32448
32448
32457
32457
32463
32469
32472
32478
32478
32484
32484
32487
32487
32487
32490
32490
32493
32493
32496
32499
32502
32505
32508
32514
32520
32526
32535
32535
32535
32538
32541
32541
32541
32547
32547
32550
32550
32553
32556
32556
32565
32571
32571
32571
32574
32577
32580
32583
32586
32586
32586
32589
32589
32592
32595
32595
32595
32595
32604
32604
32610
32610
32613
32616
32619
32628
32634
32634
32634
32637
32637
32640
32643
32652
32655
32655
32658
32658
32661
32664
32676
32676
32679
32700
32700
32706
32706
32715
32715
32718
32721
32724
32733
32736
32745
32748
32748
32748
32751
32751
32754
32757
32757
32760
32766
32766
32766
32772
32781
32787
32787
32787
32790
32790
32802
32808
32808
32808
32817
32820
32820
32823
32826
32826
32832
32832
32835
32847
32847
32850
32850
32853
32853
32856
32856
32862
32862
32862
32865
32868
32871
32874
32874
32877
32880
32880
32880
32883
32883
32889
32892
32895
32904
32907
32907
32907
32907
32907
32913
32916
32919
32922
32931
32934
32937
32940
32940
32943
32946
32946
32955
32955
32955
32958
32961
32967
32970
32970
32970
32976
32979
32985
32988
33000
33006
33006
33009
33009
33009
33012
33015
33018
33021
33021
33033
33033
33039
33039
33039
33045
33045
33048
33054
33054
33057
33057
33057
33063
33063
33069
33069
33078
33078
33081
33081
33081
33081
33090
33093
33108
33108
33108
33108
33111
33111
33114
33114
33114
33117
33126
33129
33132
33138
33138
33138
33147
33150
33153
33159
33159
33159
33162
33168
33168
33174
33174
33177
33180
33195
33198
33201
33201
33207
33216
33222
33234
33237
33243
33246
33258
33258
33261
33264
33270
33276
33282
33285
33288
33288
33294
33294
33300
33306
33306
33312
33312
33312
33315
33321
33321
33321
33324
33327
33339
33339
33342
33345
33345
33351
33351
33357
33360
33363
33366
33369
33372
33372
33372
33378
33384
33384
33390
33390
33393
33393
33399
33399
33402
33408
33411
33411
33414
33423
33423
33423
33423
33426
33426
33447
33450
33459
33462
33462
33462
33465
33465
33468
33468
33471
33474
33474
33480
33483
33483
33486
33489
33489
33492
33492
33495
33498
33498
33498
33510
33513
33513
33513
33513
33516
33516
33516
33519
33519
33522
33525
33531
33534
33537
33537
33540
33543
33546
33546
33549
33549
33549
33552
33555
33558
33561
33564
33570
33570
33573
33576
33576
33576
33579
33579
33585
33585
33588
33588
33594
33603
33603
33606
33606
33615
33615
33621
33621
33627
33633
33633
33639
33639
33642
33645
33645
33648
33648
33660
33660
33663
33663
33666
33669
33672
33672
33678
33678
33681
33681
33693
33696
33699
33702
33705
33708
33711
33726
33729
33732
33735
33738
33741
33744
33747
33753
33759
33759
33759
33762
33762
33765
33768
33768
33771
33780
33780
33786
33786
33792
33792
33795
33795
33798
33801
33807
33807
33810
33813
33813
33816
33825
33825
33831
33834
33834
33834
33837
33840
33843
33846
33849
33852
33852
33873
33873
33879
33885
33888
33888
33888
33891
33897
33897
33903
33903
33903
33906
33906
33909
33912
33912
33915
33918
33921
33924
33924
33927
33933
33933
33933
33936
33948
33960
33963
33966
33969
33969
33972
33972
33975
33975
33978
33981
33984
33996
33996
33999
34002
34002
34011
34014
34014
34017
34017
34017
34020
34023
34029
34029
34032
34035
34038
34038
34047
34053
34053
34053
34059
34062
34065
34068
34068
34074
34083
34083
34086
34089
34098
34098
34098
34101
34104
34107
34110
34110
34116
34116
34116
34122
34128
34137
34137
34137
34140
34140
34146
34146
34155
34155
34158
34164
34167
34170
34170
34176
34176
34176
34182
34182
34182
34182
34188
34191
34191
34191
34191
34194
34194
34194
34200
34206
34206
34209
34209
34215
34215
34215
34218
34221
34230
34233
34245
34245
34245
34257
34260
34263
34263
34266
34266
34266
34272
34278
34278
34278
34278
34278
34278
34281
34284
34284
34287
34293
34296
34296
34305
34305
34311
34311
34317
34317
34317
34326
34332
34335
34335
34341
34344
34347
34347
34350
34356
34356
34356
34362
34362
34365
34365
34365
34368
34368
34374
34374
34380
34383
34383
34383
34386
34386
34389
34395
34395
34398
34398
34398
34401
34404
34407
34410
34413
34416
34416
34422
34422
34422
34425
34428
34428
34428
34434
34440
34440
34440
34440
34443
34449
34449
34452
34455
34455
34458
34458
34458
34458
34458
34461
34461
34467
34476
34479
34479
34482
34485
34485
34494
34503
34506
34509
34518
34536
34539
34545
34545
34554
34557
34557
34557
34566
34569
34569
34572
34575
34578
34581
34587
34587
34587
34593
34593
34593
34596
34599
34599
34602
34605
34611
34614
34614
34620
34620
34620
34620
34620
34623
34638
34638
34638
34644
34647
34650
34653
34653
34665
34665
34668
34668
34674
34674
34680
34683
34683
34689
34689
34692
34695
34698
34701
34701
34704
34707
34707
34713
34713
34716
34722
34722
34728
34731
34731
34734
34737
34740
34746
34746
34752
34755
34761
34761
34764
34773
34773
34776
34776
34782
34788
34791
34794
34800
34800
34806
34809
34812
34815
34821
34827
34827
34830
34830
34839
34839
34839
34842
34851
34854
34854
34857
34857
34857
34863
34872
34878
34887
34890
34890
34893
34899
34899
34899
34902
34905
34911
34914
34917
34920
34929
34932
34932
34935
34953
34956
34959
34959
34959
34962
34962
34962
34962
34968
34968
34980
34983
34986
34992
34995
34998
35001
35001
35007
35007
35016
35016
35016
35016
35019
35022
35022
35031
35034
35034
35037
35040
35040
35043
35046
35046
35049
35052
35052
35052
35052
35064
35067
35070
35082
35100
35112
35112
35115
35115
35115
35115
35118
35124
35124
35130
35130
35142
35148
35148
35154
35157
35157
35160
35163
35169
35175
35178
35181
35184
35187
35193
35193
35193
35196
35205
35211
35214
35217
35223
35223
35226
35229
35235
35235
35235
35238
35238
35241
35247
35247
35250
35250
35250
35253
35256
35256
35259
35262
35262
35265
35265
35268
35268
35271
35274
35277
35277
35277
35277
35289
35292
35295
35298
35301
35304
35310
35310
35313
35316
35316
35319
35322
35325
35325
35328
35328
35331
35340
35346
35346
35352
35352
35355
35358
35358
35364
35367
35370
35370
35379
35379
35382
35382
35388
35388
35391
35397
35400
35406
35412
35421
35421
35424
35427
35436
35436
35442
35442
35448
35454
35457
35460
35460
35469
35469
35469
35475
35475
35478
35484
35487
35487
35499
35520
35523
35526
35529
35529
35535
35535
35538
35538
35541
35544
35547
35547
35550
35550
35553
35556
35559
35559
35565
35571
35571
35574
35574
35583
35583
35586
35586
35589
35595
35598
35601
35604
35604
35607
35610
35619
35619
35619
35631
35643
35652
35652
35652
35652
35655
35658
35664
35664
35667
35667
35670
35670
35673
35679
35682
35682
35685
35697
35712
35724
35751
35751
35754
35757
35757
35760
35763
35772
35772
35775
35775
35781
35784
35784
35787
35796
35799
35811
35814
35820
35832
35835
35835
35847
35850
35850
35853
35859
35859
35859
35865
35865
35868
35868
35871
35874
35874
35874
35877
35880
35886
35889
35892
35901
35907
35910
35910
35910
35913
35913
35913
35916
35919
35922
35922
35925
35925
35925
35928
35931
35931
35943
35946
35949
35952
35955
35967
35970
35970
35982
35982
35988
35988
35991
35991
35991
