13000
0
9
12
15
15
18
27
27
30
33
33
39
42
45
45
48
51
54
54
57
60
60
63
69
69
75
78
81
81
93
96
96
96
105
111
117
117
117
117
120
126
126
126
132
135
135
138
141
144
153
156
156
156
159
159
165
168
168
171
174
177
180
186
189
189
201
213
213
216
219
222
228
228
228
228
234
243
243
252
264
264
264
267
273
276
285
300
306
306
306
315
315
318
318
321
327
327
330
333
336
336
342
342
345
351
351
354
360
369
372
378
384
384
387
390
396
405
405
408
411
414
420
426
432
435
438
438
438
441
450
453
462
465
465
468
471
477
480
483
486
489
489
498
504
504
507
510
513
516
516
522
528
537
540
543
543
543
549
549
549
549
558
558
561
561
567
570
573
576
585
588
588
588
591
594
594
597
597
600
600
600
603
606
618
624
627
633
633
639
639
639
642
642
645
645
645
648
648
648
654
654
666
669
669
672
672
672
681
681
684
687
690
690
696
699
699
699
699
702
705
708
708
708
708
723
726
735
735
741
747
747
747
750
756
759
768
771
771
774
777
780
780
780
783
789
795
795
798
798
813
813
816
822
831
831
834
837
840
840
840
843
849
849
852
858
858
861
861
861
864
867
867
870
870
870
870
873
882
882
888
888
894
894
900
906
912
915
918
918
921
921
924
930
939
939
942
948
948
951
951
951
954
960
966
969
972
975
978
981
987
987
990
1002
1002
1011
1017
1017
1017
1020
1020
1023
1026
1035
1038
1041
1044
1050
1050
1059
1059
1062
1071
1080
1080
1083
1089
1095
1098
1101
1101
1101
1107
1110
1113
1122
1125
1131
1131
1137
1137
1140
1143
1143
1146
1146
1158
1161
1164
1164
1167
1167
1167
1173
1176
1182
1182
1182
1182
1185
1185
1185
1191
1197
1197
1197
1197
1200
1203
1206
1212
1215
1218
1221
1221
1224
1224
1227
1230
1233
1239
1242
1263
1263
1266
1266
1272
1272
1278
1281
1284
1284
1287
1293
1296
1299
1305
1305
1308
1314
1317
1317
1320
1320
1323
1326
1326
1329
1329
1335
1341
1347
1347
1353
1353
1359
1362
1362
1368
1368
1371
1371
1374
1374
1374
1377
1380
1380
1380
1380
1383
1389
1395
1398
1398
1401
1407
1407
1413
1419
1428
1428
1428
1431
1440
1446
1455
1455
1458
1458
1461
1470
1470
1473
1482
1485
1485
1488
1488
1488
1491
1497
1500
1500
1500
1509
1518
1518
1524
1527
1530
1533
1536
1542
1545
1545
1545
1548
1548
1554
1554
1557
1560
1566
1572
1575
1575
1581
1581
1584
1587
1590
1596
1599
1599
1602
1617
1623
1623
1629
1629
1635
1635
1644
1653
1653
1656
1656
1665
1668
1671
1671
1677
1677
1683
1686
1689
1698
1698
1701
1713
1716
1719
1731
1731
1737
1746
1746
1749
1752
1755
1758
1761
1761
1761
1767
1767
1767
1773
1773
1776
1779
1785
1791
1794
1797
1806
1815
1815
1818
1818
1821
1821
1824
1827
1839
1839
1842
1842
1842
1845
1845
1848
1848
1854
1857
1860
1863
1866
1869
1872
1875
1887
1890
1890
1899
1902
1902
1902
1905
1908
1911
1920
1923
1926
1926
1929
1929
1935
1938
1941
1947
1953
1956
1962
1965
1968
1968
1971
1971
1974
1977
1980
1983
1983
1986
1986
1986
1992
1992
1992
1995
2004
2004
2007
2010
2013
2016
2019
2019
2019
2025
2034
2043
2043
2049
2049
2052
2052
2064
2070
2073
2073
2073
2076
2076
2076
2079
2082
2091
2091
2091
2097
2100
2103
2103
2103
2106
2109
2112
2112
2115
2115
2118
2130
2130
2136
2142
2145
2148
2148
2148
2154
2157
2160
2166
2169
2169
2172
2175
2178
2181
2184
2187
2187
2193
2193
2196
2196
2199
2202
2202
2202
2205
2208
2208
2208
2211
2214
2220
2223
2223
2229
2229
2232
2235
2238
2238
2238
2241
2241
2247
2253
2253
2256
2256
2259
2262
2265
2268
2268
2271
2274
2286
2289
2289
2289
2292
2298
2298
2313
2325
2328
2331
2337
2340
2340
2340
2340
2349
2349
2349
2352
2352
2364
2367
2367
2370
2370
2373
2376
2379
2382
2382
2382
2382
2391
2391
2394
2397
2397
2400
2400
2400
2403
2409
2412
2421
2424
2424
2430
2430
2433
2433
2436
2442
2445
2445
2448
2457
2469
2469
2472
2475
2475
2478
2484
2484
2487
2490
2490
2493
2493
2493
2493
2496
2505
2505
2520
2520
2526
2529
2529
2535
2538
2538
2541
2544
2550
2553
2553
2556
2556
2562
2565
2568
2571
2571
2571
2574
2574
2580
2580
2583
2583
2586
2592
2595
2601
2604
2610
2619
2619
2619
2619
2619
2619
2625
2628
2634
2637
2637
2643
2643
2646
2649
2652
2652
2655
2661
2661
2664
2676
2676
2682
2682
2682
2682
2688
2691
2691
2694
2694
2700
2703
2703
2703
2709
2712
2712
2712
2712
2715
2718
2724
2724
2727
2727
2733
2736
2739
2742
2742
2745
2748
2748
2748
2751
2754
2757
2763
2763
2766
2775
2775
2775
2784
2793
2796
2799
2802
2802
2805
2808
2811
2814
2814
2814
2820
2823
2823
2826
2826
2829
2829
2832
2838
2841
2844
2847
2850
2856
2856
2856
2868
2871
2871
2871
2877
2895
2895
2901
2901
2901
2901
2904
2910
2913
2916
2916
2928
2937
2940
2940
2940
2943
2943
2946
2949
2949
2955
2961
2961
2964
2964
2967
2967
2970
2973
2982
2982
2985
2988
2988
3000
3000
3000
3006
3006
3009
3009
3012
3015
3015
3030
3030
3033
3036
3045
3045
3048
3048
3051
3051
3054
3054
3054
3057
3063
3063
3066
3069
3078
3081
3087
3090
3090
3093
3093
3093
3096
3102
3108
3108
3111
3111
3111
3111
3114
3117
3120
3120
3129
3129
3129
3135
3138
3138
3147
3150
3150
3153
3153
3159
3159
3159
3162
3165
3171
3171
3171
3171
3174
3174
3177
3180
3180
3189
3192
3192
3198
3201
3207
3210
3213
3213
3216
3222
3222
3228
3243
3249
3249
3252
3252
3252
3255
3255
3258
3258
3258
3261
3264
3267
3267
3267
3270
3270
3270
3270
3273
3273
3276
3276
3282
3285
3285
3288
3300
3300
3303
3303
3318
3321
3330
3336
3339
3339
3342
3345
3354
3354
3357
3360
3360
3360
3369
3375
3384
3387
3390
3393
3393
3396
3399
3399
3405
3405
3405
3408
3414
3414
3417
3417
3423
3426
3432
3438
3438
3441
3444
3450
3453
3474
3474
3477
3477
3477
3477
3486
3489
3489
3489
3492
3495
3504
3507
3516
3519
3531
3531
3534
3534
3537
3537
3540
3546
3549
3552
3555
3558
3561
3567
3570
3570
3573
3573
3582
3588
3588
3591
3594
3600
3603
3606
3612
3615
3618
3618
3621
3624
3627
3633
3642
3645
3645
3645
3648
3660
3660
3663
3666
3666
3666
3669
3672
3672
3675
3675
3675
3678
3678
3684
3684
3687
3690
3690
3693
3696
3702
3702
3705
3708
3708
3711
3717
3720
3729
3732
3735
3735
3738
3738
3738
3741
3747
3747
3747
3747
3753
3753
3753
3759
3759
3765
3765
3765
3768
3768
3771
3771
3780
3792
3792
3795
3798
3807
3807
3807
3810
3810
3813
3816
3819
3822
3822
3828
3831
3837
3840
3840
3843
3849
3852
3852
3858
3858
3861
3861
3864
3867
3870
3870
3873
3873
3876
3879
3882
3882
3885
3885
3888
3888
3891
3900
3900
3900
3903
3909
3909
3909
3915
3915
3918
3918
3924
3924
3927
3927
3927
3930
3933
3936
3945
3951
3960
3960
3960
3960
3966
3969
3969
3972
3972
3975
3978
3999
4005
4008
4011
4011
4014
4014
4017
4017
4023
4026
4029
4032
4038
4041
4047
4053
4053
4065
4068
4071
4080
4080
4083
4086
4092
4101
4104
4104
4110
4116
4116
4119
4122
4122
4128
4128
4137
4140
4140
4146
4146
4155
4155
4164
4176
4179
4182
4182
4188
4188
4191
4194
4194
4197
4200
4200
4203
4206
4215
4215
4227
4227
4230
4230
4233
4236
4236
4239
4239
4245
4254
4257
4257
4269
4269
4275
4275
4281
4284
4287
4290
4290
4290
4293
4293
4293
4293
4296
4296
4299
4302
4308
4308
4311
4311
4311
4317
4317
4317
4317
4326
4335
4335
4335
4335
4335
4338
4338
4338
4338
4338
4338
4344
4347
4347
4350
4353
4356
4362
4362
4365
4365
4368
4371
4371
4371
4371
4374
4377
4380
4383
4392
4395
4401
4401
4419
4422
4422
4425
4428
4440
4443
4452
4452
4452
4455
4455
4458
4458
4458
4461
4461
4467
4473
4473
4476
4476
4479
4482
4482
4485
4485
4497
4500
4503
4506
4509
4512
4515
4515
4524
4533
4536
4539
4545
4548
4554
4557
4566
4566
4566
4569
4569
4569
4572
4572
4578
4584
4584
4584
4587
4593
4596
4599
4608
4611
4611
4611
4623
4623
4626
4629
4629
4632
4632
4635
4641
4644
4647
4647
4647
4650
4659
4662
4665
4665
4668
4671
4671
4671
4674
4677
4677
4677
4677
4680
4686
4689
4692
4695
4698
4698
4707
4719
4722
4725
4734
4737
4752
4752
4755
4755
4758
4764
4764
4770
4773
4779
4779
4785
4791
4800
4800
4800
4800
4803
4806
4809
4809
4815
4818
4818
4830
4836
4836
4839
4839
4842
4845
4848
4854
4857
4860
4863
4869
4872
4872
4875
4875
4875
4878
4878
4878
4881
4881
4884
4884
4884
4887
4890
4890
4890
4890
4893
4899
4902
4902
4905
4905
4908
4911
4914
4917
4920
4923
4923
4929
4932
4935
4944
4947
4953
4953
4953
4956
4956
4962
4962
4971
4971
4974
4980
4980
4983
4983
4992
4995
4995
4998
5004
5004
5016
5016
5016
5019
5022
5022
5025
5028
5028
5031
5034
5034
5037
5040
5043
5043
5043
5043
5046
5046
5049
5049
5052
5055
5055
5055
5055
5055
5067
5070
5073
5079
5079
5082
5085
5085
5091
5091
5094
5097
5097
5100
5109
5109
5109
5112
5112
5112
5118
5124
5127
5127
5130
5130
5142
5148
5154
5157
5157
5160
5166
5169
5172
5175
5178
5178
5181
5181
5187
5187
5190
5196
5199
5199
5202
5205
5208
5214
5214
5214
5217
5220
5226
5226
5226
5229
5229
5229
5232
5232
5235
5235
5238
5238
5238
5238
5238
5238
5244
5244
5247
5247
5253
5253
5253
5256
5256
5259
5259
5271
5271
5277
5277
5280
5286
5286
5286
5292
5292
5292
5298
5301
5301
5304
5307
5310
5313
5313
5319
5319
5322
5325
5328
5340
5343
5349
5349
5352
5352
5352
5355
5355
5358
5361
5367
5367
5367
5370
5370
5376
5379
5385
5388
5391
5397
5400
5403
5406
5406
5409
5409
5412
5412
5415
5418
5421
5424
5424
5427
5427
5427
5427
5430
5436
5442
5442
5442
5445
5445
5448
5448
5451
5454
5454
5454
5454
5460
5460
5466
5469
5469
5472
5478
5481
5481
5481
5484
5484
5493
5499
5502
5505
5505
5508
5511
5511
5514
5517
5520
5520
5523
5523
5529
5529
5535
5538
5538
5541
5541
5550
5553
5553
5553
5556
5556
5574
5580
5592
5592
5592
5595
5595
5598
5601
5601
5604
5607
5610
5613
5616
5625
5625
5628
5628
5628
5631
5637
5643
5646
5652
5652
5652
5661
5661
5664
5670
5673
5676
5676
5676
5679
5685
5688
5691
5706
5706
5709
5712
5712
5715
5715
5724
5730
5730
5733
5733
5742
5745
5745
5745
5748
5751
5754
5763
5763
5766
5772
5772
5781
5781
5781
5781
5781
5790
5790
5793
5799
5802
5811
5814
5817
5817
5820
5829
5835
5838
5844
5847
5847
5853
5853
5856
5859
5862
5862
5865
5865
5868
5874
5874
5874
5892
5898
5901
5904
5904
5907
5907
5910
5910
5913
5916
5916
5922
5925
5925
5928
5928
5928
5931
5931
5937
5940
5940
5946
5949
5949
5958
5961
5964
5976
5979
5982
5982
5985
5985
5988
5988
5997
5997
6003
6018
6021
6021
6024
6027
6030
6033
6033
6033
6033
6042
6051
6054
6057
6057
6060
6060
6063
6063
6063
6069
6069
6072
6075
6081
6087
6087
6096
6096
6099
6108
6111
6111
6114
6117
6117
6117
6126
6126
6126
6126
6126
6129
6129
6135
6141
6141
6144
6147
6147
6147
6150
6153
6153
6153
6165
6165
6168
6177
6177
6183
6186
6186
6192
6198
6207
6207
6207
6210
6210
6210
6216
6216
6222
6222
6222
6222
6225
6228
6231
6234
6237
6237
6237
6243
6243
6243
6246
6249
6252
6255
6258
6264
6267
6267
6270
6270
6273
6276
6276
6279
6279
6282
6285
6285
6288
6291
6294
6300
6300
6306
6309
6312
6312
6312
6315
6315
6318
6321
6321
6324
6327
6333
6339
6345
6348
6351
6357
6360
6363
6369
6369
6372
6372
6372
6372
6375
6375
6378
6384
6384
6384
6393
6393
6393
6399
6417
6420
6420
6423
6429
6432
6432
6438
6444
6447
6459
6462
6462
6465
6471
6471
6477
6477
6477
6480
6483
6483
6492
6498
6504
6507
6507
6510
6513
6516
6519
6519
6522
6522
6522
6525
6531
6531
6531
6531
6537
6537
6540
6543
6543
6543
6558
6558
6573
6576
6579
6582
6582
6585
6600
6600
6603
6609
6609
6618
6621
6621
6624
6624
6630
6630
6630
6630
6630
6633
6636
6639
6642
6651
6654
6657
6660
6663
6672
6678
6678
6684
6687
6690
6690
6696
6696
6696
6699
6708
6711
6711
6714
6714
6714
6717
6723
6732
6741
6741
6753
6753
6753
6753
6762
6765
6768
6774
6774
6777
6777
6777
6777
6780
6780
6786
6795
6798
6801
6801
6801
6801
6807
6807
6813
6813
6819
6819
6819
6831
6831
6837
6843
6849
6852
6861
6861
6876
6876
6879
6879
6882
6882
6888
6891
6891
6891
6894
6897
6909
6912
6915
6915
6918
6921
6924
6933
6945
6945
6945
6945
6957
6957
6957
6960
6960
6963
6966
6972
6975
6981
6981
6981
6981
6984
6984
6987
6993
6996
6999
7002
7002
7002
7002
7008
7011
7011
7014
7017
7017
7017
7020
7023
7026
7026
7029
7035
7038
7038
7041
7044
7044
7062
7062
7068
7074
7074
7080
7086
7095
7095
7095
7098
7101
7104
7104
7107
7107
7110
7110
7110
7113
7116
7116
7116
7122
7131
7137
7143
7146
7155
7161
7167
7167
7170
7173
7176
7182
7185
7188
7188
7188
7191
7191
7194
7200
7203
7209
7209
7215
7215
7215
7221
7221
7224
7227
7230
7230
7230
7233
7233
7236
7239
7242
7251
7251
7260
7263
7266
7275
7281
7284
7293
7293
7299
7302
7302
7305
7308
7314
7314
7320
7323
7323
7323
7326
7332
7332
7335
7338
7341
7341
7344
7347
7350
7353
7353
7362
7365
7371
7374
7377
7383
7383
7389
7392
7395
7398
7401
7404
7404
7404
7407
7413
7416
7416
7425
7425
7434
7434
7437
7440
7440
7443
7449
7455
7455
7458
7458
7458
7461
7461
7461
7464
7467
7467
7470
7473
7476
7476
7482
7485
7488
7488
7488
7488
7491
7491
7497
7497
7497
7497
7512
7512
7515
7518
7518
7521
7524
7527
7530
7530
7536
7539
7539
7539
7542
7566
7566
7572
7572
7575
7578
7578
7578
7581
7581
7581
7584
7584
7587
7590
7593
7596
7599
7602
7605
7608
7614
7620
7626
7626
7632
7635
7635
7638
7638
7641
7641
7644
7650
7653
7659
7671
7677
7680
7683
7686
7686
7686
7686
7689
7698
7698
7701
7701
7701
7710
7710
7710
7719
7728
7728
7731
7731
7737
7743
7746
7746
7749
7755
7755
7755
7758
7758
7761
7761
7764
7779
7782
7782
7782
7782
7788
7788
7788
7797
7800
7809
7812
7812
7812
7812
7821
7824
7830
7833
7839
7845
7848
7848
7851
7854
7854
7854
7863
7863
7866
7869
7878
7881
7881
7881
7884
7890
7890
7890
7896
7902
7905
7905
7905
7908
7914
7914
7920
7923
7929
7935
7950
7956
7956
7956
7959
7959
7962
7974
7980
7986
7986
7989
8004
8004
8007
8007
8007
8007
8013
8022
8025
8025
8025
8028
8028
8031
8031
8037
8037
8037
8046
8049
8052
8055
8055
8061
8064
8064
8079
8079
8082
8088
8100
8103
8106
8109
8112
8112
8115
8121
8121
8121
8124
8124
8127
8127
8133
8133
8133
8133
8136
8139
8145
8148
8157
8157
8160
8160
8163
8163
8169
8175
8184
8187
8187
8190
8193
8193
8199
8199
8199
8202
8202
8205
8205
8205
8211
8211
8214
8217
8229
8229
8229
8232
8232
8235
8235
8238
8241
8250
8256
8259
8259
8262
8262
8265
8274
8274
8274
8280
8283
8289
8295
8295
8298
8298
8310
8310
8313
8313
8316
8316
8319
8322
8322
8325
8328
8328
8328
8328
8331
8331
8340
8340
8343
8346
8358
8358
8364
8367
8370
8376
8385
8388
8391
8391
8391
8391
8400
8403
8403
8427
8433
8436
8436
8436
8442
8445
8448
8448
8451
8451
8454
8457
8457
8463
8463
8466
8469
8469
8475
8475
8478
8481
8484
8484
8487
8487
8490
8493
8496
8496
8499
8508
8529
8532
8535
8538
8541
8541
8541
8541
8547
8547
8556
8556
8559
8562
8568
8568
8571
8571
8571
8577
8577
8580
8583
8586
8586
8589
8592
8607
8616
8619
8622
8622
8625
8625
8631
8631
8634
8634
8637
8646
8646
8652
8655
8655
8655
8658
8661
8667
8670
8676
8679
8682
8682
8688
8697
8703
8703
8706
8712
8718
8721
8724
8730
8733
8733
8742
8751
8754
8757
8763
8763
8769
8772
8775
8775
8778
8778
8781
8781
8793
8799
8802
8805
8808
8814
8817
8823
8823
8823
8826
8826
8832
8835
8838
8841
8844
8850
8853
8853
8862
8868
8868
8868
8871
8874
8877
8895
8895
8898
8904
8907
8907
8907
8907
8910
8913
8916
8916
8919
8919
8919
8925
8925
8925
8934
8934
8934
8940
8943
8943
8946
8946
8946
8952
8955
8955
8958
8958
8958
8970
8982
8988
8988
8988
8991
9006
9006
9015
9027
9027
9027
9030
9033
9033
9042
9042
9048
9051
9051
9057
9057
9060
9069
9069
9078
9078
9078
9081
9084
9090
9090
9090
9093
9096
9096
9105
9108
9108
9108
9111
9114
9114
9117
9120
9126
9126
9129
9132
9135
9138
9141
9141
9144
9147
9150
9150
9153
9153
9159
9159
9159
9168
9171
9171
9171
9177
9177
9177
9183
9183
9186
9189
9198
9198
9204
9207
9213
9213
9216
9216
9219
9225
9231
9231
9237
9240
9246
9255
9258
9261
9261
9261
9270
9273
9273
9282
9282
9282
9288
9294
9297
9297
9297
9300
9300
9300
9303
9315
9318
9321
9321
9321
9321
9327
9330
9330
9330
9336
9336
9360
9363
9366
9369
9369
9369
9372
9372
9372
9384
9384
9387
9387
9390
9390
9399
9402
9402
9405
9405
9405
9411
9414
9414
9417
9420
9423
9432
9432
9435
9438
9441
9441
9450
9453
9456
9459
9462
9462
9462
9471
9474
9474
9474
9474
9477
9477
9477
9477
9483
9486
9489
9495
9495
9495
9498
9501
9504
9507
9513
9516
9516
9516
9522
9528
9528
9531
9531
9531
9534
9537
9540
9540
9540
9540
9543
9543
9543
9546
9546
9549
9552
9555
9561
9561
9567
9570
9573
9573
9573
9573
9576
9579
9585
9585
9585
9588
9588
9591
9591
9597
9597
9609
9609
9615
9615
9621
9624
9627
9627
9627
9636
9639
9639
9639
9639
9645
9654
9654
9660
9660
9660
9669
9669
9672
9672
9672
9675
9675
9678
9696
9696
9702
9705
9705
9714
9720
9720
9723
9723
9726
9726
9729
9732
9732
9735
9735
9735
9738
9738
9753
9759
9762
9762
9765
9765
9765
9765
9768
9771
9780
9789
9792
9801
9810
9810
9810
9810
9810
9813
9813
9819
9822
9825
9828
9828
9831
9834
9843
9843
9855
9861
9861
9864
9867
9870
9870
9873
9879
9885
9885
9891
9891
9894
9897
9897
9897
9900
9909
9909
9912
9912
9912
9915
9915
9918
9927
9930
9933
9936
9939
9939
9945
9948
9960
9960
9969
9969
9969
9969
9969
9975
9975
9981
9990
9990
10002
10002
10005
10008
10011
10014
10014
10017
10020
10023
10026
10026
10029
10035
10038
10038
10041
10044
10044
10047
10050
10062
10062
10062
10065
10065
10065
10065
10068
10068
10074
10080
10083
10086
10089
10092
10092
10095
10095
10098
10101
10101
10110
10113
10128
10131
10137
10137
10137
10140
10140
10143
10146
10149
10152
10152
10158
10161
10161
10161
10161
10167
10170
10176
10176
10176
10179
10185
10185
10188
10188
10191
10194
10200
10206
10209
10212
10215
10215
10218
10221
10221
10227
10230
10236
10239
10242
10245
10245
10254
10263
10263
10263
10266
10269
10269
10275
10275
10278
10284
10287
10290
10293
10296
10302
10311
10317
10320
10332
10335
10335
10338
10341
10344
10344
10344
10347
10353
10353
10356
10377
10383
10386
10386
10386
10389
10395
10398
10401
10401
10404
10407
10410
10413
10413
10413
10416
10422
10434
10443
10446
10446
10449
10449
10449
10458
10464
10467
10467
10470
10470
10470
10470
10470
10476
10479
10479
10482
10491
10491
10497
10497
10500
10500
10503
10506
10506
10506
10509
10515
10521
10521
10527
10530
10530
10530
10530
10533
10536
10542
10545
10548
10548
10551
10551
10554
10557
10557
10563
10563
10566
10569
10575
10575
10575
10578
10581
10584
10584
10587
10593
10593
10596
10608
10614
10620
10626
10626
10632
10638
10638
10638
10644
10647
10647
10656
10662
10662
10662
10668
10674
10674
10683
10683
10686
10686
10698
10701
10701
10704
10707
10710
10713
10713
10716
10722
10728
10728
10737
10740
10743
10752
10755
10761
10761
10761
10761
10761
10764
10767
10767
10767
10779
10779
10782
10782
10782
10788
10788
10791
10794
10794
10797
10806
10806
10806
10809
10812
10812
10815
10818
10821
10821
10824
10824
10830
10830
10830
10833
10836
10836
10839
10842
10845
10848
10854
10854
10854
10860
10863
10872
10872
10875
10875
10878
10884
10884
10884
10890
10893
10896
10908
10908
10908
10914
10917
10917
10926
10929
10938
10941
10944
10944
10947
10950
10953
10956
10956
10956
10962
10962
10965
10968
10971
10971
10977
10980
10983
10983
10986
10986
10992
10992
10992
10998
11004
11010
11016
11025
11025
11025
11028
11031
11034
11034
11040
11040
11040
11043
11043
11049
11049
11049
11052
11055
11064
11064
11064
11067
11070
11076
11079
11079
11085
11091
11094
11097
11100
11100
11103
11112
11112
11124
11124
11136
11136
11139
11139
11142
11151
11154
11160
11163
11163
11166
11166
11166
11169
11172
11172
11175
11178
11178
11178
11178
11178
11181
11187
11187
11187
11199
11202
11205
11217
11223
11232
11235
11238
11238
11241
11250
11256
11259
11259
11262
11268
11271
11271
11271
11271
11277
11277
11280
11280
11283
11283
11283
11289
11295
11301
11307
11310
11313
11313
11319
11319
11322
11322
11322
11325
11328
11328
11331
11337
11340
11349
11352
11352
11352
11352
11355
11358
11358
11361
11361
11364
11367
11370
11370
11370
11373
11376
11376
11379
11382
11382
11382
11391
11397
11397
11400
11406
11406
11412
11412
11412
11415
11421
11424
11427
11430
11442
11445
11445
11445
11448
11454
11457
11463
11463
11466
11466
11475
11475
11478
11487
11487
11490
11493
11496
11499
11499
11499
11499
11505
11511
11514
11514
11517
11517
11517
11520
11523
11529
11535
11541
11541
11541
11547
11550
11550
11550
11553
11553
11556
11559
11562
11562
11565
11568
11571
11580
11583
11586
11592
11595
11601
11607
11610
11613
11613
11616
11616
11616
11616
11619
11622
11625
11628
11628
11631
11640
11643
11646
11649
11649
11652
11658
11658
11658
11658
11664
11664
11664
11664
11676
11676
11682
11682
11682
11685
11697
11697
11706
11712
11712
11712
11718
11721
11721
11730
11733
11736
11739
11739
11742
11751
11754
11754
11760
11763
11769
11769
11775
11778
11781
11784
11787
11787
11790
11793
11796
11802
11808
11811
11814
11817
11817
11817
11823
11826
11826
11826
11832
11835
11841
11847
11850
11853
11853
11856
11856
11856
11859
11859
11874
11877
11880
11880
11883
11883
11889
11892
11904
11907
11919
11925
11928
11931
11937
11937
11940
11940
11943
11943
11952
11952
11952
11955
11967
11967
11973
11973
11976
11976
11979
11982
11982
11985
11988
11997
11997
12000
12000
12009
12012
12012
12018
12021
12027
12039
12039
12039
12048
12048
12048
12051
12054
12060
12060
12060
12063
12066
12069
12075
12078
12084
12084
12087
12087
12090
12093
12096
12096
12096
12099
12105
12108
12108
12111
12126
12126
12132
12138
12138
12138
12138
12144
12150
12153
12153
12153
12156
12159
12159
12159
12168
12171
12174
12177
12177
12177
12186
12189
12189
12195
12195
12201
12201
12204
12204
12207
12207
12210
12213
12213
12216
12216
12222
12222
12222
12225
12234
12234
12234
12240
12240
12246
12249
12252
12258
12267
12270
12273
12273
12276
12276
12279
12282
12285
12294
12294
12297
12297
12300
12303
12312
12315
12315
12318
12318
12318
12324
12327
12339
12339
12348
12348
12357
12363
12363
12366
12369
12375
12381
12381
12384
12384
12387
12390
12393
12393
12396
12396
12399
12402
12405
12408
12411
12411
12417
12420
12423
12423
12423
12426
12429
12429
12441
12441
12441
12447
12450
12450
12453
12456
12459
12459
12462
12468
12468
12477
12480
12480
12480
12483
12492
12504
12510
12516
12519
12522
12522
12528
12531
12534
12537
12537
12543
12543
12546
12546
12549
12555
12558
12558
12567
12570
12570
12570
12573
12576
12579
12579
12585
12588
12594
12600
12603
12603
12606
12609
12609
12609
12615
12615
12618
12618
12618
12618
12624
12627
12630
12630
12630
12633
12639
12642
12651
12654
12654
12660
12663
12669
12669
12669
12672
12675
12678
12684
12684
12684
12687
12687
12696
12696
12699
12702
12711
12714
12714
12714
12717
12720
12726
12732
12735
12735
12738
12747
12750
12750
12756
12759
12759
12759
12762
12768
12771
12771
12774
12774
12774
12774
12777
12777
12780
12783
12789
12789
12792
12792
12795
12798
12801
12807
12810
12813
12816
12819
12822
12825
12828
12828
12831
12831
12834
12849
12858
12858
12861
12867
12867
12870
12873
12873
12876
12879
12879
12885
12891
12894
12906
12912
12912
12918
12918
12924
12927
12927
12927
12927
12930
12930
12933
12936
12936
12939
12948
12951
12957
12957
12963
12963
12963
12969
12978
12978
12981
12981
12987
12993
12993
13005
13008
13014
13014
13017
13017
13017
13017
13026
13029
13029
13032
13032
13038
13044
13044
13047
13050
13050
13053
13056
13056
13062
13062
13068
13071
13071
13092
13098
13101
13104
13110
13110
13122
13125
13125
13125
13131
13143
13143
13143
13146
13155
13155
13155
13158
13158
13158
13158
13164
13170
13170
13176
13182
13182
13182
13185
13185
13188
13194
13200
13203
13215
13215
13215
13221
13227
13233
13236
13239
13239
13242
13242
13245
13248
13248
13251
13266
13266
13269
13278
13278
13281
13284
13284
13284
13287
13296
13296
13299
13299
13308
13311
13317
13317
13320
13323
13326
13338
13341
13341
13341
13344
13353
13353
13356
13356
13365
13365
13368
13380
13380
13383
13386
13392
13392
13395
13395
13398
13401
13404
13410
13416
13416
13419
13434
13437
13440
13449
13455
13455
13470
13473
13476
13476
13482
13482
13485
13485
13488
13488
13491
13491
13494
13494
13503
13503
13506
13512
13512
13515
13518
13518
13518
13524
13527
13533
13533
13536
13539
13545
13548
13557
13557
13557
13560
13563
13566
13569
13572
13578
13578
13590
13593
13599
13602
13614
13614
13614
13617
13617
13617
13620
13626
13629
13641
13644
13644
13647
13650
13650
13653
13662
13662
13662
13665
13668
13680
13680
13686
13686
13689
13695
13695
13695
13698
13701
13701
13701
13701
13704
13707
13707
13710
13710
13713
13713
13716
13719
13728
13734
13734
13737
13740
13746
13749
13752
13752
13752
13755
13755
13761
13767
13770
13770
13773
13773
13779
13785
13785
13806
13806
13809
13809
13812
13815
13815
13818
13821
13824
13827
13830
13836
13836
13839
13842
13848
13848
13851
13860
13863
13866
13866
13866
13872
13872
13875
13878
13881
13893
13893
13896
13899
13899
13902
13905
13908
13911
13911
13917
13917
13929
13929
13932
13935
13935
13938
13941
13941
13947
13953
13956
13956
13959
13959
13962
13965
13965
13971
13977
13983
13989
13998
14001
14004
14004
14016
14022
14022
14028
14031
14031
14034
14034
14037
14046
14049
14055
14055
14058
14058
14070
14070
14076
14082
14085
14085
14085
14094
14097
14097
14100
14100
14103
14103
14106
14109
14109
14112
14127
14130
14133
14136
14139
14145
14148
14154
14154
14154
14154
14160
14163
14166
14169
14172
14172
14175
14175
14178
14181
14184
14184
14184
14184
14184
14196
14196
14199
14199
14202
14211
14217
14220
14223
14223
14226
14226
14229
14232
14235
14244
14247
14247
14253
14253
14253
14253
14256
14256
14262
14268
14274
14280
14286
14286
14292
14292
14295
14298
14298
14310
14316
14319
14322
14325
14325
14331
14334
14346
14346
14346
14349
14352
14352
14352
14361
14364
14367
14367
14367
14370
14370
14373
14376
14382
14388
14388
14388
14391
14397
14400
14400
14400
14403
14406
14409
14409
14415
14421
14424
14424
14427
14430
14433
14442
14442
14448
14448
14448
14451
14457
14460
14463
14469
14472
14484
14484
14484
14484
14487
14487
14493
14496
14499
14508
14514
14517
14517
14520
14529
14541
14541
14547
14547
14547
14550
14550
14553
14559
14559
14562
14562
14565
14565
14568
14568
14571
14571
14571
14577
14580
14583
14583
14583
14586
14586
14589
14595
14595
14601
14601
14610
14610
14628
14634
14634
14637
14637
14643
14643
14646
14652
14652
14655
14661
14664
14667
14679
14682
14682
14682
14682
14685
14685
14691
14691
14691
14694
14700
14703
14706
14706
14706
14709
14712
14712
14712
14712
14730
14730
14742
14748
14748
14748
14751
14751
14754
14763
14769
14769
14769
14769
14772
14772
14775
14781
14781
14781
14787
14787
14793
14793
14802
14802
14811
14820
14829
14829
14832
14832
14835
14835
14838
14838
14847
14847
14850
14859
14859
14862
14862
14868
14868
14871
14874
14874
14877
14880
14880
14880
14883
14895
14895
14895
14898
14904
14907
14910
14910
14910
14913
14916
14919
14928
14928
14931
14931
14934
14937
14937
14940
14943
14955
14955
14961
14961
14961
14964
14967
14967
14976
14979
14982
14982
14985
14988
14991
14991
14994
14997
15000
15003
15006
15009
15012
15012
15018
15021
15027
15030
15033
15036
15039
15042
15048
15051
15051
15051
15057
15063
15069
15069
15069
15072
15075
15075
15081
15084
15084
15084
15093
15093
15096
15102
15102
15102
15105
15105
15105
15114
15114
15117
15126
15126
15132
15132
15138
15138
15138
15141
15150
15150
15150
15156
15156
15159
15162
15165
15165
15168
15171
15171
15183
15186
15189
15189
15201
15210
15210
15210
15210
15216
15219
15222
15222
15222
15225
15237
15240
15240
15240
15243
15246
15246
15246
15249
15252
15255
15255
15261
15261
15264
15270
15270
15273
15273
15276
15282
15282
15285
15291
15291
15294
15300
15300
15300
15300
15300
15309
15318
15321
15321
15324
15327
15330
15333
15345
15348
15348
15348
15351
15354
15360
15366
15366
15366
15372
15372
15372
15375
15378
15378
15381
15381
15381
15381
15384
15387
15390
15390
15390
15393
15396
15405
15405
15408
15411
15414
15423
15423
15426
15432
15435
15438
15441
15441
15444
15447
15447
15447
15447
15453
15462
15465
15465
15468
15468
15471
15471
15471
15477
15480
15480
15486
15486
15489
15489
15489
15495
15498
15498
15504
15507
15510
15516
15516
15522
15525
15531
15531
15531
15534
15540
15555
15555
15555
15561
15564
15564
15567
15567
15570
15576
15576
15579
15582
15585
15585
15588
15591
15591
15594
15597
15597
15606
15609
15609
15612
15612
15612
15615
15627
15627
15627
15627
15633
15639
15642
15645
15645
15645
15648
15648
15648
15654
15654
15657
15660
15666
15669
15669
15672
15675
15675
15675
15678
15678
15678
15684
15696
15696
15699
15705
15705
15705
15714
15723
15723
15726
15726
15729
15732
15735
15738
15741
15750
15753
15753
15753
15756
15759
15759
15762
15762
15762
15768
15768
15777
15789
15792
15795
15801
15819
15819
15831
15840
15840
15843
15846
15849
15852
15855
15858
15867
15870
15870
15873
15873
15876
15876
15876
15879
15882
15885
15897
15897
15897
15897
15900
15903
15903
15903
15906
15921
15933
15933
15939
15942
15942
15945
15948
15957
15960
15963
15969
15972
15975
15975
15975
15981
15981
15981
15984
15984
15984
15987
15993
15996
16005
16005
16011
16011
16020
16023
16026
16029
16038
16038
16038
16038
16047
16050
16053
16056
16059
16068
16074
16074
16077
16083
16086
16089
16092
16098
16098
16101
16107
16110
16116
16119
16119
16122
16125
16131
16131
16134
16143
16146
16155
16158
16158
16170
16173
16173
16173
16176
16182
16185
16191
16194
16194
16194
16194
16197
16197
16206
16209
16209
16215
16221
16224
16224
16227
16233
16236
16239
16242
16242
16254
16254
16257
16263
16266
16278
16278
16281
16281
16284
16284
16284
16287
16287
16290
16290
16293
16293
16296
16305
16305
16308
16311
16311
16317
16320
16320
16320
16320
16329
16329
16332
16332
16332
16344
16347
16350
16356
16359
16362
16365
16365
16371
16371
16374
16380
16380
16380
16380
16386
16389
16392
16395
16398
16401
16404
16404
16407
16410
16413
16413
16416
16416
16416
16419
16419
16425
16440
16440
16449
16449
16449
16452
16452
16452
16455
16455
16461
16461
16461
16464
16467
16470
16470
16479
16485
16494
16494
16494
16494
16497
16503
16503
16506
16506
16506
16506
16509
16509
16509
16518
16521
16539
16548
16557
16560
16560
16569
16572
16575
16575
16578
16581
16584
16584
16587
16587
16587
16590
16593
16596
16596
16599
16602
16602
16605
16605
16608
16611
16611
16614
16614
16617
16623
16623
16626
16629
16644
16647
16647
16653
16653
16662
16674
16677
16683
16683
16689
16692
16692
16698
16698
16701
16713
16722
16722
16731
16731
16734
16734
16740
16740
16743
16746
16746
16752
16758
16764
16767
16770
16773
16776
16785
16785
16794
16797
16800
16800
16809
16812
16815
16818
16821
16821
16824
16824
16827
16827
16830
16830
16830
16833
16836
16836
16839
16842
16842
16848
16851
16854
16854
16857
16857
16860
16866
16866
16872
16875
16881
16887
16890
16893
16899
16899
16899
16902
16905
16908
16914
16923
16926
16929
16932
16932
16935
16941
16950
16956
16956
16959
16962
16962
16965
16968
16971
16974
16977
16977
16983
16983
16986
16992
16998
17001
17001
17007
17007
17007
17013
17016
17016
17016
17019
17028
17031
17031
17031
17031
17031
17031
17034
17037
17037
17040
17040
17040
17043
17046
17049
17055
17061
17061
17064
17064
17067
17070
17070
17073
17082
17082
17085
17088
17100
17103
17103
17103
17106
17106
17106
17106
17109
17115
17118
17121
17124
17127
17127
17130
17133
17148
17148
17151
17151
17154
17154
17160
17166
17166
17169
17172
17172
17172
17175
17193
17193
17193
17193
17193
17199
17199
17202
17205
17214
17214
17214
17220
17223
17223
17223
17223
17226
17229
17235
17238
17238
17238
17253
17253
17256
17256
17256
17262
17262
17268
17277
17280
17280
17283
17286
17286
17286
17289
17292
17295
17298
17298
17298
17304
17304
17304
17307
17310
17313
17316
17316
17322
17325
17328
17328
17331
17331
17331
17331
17331
17334
17337
17340
17340
17343
17343
17346
17355
17358
17358
17364
17364
17367
17370
17370
17376
17382
17385
17385
17391
17391
17391
17394
17400
17403
17403
17412
17415
17418
17421
17424
17427
17430
17433
17436
17436
17439
17442
17442
17445
17451
17451
17457
17460
17460
17463
17469
17469
17475
17478
17481
17481
17481
17487
17493
17493
17496
17514
17523
17523
17526
17526
17526
17535
17541
17544
17550
17550
17553
17553
17553
17556
17556
17562
17571
17571
17577
17577
17583
17586
17589
17595
17595
17595
17595
17601
17601
17604
17610
17613
17613
17616
17628
17628
17631
17634
17634
17634
17640
17640
17646
17646
17652
17652
17664
17670
17676
17676
17679
17685
17691
17694
17694
17703
17706
17706
17709
17712
17712
17742
17745
17748
17748
17748
17751
17751
17754
17754
17757
17760
17769
17769
17769
17778
17781
17796
17799
17802
17805
17808
17811
17814
17817
17820
17820
17823
17823
17823
17832
17832
17832
17832
17838
17838
17838
17841
17844
17847
17847
17847
17853
17859
17862
17862
17868
17868
17868
17871
17874
17877
17880
17886
17889
17892
17898
17901
17907
17910
17913
17913
17922
17925
17925
17928
17937
17937
17940
17952
17952
17952
17958
17961
17961
17964
17967
17967
17967
17979
17979
17982
17982
17991
17997
17997
18003
18003
18006
18009
18012
18015
18018
18018
18018
18024
18024
18027
18030
18036
18039
18045
18054
18057
18057
18063
18066
18069
18069
18069
18069
18075
18075
18081
18084
18087
18087
18090
18090
18099
18099
18099
18102
18102
18108
18108
18108
18114
18114
18114
18114
18117
18123
18123
18123
18126
18126
18138
18144
18144
18147
18150
18153
18156
18159
18162
18165
18165
18165
18165
18168
18168
18174
18180
18183
18186
18186
18189
18192
18198
18204
18207
18210
18219
18225
18225
18228
18228
18231
18231
18231
18234
18234
18243
18246
18249
18249
18249
18252
18252
18258
18258
18258
18264
18267
18270
18270
18279
18282
18288
18291
18294
18294
18297
18297
18303
18303
18306
18306
18309
18309
18312
18312
18315
18318
18321
18321
18321
18321
18333
18336
18336
18339
18342
18345
18345
18357
18357
18357
18357
18360
18366
18366
18372
18375
18375
18375
18378
18378
18381
18381
18390
18393
18402
18402
18405
18411
18414
18417
18417
18420
18420
18420
18423
18423
18426
18429
18435
18438
18447
18450
18453
18453
18453
18459
18465
18465
18465
18468
18471
18471
18474
18477
18480
18480
18480
18480
18483
18483
18486
18486
18489
18489
18489
18492
18498
18498
18498
18498
18501
18501
18504
18504
18513
18516
18516
18519
18525
18531
18543
18549
18552
18552
18552
18564
18564
18570
18570
18570
18573
18576
18579
18582
18582
18585
18585
18585
18588
18588
18591
18594
18594
18597
18600
18606
18609
18618
18618
18621
18630
18633
18636
18639
18639
18645
18645
18645
18648
18648
18651
18666
18666
18678
18678
18678
18684
18693
18693
18702
18702
18708
18714
18714
18714
18714
18720
18720
18723
18723
18729
18732
18732
18732
18741
18741
18747
18750
18750
18750
18750
18753
18753
18762
18771
18771
18777
18783
18786
18789
18792
18801
18801
18804
18807
18810
18813
18816
18816
18825
18828
18828
18834
18837
18843
18843
18846
18846
18855
18858
18864
18864
18867
18867
18870
18876
18876
18876
18879
18879
18885
18891
18891
18891
18891
18894
18897
18897
18897
18900
18903
18906
18912
18912
18915
18915
18915
18918
18918
18924
18927
18933
18948
18948
18948
18957
18963
18966
18969
18969
18969
18972
18975
18975
18981
18987
18990
18993
18996
18996
18996
18999
18999
19002
19005
19005
19011
19014
19014
19026
19029
19029
19032
19038
19047
19050
19056
19056
19059
19062
19065
19074
19074
19074
19080
19083
19083
19092
19098
19101
19104
19104
19125
19137
19137
19140
19140
19140
19143
19143
19146
19149
19149
19161
19161
19164
19164
19164
19167
19170
19173
19173
19176
19179
19179
19179
19179
19191
19194
19194
19200
19203
19209
19209
19212
19212
19212
19215
19218
19218
19224
19233
19233
19236
19239
19242
19245
19245
19245
19251
19266
19266
19269
19269
19269
19269
19272
19272
19275
19278
19281
19281
19281
19284
19284
19284
19284
19293
19293
19299
19305
19305
19314
19320
19323
19329
19329
19332
19335
19335
19338
19341
19344
19344
19344
19347
19350
19350
19353
19356
19359
19371
19374
19380
19395
19395
19398
19398
19398
19404
19416
19419
19419
19428
19434
19437
19437
19440
19440
19443
19449
19449
19452
19458
19458
19467
19467
19476
19479
19482
19485
19488
19488
19491
19494
19506
19509
19509
19512
19512
19518
19518
19518
19524
19524
19527
19533
19536
19536
19539
19545
19545
19548
19551
19554
19560
19560
19563
19563
19566
19566
19566
19566
19572
19572
19572
19572
19578
19581
19584
19590
19590
19590
19590
19596
19596
19596
19599
19602
19611
19611
19614
19614
19614
19617
19620
19620
19623
19623
19626
19626
19626
19629
19632
19635
19635
19641
19644
19644
19644
19650
19653
19656
19662
19665
19674
19677
19683
19683
19683
19686
19689
19689
19692
19695
19695
19698
19698
19704
19707
19710
19722
19722
19743
19749
19752
19752
19752
19761
19764
19767
19767
19773
19776
19779
19785
19791
19791
19794
19794
19806
19812
19815
19818
19818
19818
19821
19827
19827
19830
19836
19848
19851
19854
19860
19872
19881
19884
19884
19890
19893
19893
19893
19896
19896
19899
19899
19899
19902
19902
19902
19911
19923
19929
19932
19932
19938
19941
19941
19947
19947
19950
19953
19953
19956
19965
19968
19971
19974
19977
19983
19986
19986
19995
20001
20004
20007
20007
20016
20019
20022
20025
20025
20031
20031
20037
20037
20040
20052
20055
20058
20058
20061
20070
20070
20076
20082
20082
20082
20085
20091
20091
20094
20097
20097
20100
20103
20106
20106
20109
20115
20121
20127
20130
20130
20130
20142
20142
20148
20160
20169
20181
20181
20184
20187
20187
20193
20193
20196
20196
20202
20205
20205
20208
20208
20208
20217
20220
20223
20223
20226
20226
20238
20244
20247
20250
20256
20259
20265
20265
20265
20268
20271
20271
20277
20277
20280
20280
20283
20286
20286
20286
20289
20292
20292
20295
20301
20301
20301
20304
20307
20310
20313
20322
20322
20322
20328
20334
20337
20340
20340
20349
20352
20352
20352
20355
20361
20364
20364
20367
20373
20373
20373
20379
20382
20394
20394
20400
20403
20403
20424
20430
20439
20448
20454
20460
20460
20469
20469
20469
20481
20484
20484
20487
20493
20493
20496
20499
20502
20508
20511
20514
20517
20520
20520
20520
20520
20526
20532
20535
20541
20544
20550
20550
20553
20556
20559
20559
20565
20565
20568
20571
20571
20574
20574
20574
20577
20577
20580
20580
20586
20592
20592
20595
20595
20601
20607
20607
20610
20613
20619
20619
20625
20625
20628
20631
20646
20649
20649
20649
20652
20652
20655
20655
20658
20661
20661
20664
20664
20664
20667
20667
20670
20673
20673
20676
20679
20688
20691
20691
20694
20706
20706
20709
20715
20718
20724
20724
20727
20727
20733
20736
20736
20742
20751
20751
20751
20751
20754
20757
20757
20763
20766
20766
20766
20766
20769
20772
20772
20778
20778
20781
20787
20790
20793
20796
20799
20805
20814
20814
20817
20817
20817
20820
20820
20820
20820
20823
20826
20829
20838
20838
20841
20841
20847
20847
20847
20850
20850
20850
20856
20856
20862
20862
20868
20871
20874
20874
20880
20880
20886
20889
20889
20892
20895
20898
20898
20898
20901
20904
20907
20910
20913
20916
20919
20925
20928
20928
20931
20931
20937
20943
20946
20952
20958
20958
20961
20967
20970
20970
20973
20976
20976
20979
20979
20988
20991
20991
20991
20991
20994
21000
21000
21000
21003
21003
21006
21006
21006
21009
21009
21012
21015
21018
21021
21021
21024
21024
21024
21030
21030
21033
21036
21039
21042
21042
21042
21045
21051
21051
21060
21063
21066
21069
21075
21078
21087
21096
21099
21099
21102
21102
21108
21111
21111
21114
21120
21123
21126
21126
21129
21129
21132
21132
21132
21135
21138
21147
21147
21156
21159
21159
21159
21165
21165
21168
21180
21183
21186
21186
21189
21192
21192
21201
21201
21207
21207
21207
21207
21210
21210
21213
21213
21219
21219
21222
21225
21231
21231
21234
21237
21237
21237
21243
21243
21246
21246
21249
21258
21258
21261
21264
21276
21282
21288
21291
21300
21303
21303
21312
21315
21318
21318
21321
21324
21324
21327
21327
21330
21333
21339
21339
21342
21345
21348
21351
21351
21354
21363
21366
21369
21372
21372
21375
21381
21381
21381
21384
21384
21387
21393
21396
21402
21405
21408
21408
21408
21408
21408
21420
21420
21426
21426
21429
21438
21438
21441
21441
21450
21450
21453
21453
21456
21459
21462
21462
21465
21465
21468
21468
21471
21474
21474
21480
21483
21483
21486
21489
21495
21501
21504
21504
21507
21507
21516
21519
21519
21525
21528
21531
21531
21534
21537
21540
21540
21540
21543
21546
21549
21552
21552
21552
21552
21555
21558
21558
21558
21561
21564
21567
21579
21579
21582
21585
21585
21588
21588
21591
21591
21591
21594
21597
21597
21597
21597
21600
21600
21606
21609
21612
21615
21615
21615
21618
21618
21621
21621
21621
21621
21630
21639
21651
21660
21663
21663
21666
21669
21672
21675
21675
21678
21678
21681
21681
21684
21687
21693
21702
21705
21705
21705
21705
21705
21708
21708
21708
21711
21714
21717
21720
21726
21735
21738
21750
21750
21750
21756
21759
21765
21768
21771
21780
21780
21789
21798
21801
21807
21807
21810
21810
21825
21834
21837
21837
21840
21849
21852
21855
21858
21858
21858
21861
21867
21876
21876
21876
21882
21882
21885
21885
21888
21888
21894
21900
21900
21906
21909
21912
21912
21921
21921
21924
21924
21930
21930
21930
21933
21933
21936
21936
21945
21951
21951
21963
21975
21975
21975
21978
21978
21981
21987
21987
21990
21990
21993
21996
22002
22002
22005
22014
22017
22020
22020
22023
22023
22026
22035
22041
22047
22050
22050
22053
22059
22062
22065
22065
22071
22086
22092
22101
22104
22107
22107
22122
22125
22125
22125
22128
22131
22131
22140
22143
22146
22146
22152
22152
22158
22161
22161
22164
22176
22179
22179
22182
22185
22188
22191
22194
22197
22200
22200
22203
22206
22209
22215
22215
22221
22224
22227
22230
22233
22236
22236
22236
22242
22242
22245
22245
22245
22245
22251
22254
22254
22260
22263
22263
22266
22272
22272
22272
22272
22275
22275
22275
22278
22278
22278
22278
22284
22284
22284
22287
22287
22287
22296
22296
22299
22305
22305
22305
22329
22329
22332
22332
22335
22335
22341
22341
22344
22344
22353
22356
22359
22365
22368
22377
22380
22383
22383
22386
22389
22392
22395
22398
22398
22398
22401
22401
22404
22404
22404
22407
22407
22413
22416
22416
22422
22428
22428
22434
22434
22434
22434
22434
22440
22440
22443
22443
22446
22446
22446
22449
22452
22452
22458
22458
22458
22461
22461
22464
22464
22467
22473
22473
22473
22476
22485
22485
22485
22488
22491
22491
22494
22494
22500
22500
22503
22503
22506
22506
22509
22509
22512
22512
22515
22521
22524
22527
22527
22527
22530
22536
22542
22545
22545
22545
22554
22554
22563
22563
22566
22566
22572
22572
22575
22575
22575
22578
22581
22581
22587
22593
22593
22596
22599
22605
22608
22611
22611
22614
22614
22620
22620
22629
22638
22638
22641
22644
22644
22644
22644
22653
22653
22656
22662
22662
22665
22680
22686
22689
22698
22701
22704
22704
22707
22707
22710
22710
22713
22713
22716
22719
22719
22722
22731
22737
22737
22740
22743
22746
22752
22755
22764
22764
22770
22776
22779
22779
22782
22782
22788
22788
22788
22800
22800
22800
22803
22806
22809
22809
22809
22812
22815
22815
22821
22824
22824
22827
22830
22833
22836
22836
22839
22851
22866
22869
22872
22881
22884
22884
22884
22887
22887
22887
22887
22890
22890
22890
22899
22902
22902
22908
22911
22911
22914
22917
22917
22917
22920
22920
22920
22920
22923
22929
22932
22935
22941
22944
22950
22950
22953
22953
22956
22962
22965
22968
22980
22980
22980
22980
22992
22995
22995
23001
23001
23001
23004
23007
23007
23010
23016
23019
23019
23022
23028
23028
23037
23037
23043
23046
23046
23046
23046
23049
23049
23058
23058
23061
23061
23061
23067
23070
23070
23070
23076
23079
23085
23088
23091
23091
23094
23100
23103
23109
23109
23112
23112
23115
23139
23139
23142
23154
23154
23154
23154
23154
23157
23160
23163
23169
23178
23178
23184
23184
23193
23193
23193
23193
23196
23196
23205
23211
23214
23229
23229
23232
23238
23238
23241
23241
23244
23250
23250
23253
23253
23256
23256
23256
23259
23262
23262
23271
23271
23277
23277
23286
23289
23289
23289
23289
23295
23298
23304
23304
23307
23310
23313
23316
23319
23319
23319
23319
23319
23325
23325
23328
23328
23331
23331
23337
23337
23340
23340
23343
23343
23349
23352
23352
23355
23355
23358
23358
23364
23364
23367
23373
23379
23382
23388
23388
23391
23391
23394
23394
23394
23397
23400
23403
23403
23412
23412
23415
23415
23421
23424
23427
23430
23430
23433
23433
23433
23436
23436
23439
23442
23442
23445
23445
23451
23454
23457
23457
23457
23460
23460
23463
23466
23472
23472
23472
23478
23481
23487
23487
23487
23487
23490
23493
23499
23508
23508
23514
23520
23520
23520
23523
23529
23535
23535
23538
23541
23547
23553
23568
23568
23580
23580
23583
23583
23589
23589
23595
23598
23601
23604
23604
23610
23613
23616
23616
23616
23619
23622
23628
23628
23631
23634
23637
23640
23643
23646
23649
23652
23652
23658
23661
23664
23667
23667
23679
23679
23688
23691
23691
23694
23697
23700
23703
23706
23709
23715
23724
23724
23724
23727
23736
23739
23739
23742
23748
23751
23754
23763
23763
23766
23769
23772
23772
23772
23775
23778
23781
23784
23784
23784
23787
23790
23796
23799
23799
23802
23802
23802
23805
23808
23811
23817
23823
23826
23826
23829
23835
23844
23847
23847
23853
23856
23859
23862
23862
23865
23868
23868
23868
23871
23871
23871
23874
23874
23877
23877
23883
23892
23892
23892
23895
23898
23901
23901
23907
23913
23913
23913
23916
23922
23922
23931
23931
23934
23934
23937
23940
23940
23946
23952
23955
23964
23967
23967
23970
23970
23982
23988
23988
23988
23991
23991
24006
24006
24009
24012
24015
24015
24021
24024
24024
24027
24027
24030
24030
24030
24036
24036
24036
24036
24042
24042
24045
24045
24048
24051
24051
24054
24054
24063
24063
24063
24063
24066
24066
24066
24069
24069
24069
24069
24072
24072
24078
24081
24084
24084
24087
24090
24093
24096
24099
24102
24102
24108
24111
24111
24117
24123
24132
24138
24147
24150
24156
24159
24159
24159
24165
24168
24174
24174
24177
24183
24189
24192
24195
24198
24204
24207
24207
24210
24213
24213
24213
24216
24219
24219
24219
24222
24228
24228
24228
24231
24237
24240
24243
24243
24258
24258
24264
24267
24270
24273
24273
24273
24276
24279
24282
24285
24291
24297
24309
24309
24315
24321
24327
24327
24330
24336
24339
24342
24345
24348
24351
24354
24357
24360
24360
24363
24363
24366
24366
24369
24369
24372
24372
24375
24375
24375
24378
24381
24381
24384
24384
24384
24387
24390
24393
24396
24405
24414
24417
24420
24420
24423
24423
24429
24441
24447
24447
24450
24453
24456
24456
24459
24462
24462
24462
24471
24474
24474
24483
24483
24489
24489
24492
24495
24495
24501
24501
24501
24504
24504
24504
24510
24513
24513
24516
24516
24516
24516
24519
24522
24522
24525
24525
24528
24534
24537
24537
24537
24540
24540
24540
24540
24543
24546
24549
24552
24555
24555
24564
24567
24567
24570
24570
24570
24573
24573
24573
24576
24579
24579
24591
24591
24603
24603
24606
24606
24615
24618
24618
24618
24621
24624
24627
24627
24630
24633
24639
24645
24648
24648
24648
24651
24651
24654
24654
24657
24660
24663
24663
24663
24669
24672
24675
24681
24681
24687
24690
24696
24702
24711
24711
24714
24714
24726
24732
24732
24738
24741
24744
24747
24747
24747
24750
24762
24762
24762
24765
24765
24765
24768
24774
24780
24780
24780
24795
24798
24798
24798
24801
24807
24810
24813
24816
24819
24819
24822
24822
24825
24831
24834
24837
24840
24843
24843
24849
24855
24864
24867
24870
24876
24879
24879
24879
24882
24885
24885
24888
24888
24888
24891
24894
24903
24912
24915
24924
24936
24939
24939
24939
24939
24942
24945
24945
24945
24948
24951
24951
24954
24957
24960
24966
24969
24969
24969
24972
24975
24978
24978
24981
24987
24993
24993
25005
25005
25005
25008
25014
25017
25017
25017
25017
25020
25020
25023
25023
25029
25041
25041
25041
25044
25044
25047
25047
25047
25047
25050
25053
25056
25059
25062
25071
25071
25074
25077
25083
25083
25086
25086
25092
25092
25098
25104
25107
25113
25113
25122
25128
25128
25134
25134
25143
25149
25152
25152
25155
25158
25164
25170
25173
25173
25176
25182
25188
25188
25191
25194
25203
25206
25209
25209
25212
25218
25221
25221
25221
25221
25221
25227
25233
25233
25233
25233
25236
25236
25236
25242
25242
25245
25248
25251
25251
25251
25254
25257
25260
25263
25266
25266
25269
25275
25275
25284
25290
25293
25293
25293
25296
25299
25299
25299
25302
25302
25305
25308
25311
25320
25320
25323
25326
25332
25335
25335
25338
25341
25350
25362
25362
25371
25371
25371
25374
25377
25380
25383
25383
25389
25392
25395
25395
25401
25404
25407
25413
25413
25416
25416
25419
25422
25428
25431
25434
25440
25440
25446
25446
25449
25449
25452
25455
25455
25458
25458
25458
25461
25461
25461
25461
25464
25464
25473
25473
25476
25476
25476
25482
25485
25488
25488
25488
25491
25491
25500
25500
25503
25506
25509
25512
25512
25515
25515
25518
25518
25518
25521
25524
25524
25530
25533
25536
25542
25542
25545
25545
25554
25557
25560
25572
25578
25578
25581
25584
25590
25593
25593
25596
25599
25602
25602
25608
25611
25614
25614
25614
25617
25620
25620
25626
25629
25632
25632
25632
25635
25641
25653
25653
25653
25659
25662
25662
25665
25668
25668
25677
25680
25686
25689
25692
25692
25698
25701
25701
25701
25701
25704
25713
25722
25722
25722
25725
25725
25728
25728
25734
25740
25749
25761
25761
25767
25767
25770
25770
25770
25773
25773
25773
25773
25773
25776
25785
25791
25800
25803
25803
25812
25812
25812
25815
25815
25821
25830
25833
25833
25836
25836
25836
25836
25839
25839
25839
25848
25851
25857
25857
25860
25860
25860
25869
25869
25875
25878
25878
25881
25887
25893
25893
25896
25899
25899
25902
25905
25905
25908
25908
25911
25914
25914
25917
25917
25929
25935
25938
25947
25956
25956
25959
25962
25965
25971
25971
25974
25977
25980
25980
25983
25983
25989
25992
25995
25995
25998
25998
25998
25998
25998
26007
26016
26016
26016
26022
26025
26025
26028
26031
26037
26046
26046
26049
26049
26052
26052
26058
26058
26058
26064
26070
26070
26088
26091
26094
26097
26097
26097
26097
26100
26103
26103
26106
26106
26109
26109
26109
26112
26115
26115
26121
26127
26127
26130
26130
26133
26142
26142
26145
26145
26145
26148
26148
26157
26157
26157
26160
26163
26166
26169
26172
26175
26181
26199
26199
26205
26205
26208
26211
26211
26223
26223
26229
26235
26235
26241
26241
26247
26250
26250
26250
26253
26253
26259
26262
26265
26265
26265
26268
26268
26274
26274
26286
26286
26289
26292
26292
26295
26295
26298
26304
26304
26307
26310
26313
26316
26319
26319
26319
26325
26328
26328
26328
26328
26331
26331
26331
26334
26337
26343
26343
26358
26361
26361
26361
26364
26364
26376
26376
26379
26379
26385
26391
26391
26394
26394
26394
26397
26397
26409
26412
26415
26418
26418
26424
26424
26430
26433
26439
26442
26445
26448
26454
26460
26460
26466
26472
26475
26475
26475
26475
26478
26484
26484
26487
26487
26490
26493
26502
26502
26505
26505
26511
26511
26517
26520
26523
26529
26529
26538
26547
26550
26550
26556
26556
26559
26571
26571
26574
26583
26583
26583
26589
26589
26595
26595
26595
26598
26604
26604
26610
26610
26613
26616
26619
26619
26625
26625
26628
26637
26646
26646
26649
26652
26652
26655
26655
26661
26664
26664
26673
26685
26685
26688
26694
26694
26697
26697
26700
26703
26706
26712
26715
26715
26721
26724
26724
26727
26727
26733
26736
26745
26745
26748
26748
26751
26757
26760
26769
26772
26775
26778
26778
26781
26784
26787
26793
26796
26799
26808
26814
26814
26817
26820
26823
26823
26826
26829
26835
26835
26838
26838
26847
26847
26847
26850
26856
26856
26862
26865
26868
26868
26868
26871
26874
26877
26880
26883
26886
26886
26892
26901
26904
26904
26910
26910
26922
26928
26934
26934
26937
26940
26940
26943
26949
26949
26952
26952
26952
26952
26952
26952
26955
26958
26958
26958
26967
26967
26970
26970
26973
26982
26982
26985
26985
26985
26988
26991
26994
26994
26997
26997
27003
27012
27015
27018
27018
27018
27018
27021
27021
27021
27024
27036
27039
27042
27045
27048
27054
27054
27057
27057
27057
27063
27066
27066
27066
27069
27069
27069
27075
27075
27078
27081
27090
27090
27093
27096
27096
27102
27105
27108
27108
27108
27114
27114
27117
27132
27132
27138
27144
27147
27150
27159
27159
27159
27162
27162
27165
27165
27168
27171
27174
27174
27177
27180
27180
27186
27186
27189
27189
27189
27192
27195
27201
27204
27204
27207
27210
27210
27213
27213
27213
27216
27219
27225
27225
27228
27231
27234
27240
27243
27246
27246
27249
27252
27252
27264
27264
27267
27273
27276
27276
27279
27282
27282
27288
27288
27294
27297
27300
27303
27321
27321
27324
27327
27333
27333
27342
27342
27342
27348
27351
27357
27357
27360
27369
27372
27384
27384
27396
27396
27399
27399
27405
27405
27408
27408
27414
27414
27414
27417
27417
27420
27420
27426
27426
27426
27432
27432
27435
27435
27438
27438
27438
27444
27447
27447
27456
27456
27459
27459
27462
27462
27462
27465
27465
27471
27471
27480
27480
27483
27483
27483
27489
27492
27492
27495
27495
27498
27501
27504
27513
27513
27513
27513
27513
27516
27519
27519
27519
27519
27522
27522
27522
27522
27525
27537
27540
27558
27561
27564
27567
27570
27576
27576
27579
27588
27591
27591
27591
27591
27594
27594
27600
27603
27606
27606
27606
27612
27615
27615
27615
27624
27633
27636
27648
27654
27654
27660
27663
27666
27672
27672
27675
27681
27687
27687
27693
27696
27699
27705
27708
27708
27720
27723
27726
27726
27726
27729
27729
27732
27738
27741
27744
27747
27750
27756
27756
27765
27765
27765
27768
27777
27777
27780
27780
27789
27789
27792
27792
27792
27792
27792
27795
27801
27807
27807
27807
27807
27807
27807
27810
27810
27813
27816
27816
27819
27822
27822
27825
27828
27831
27837
27837
27846
27846
27855
27855
27861
27861
27864
27867
27870
27870
27870
27873
27873
27876
27876
27882
27885
27888
27888
27891
27894
27903
27903
27909
27909
27912
27915
27918
27921
27921
27924
27924
27924
27930
27933
27936
27942
27945
27951
27957
27960
27966
27966
27978
27981
27984
27984
27984
27984
27984
27987
27990
27996
27999
28002
28002
28005
28005
28011
28011
28020
28023
28029
28029
28032
28038
28053
28056
28059
28059
28065
28074
28074
28080
28086
28086
28086
28089
28089
28092
28095
28101
28101
28101
28104
28104
28107
28116
28116
28119
28125
28125
28125
28125
28128
28131
28134
28146
28155
28155
28158
28167
28167
28167
28173
28173
28179
28185
28194
28197
28197
28206
28209
28212
28212
28218
28224
28230
28233
28239
28239
28242
28248
28251
28251
28254
28263
28263
28263
28266
28266
28272
28275
28278
28281
28281
28281
28284
28284
28284
28290
28293
28296
28299
28299
28299
28302
28302
28302
28305
28308
28308
28317
28320
28320
28323
28323
28326
28338
28338
28338
28347
28350
28353
28353
28356
28365
28365
28368
28368
28377
28380
28383
28386
28395
28395
28395
28395
28401
28401
28401
28410
28410
28416
28419
28422
28422
28425
28428
28431
28440
28443
28443
28452
28455
28455
28461
28473
28473
28476
28479
28482
28494
28494
28497
28497
28500
28500
28500
28503
28503
28506
28506
28509
28512
28515
28521
28524
28524
28524
28524
28527
28527
28527
28527
28527
28536
28536
28539
28542
28545
28548
28560
28563
28566
28569
28569
28572
28578
28584
28584
28584
28587
28590
28593
28596
28599
28599
28602
28605
28605
28611
28611
28614
28617
28617
28617
28623
28626
28629
28629
28635
28635
28641
28644
28647
28650
28650
28650
28653
28653
28659
28659
28662
28665
28665
28668
28671
28674
28674
28674
28680
28680
28689
28689
28695
28695
28698
28701
28701
28707
28707
28707
28713
28719
28719
28722
28725
28728
28728
28731
28734
28737
28740
28743
28746
28749
28749
28752
28755
28758
28758
28764
28770
28773
28773
28779
28779
28782
28782
28788
28788
28788
28800
28806
28809
28809
28812
28812
28821
28821
28827
28848
28848
28854
28857
28860
28863
28866
28869
28869
28878
28878
28881
28893
28893
28896
28905
28911
28917
28917
28920
28920
28926
28926
28926
28929
28941
28950
28956
28968
28980
28980
28983
28986
28986
28986
28986
28992
28992
29001
29007
29007
29010
29010
29013
29013
29013
29016
29019
29022
29025
29028
29043
29043
29043
29043
29052
29052
29052
29055
29061
29064
29067
29070
29079
29082
29091
29094
29100
29100
29106
29106
29112
29112
29115
29115
29121
29121
29124
29127
29130
29130
29130
29130
29133
29133
29139
29145
29151
29160
29169
29178
29178
29187
29187
29190
29190
29190
29190
29196
29199
29205
29208
29211
29211
29214
29217
29226
29226
29235
29238
29247
29247
29250
29250
29250
29253
29256
29262
29265
29271
29271
29271
29271
29274
29274
29277
29277
29280
29280
29289
29292
29298
29298
29304
29310
29313
29316
29316
29316
29319
29325
29328
29328
29337
29337
29340
29349
29358
29358
29358
29358
29358
29367
29367
29370
29373
29376
29379
29379
29379
29382
29382
29388
29391
29394
29397
29397
29403
29403
29406
29412
29415
29418
29418
29427
29427
29427
29430
29430
29439
29439
29442
29442
29448
29454
29457
29457
29457
29463
29463
29463
29466
29484
29487
29496
29499
29502
29505
29508
29508
29511
29529
29529
29532
29535
29538
29538
29541
29541
29547
29550
29553
29559
29568
29571
29577
29586
29586
29589
29595
29595
29598
29598
29604
29616
29619
29619
29625
29628
29631
29634
29634
29634
29634
29637
29637
29640
29643
29646
29649
29652
29658
29658
29664
29667
29670
29670
29673
29673
29685
29694
29694
29700
29709
29709
29712
29724
29724
29724
29727
29730
29730
29742
29751
29751
29751
29754
29754
29754
29754
29757
29757
29760
29763
29766
29772
29781
29781
29784
29787
29787
29790
29790
29796
29796
29796
29799
29799
29802
29811
29817
29823
29832
29832
29832
29835
29838
29841
29844
29847
29850
29862
29865
29868
29868
29871
29871
29871
29877
29877
29877
29880
29880
29883
29892
29895
29901
29913
29916
29916
29919
29925
29925
29937
29943
29946
29949
29961
29961
29964
29967
29970
29970
29982
29982
29988
29988
29988
29991
29991
29991
29991
29994
29994
30000
30006
30009
30012
30030
30030
30042
30045
30045
30048
30048
30051
30051
30051
30054
30060
30063
30063
30069
30072
30078
30081
30084
30090
30090
30093
30102
30105
30108
30108
30108
30111
30114
30117
30123
30126
30129
30138
30138
30138
30141
30141
30156
30168
30168
30171
30171
30174
30177
30183
30186
30186
30192
30192
30192
30198
30201
30207
30216
30216
30216
30219
30222
30225
30234
30234
30243
30243
30246
30246
30252
30258
30261
30264
30267
30267
30273
30273
30273
30279
30282
30282
30285
30285
30291
30291
30294
30294
30297
30303
30303
30309
30312
30312
30312
30321
30324
30324
30324
30327
30327
30327
30330
30333
30333
30336
30339
30339
30345
30348
30348
30348
30354
30360
30366
30369
30372
30381
30384
30387
30387
30387
30390
30390
30390
30396
30402
30402
30414
30420
30423
30426
30426
30432
30435
30435
30435
30438
30441
30444
30447
30447
30447
30447
30447
30453
30459
30462
30465
30465
30468
30468
30468
30471
30474
30480
30480
30480
30483
30483
30489
30492
30492
30504
30510
30513
30519
30519
30522
30525
30525
30528
30537
30537
30543
30549
30549
30552
30552
30552
30552
30552
30555
30555
30558
30567
30567
30570
30570
30573
30579
30582
30585
30585
30585
30588
30594
30597
30600
30606
30606
30615
30615
30621
30624
30633
30636
30636
30639
30642
30645
30645
30648
30654
30657
30660
30660
30663
30663
30672
30675
30675
30678
30687
30687
30687
30690
30690
30702
30705
30717
30720
30729
30738
30741
30744
30747
30750
30756
30762
30765
30768
30771
30771
30774
30777
30777
30777
30780
30780
30783
30783
30783
30789
30792
30795
30798
30804
30807
30813
30816
30822
30825
30828
30834
30834
30837
30840
30840
30843
30846
30846
30846
30849
30855
30855
30858
30858
30861
30873
30882
30882
30885
30888
30891
30894
30906
30909
30909
30909
30912
30915
30921
30924
30924
30930
30936
30942
30942
30948
30951
30951
30957
30960
30966
30978
30987
30996
30999
30999
30999
31002
31005
31005
31008
31008
31008
31011
31014
31014
31014
31017
31017
31020
31020
31023
31026
31029
31029
31032
31035
31041
31041
31047
31047
31047
31053
31056
31056
31056
31059
31059
31059
31059
31059
31062
31062
31062
31065
31074
31074
31074
31077
31080
31080
31083
31083
31089
31092
31095
31098
31098
31098
31104
31110
31110
31110
31119
31140
31143
31143
31146
31152
31155
31158
31158
31158
31158
31158
31158
31158
31164
31167
31167
31170
31176
31176
31182
31188
31188
31191
31191
31194
31197
31200
31200
31200
31200
31203
31206
31206
31209
31209
31209
31209
31212
31218
31227
31227
31236
31236
31239
31239
31242
31245
31245
31248
31251
31251
31266
31266
31278
31281
31284
31284
31287
31287
31287
31287
31290
31302
31302
31305
31305
31305
31305
31308
31311
31314
31317
31320
31326
31329
31329
31332
31332
31332
31335
31335
31347
31347
31350
31353
31353
31356
31371
31374
31374
31392
31395
31398
31398
31401
31404
31404
31404
31410
31416
31428
31431
31431
31434
31434
31440
31440
31443
31449
31449
31452
31455
31458
31458
31461
31461
31464
31464
31467
31467
31467
31467
31467
31470
31473
31473
31476
31479
31479
31482
31488
31491
31497
31497
31497
31500
31500
31500
31503
31509
31509
31509
31512
31512
31512
31518
31521
31521
31524
31524
31530
31530
31539
31539
31539
31542
31548
31554
31554
31557
31566
31572
31572
31590
31590
31590
31596
31599
31599
31605
31611
31611
31614
31614
31614
31614
31617
31617
31620
31623
31623
31632
31635
31647
31647
31650
31650
31659
31668
31677
31677
31677
31677
31677
31680
31683
31689
31692
31692
31692
31701
31701
31704
31704
31707
31707
31707
31713
31716
31719
31722
31722
31725
31728
31728
31737
31740
31740
31746
31746
31749
31758
31764
31767
31767
31770
31770
31773
31776
31776
31776
31776
31779
31785
31785
31794
31797
31797
31803
31815
31824
31824
31827
31830
31833
31839
31845
31845
31848
31848
31851
31854
31857
31857
31860
31863
31869
31875
31878
31878
31884
31887
31893
31893
31896
31899
31908
31908
31914
31917
31917
31920
31920
31923
31929
31941
31941
31941
31941
31947
31950
31950
31959
31965
31968
31968
31968
31971
31974
31977
31980
31989
31992
31998
31998
32001
32001
32001
32001
32004
32007
32013
32013
32019
32025
32031
32031
32034
32040
32040
32043
32046
32046
32046
32049
32055
32058
32067
32076
32085
32085
32091
32097
32100
32106
32112
32118
32118
32118
32127
32127
32130
32139
32139
32151
32151
32151
32157
32157
32160
32163
32163
32163
32163
32163
32169
32175
32178
32178
32181
32190
32196
32205
32205
32208
32208
32208
32208
32211
32211
32211
32214
32214
32217
32217
32217
32223
32223
32223
32226
32226
32226
32229
32229
32232
32235
32235
32235
32238
32238
32241
32244
32244
32244
32247
32250
32253
32253
32262
32262
32271
32277
32280
32280
32283
32289
32289
32289
32292
32292
32295
32295
32298
32301
32304
32307
32307
32307
32310
32310
32310
32316
32319
32319
32319
32328
32328
32328
32328
32331
32337
32340
32343
32352
32352
32355
32361
32367
32367
32370
32370
32370
32376
32376
32379
32382
32388
32391
32394
32397
32397
32406
32406
32406
32409
32412
32415
32415
32415
32421
32433
32433
32436
32436
32436
32439
32442
32442
32448
32448
32454
32457
32457
32460
32460
32466
32469
32469
32472
32478
32481
32487
32490
32490
32493
32496
32499
32499
32514
32514
32520
32520
32520
32526
32529
32529
32532
32532
32535
32535
32538
32541
32544
32547
32550
32553
32553
32556
32559
32562
32568
32568
32571
32571
32574
32574
32577
32580
32583
32583
32586
32586
32589
32589
32595
32595
32598
32604
32604
32607
32610
32613
32616
32616
32616
32619
32619
32619
32619
32625
32625
32625
32625
32625
32631
32634
32634
32637
32637
32640
32643
32646
32652
32652
32652
32655
32655
32655
32655
32661
32673
32673
32682
32682
32685
32685
32694
32694
32694
32694
32697
32697
32697
32706
32706
32706
32709
32721
32724
32727
32727
32730
32730
32733
32739
32739
32739
32742
32745
32748
32748
32754
32757
32757
32760
32772
32778
32784
32784
32787
32787
32799
32799
32802
32805
32808
32808
32808
32814
32817
32817
32826
32826
32838
32841
32841
32844
32847
32850
32850
32850
32850
32853
32853
32862
32862
32871
32871
32877
32880
32880
32886
32889
32892
32901
32904
32907
32907
32913
32916
32919
32919
32922
32922
32922
32925
32931
32931
32931
32931
32937
32937
32940
32940
32940
32955
32964
32970
32970
32973
32973
32973
32976
32976
32976
32988
32988
32991
32991
32994
32997
32997
33000
33000
33006
33009
33012
33012
33018
33021
33024
33030
33036
33042
33054
33057
33060
33063
33063
33066
33066
33069
33081
33081
33081
33081
33081
33081
33081
33087
33096
33096
33099
33108
33108
33111
33114
33117
33120
33129
33138
33138
33141
33144
33144
33147
33147
33150
33150
33153
33153
33153
33159
33159
33162
33162
33168
33168
33171
33180
33180
33183
33192
33192
33195
33201
33201
33207
33207
33216
33222
33225
33228
33228
33228
33243
33246
33246
33252
33255
33255
33258
33270
33270
33273
33276
33282
33282
33288
33291
33294
33300
33309
33309
33312
33318
33318
33321
33324
33342
33342
33345
33348
33348
33351
33354
33357
33360
33360
33369
33369
33372
33372
33375
33375
33375
33381
33381
33381
33384
33384
33387
33390
33390
33390
33393
33393
33393
33399
33405
33408
33411
33411
33414
33414
33423
33426
33426
33441
33444
33447
33450
33450
33456
33456
33456
33459
33462
33465
33468
33471
33471
33474
33483
33489
33492
33510
33510
33513
33513
33513
33516
33519
33519
33522
33528
33537
33540
33546
33546
33546
33549
33549
33549
33552
33558
33561
33564
33567
33567
33570
33573
33576
33579
33582
33585
33588
33588
33588
33591
33591
33594
33594
33594
33600
33603
33606
33606
33606
33609
33615
33615
33618
33621
33627
33627
33630
33633
33636
33639
33645
33651
33651
33657
33657
33657
33660
33660
33663
33663
33669
33672
33678
33678
33681
33681
33681
33684
33687
33693
33699
33699
33702
33702
33711
33714
33714
33714
33714
33723
33723
33726
33726
33729
33738
33738
33741
33744
33747
33747
33756
33759
33762
33762
33765
33765
33765
33768
33771
33771
33771
33774
33777
33780
33780
33783
33786
33792
33798
33798
33798
33801
33807
33810
33813
33813
33813
33813
33816
33816
33822
33825
33825
33828
33831
33837
33843
33843
33846
33846
33861
33861
33864
33867
33867
33876
33882
33891
33894
33900
33900
33900
33903
33906
33906
33906
33906
33906
33909
33909
33909
33915
33915
33921
33921
33921
33924
33927
33930
33936
33942
33942
33945
33954
33957
33957
33957
33960
33960
33966
33969
33969
33969
33972
33975
33975
33975
33975
33978
33984
33987
33990
33990
33993
34002
34005
34005
34008
34008
34008
34017
34017
34017
34020
34035
34038
34041
34047
34050
34053
34059
34062
34062
34065
34071
34080
34083
34083
34083
34086
34089
34089
34089
34092
34092
34095
34098
34101
34110
34110
34113
34116
34116
34119
34119
34119
34128
34128
34128
34128
34134
34134
34137
34140
34143
34146
34149
34152
34152
34155
34155
34158
34167
34170
34173
34173
34173
34179
34179
34179
34179
34182
34182
34188
34188
34194
34209
34209
34212
34224
34224
34227
34230
34239
34242
34254
34254
34263
34263
34272
34278
34281
34284
34284
34293
34293
34293
34296
34296
34305
34311
34311
34311
34314
34314
34320
34320
34323
34326
34326
34332
34332
34335
34338
34338
34341
34344
34344
34359
34359
34365
34374
34374
34374
34380
34380
34383
34389
34389
34392
34392
34395
34395
34398
34401
34404
34413
34413
34416
34416
34422
34425
34434
34434
34437
34443
34443
34443
34443
34446
34449
34452
34452
34455
34455
34458
34458
34461
34470
34470
34473
34473
34476
34476
34476
34479
34482
34488
34491
34491
34494
34497
34500
34509
34509
34512
34518
34521
34521
34521
34524
34527
34533
34536
34536
34536
34536
34539
34539
34551
34554
34554
34557
34560
34560
34566
34569
34569
34569
34572
34575
34584
34587
34590
34590
34593
34599
34605
34611
34611
34617
34617
34617
34620
34620
34620
34626
34638
34650
34653
34656
34662
34665
34671
34674
34683
34689
34689
34695
34701
34704
34704
34707
34707
34710
34713
34722
34725
34725
34725
34728
34728
34734
34734
34734
34740
34740
34743
34746
34746
34749
34755
34758
34761
34761
34761
34773
34776
34776
34779
34782
34788
34794
34794
34797
34797
34800
34806
34806
34809
34812
34812
34818
34818
34818
34827
34827
34830
34830
34833
34839
34842
34842
34842
34848
34851
34851
34857
34857
34863
34866
34866
34869
34869
34878
34887
34890
34893
34893
34893
34908
34908
34911
34914
34914
34914
34917
34920
34920
34923
34923
34926
34926
34929
34932
34932
34935
34938
34941
34944
34947
34950
34950
34950
34953
34953
34956
34956
34959
34962
34965
34968
34971
34971
34977
34977
34980
34980
34983
34983
34992
34998
35001
35004
35007
35007
35007
35019
35019
35025
35028
35037
35043
35046
35046
35049
35049
35055
35055
35064
35067
35067
35073
35079
35088
35088
35091
35094
35097
35100
35106
35106
35109
35112
35112
35115
35118
35118
35118
35124
35124
35124
35130
35133
35133
35139
35139
35145
35151
35160
35160
35166
35169
35172
35172
35175
35175
35181
35184
35184
35187
35196
35199
35202
35208
35250
35250
35250
35250
35256
35259
35259
35259
35262
35262
35271
35277
35283
35283
35286
35286
35289
35295
35304
35304
35304
35304
35310
35310
35316
35319
35319
35322
35322
35325
35328
35328
35331
35331
35334
35340
35340
35340
35346
35349
35361
35364
35370
35370
35373
35373
35373
35373
35376
35379
35385
35391
35397
35400
35403
35403
35406
35406
35409
35412
35415
35415
35418
35421
35421
35427
35427
35427
35433
35436
35436
35436
35439
35445
35445
35448
35454
35454
35454
35454
35457
35457
35460
35463
35466
35475
35475
35478
35478
35478
35481
35481
35484
35490
35496
35496
35502
35502
35502
35505
35505
35511
35517
35517
35526
35526
35529
35532
35532
35538
35538
35544
35544
35550
35553
35556
35556
35559
35574
35580
35583
35586
35589
35595
35595
35595
35601
35601
35610
35613
35613
35616
35619
35631
35631
35634
35637
35640
35655
35658
35658
35658
35664
35667
35670
35670
35676
35676
35679
35679
35679
35679
35682
35688
35691
35694
35697
35697
35706
35706
35709
35718
35721
35724
35733
35733
35736
35739
35742
35745
35748
35751
35754
35754
35754
35754
35757
35757
35760
35763
35763
35766
35772
35775
35781
35790
35790
35790
35796
35799
35802
35802
35808
35808
35817
35817
35823
35823
35829
35832
35835
35841
35844
35847
35850
35850
35853
35853
35859
35865
35865
35868
35868
35871
35871
35871
35874
35874
35874
35877
35877
35886
35892
35892
35895
35895
35895
35895
35898
35901
35901
35913
35916
35916
35916
35919
35922
35922
35922
35925
35928
35928
35931
35931
35934
35937
35946
35949
35949
35952
35958
35958
35967
35967
35970
35970
35973
35973
35973
35976
35976
35979
35982
35982
35982
35985
35988
35988
35991
36000
36003
36003
36003
36006
36006
36012
36012
36012
36012
36015
36015
36024
36024
36033
36036
36039
36042
36048
36051
36051
36054
36054
36054
36063
36078
36081
36081
36084
36084
36087
36087
36093
36096
36096
36111
36114
36114
36114
36117
36120
36123
36123
36123
36126
36132
36135
36138
36138
36147
36150
36150
36153
36159
36162
36165
36165
36171
36171
36174
36174
36174
36180
36186
36192
36198
36198
36201
36204
36207
36210
36210
36213
36216
36219
36225
36225
36231
36234
36234
36237
36240
36240
36243
36246
36246
36249
36249
36252
36252
36261
36264
36264
36270
36273
36276
36282
36285
36288
36294
36294
36294
36297
36297
36303
36303
36306
36309
36312
36321
36321
36327
36330
36333
36333
36333
36333
36336
36345
36351
36354
36357
36360
36360
36366
36366
36369
36369
36372
36372
36378
36378
36384
36384
36390
36390
36390
36393
36399
36399
36402
36402
36402
36402
36408
36408
36411
36417
36420
36423
36423
36429
36429
36432
36432
36438
36441
36444
36447
36453
36462
36465
36471
36474
36477
36480
36483
36489
36492
36492
36492
36495
36495
36501
36501
36501
36501
36513
36516
36522
36522
36522
36525
36528
36531
36531
36534
36534
36534
36543
36543
36549
36549
36552
36555
36558
36558
36561
36561
36561
36561
36561
36564
36570
36576
36576
36579
36588
36594
36597
36600
36606
36606
36612
36615
36618
36627
36633
36636
36645
36648
36654
36657
36660
36660
36663
36666
36666
36666
36669
36669
36672
36672
36678
36681
36681
36684
36684
36684
36687
36690
36690
36696
36696
36699
36699
36699
36702
36702
36702
36702
36705
36708
36711
36711
36711
36714
36714
36717
36720
36720
36720
36723
36726
36732
36732
36738
36741
36759
36762
36762
36762
36765
36771
36774
36774
36777
36777
36777
36780
36780
36780
36783
36786
36789
36792
36792
36798
36801
36804
36804
36807
36813
36813
36813
36819
36825
36825
36825
36837
36846
36846
36852
36852
36858
36861
36864
36873
36876
36879
36888
36888
36897
36897
36900
36903
36903
36906
36906
36909
36909
36912
36912
36912
36915
36915
36924
36924
36930
36930
36933
36933
36936
36939
36939
36942
36945
36951
36960
36960
36960
36960
36963
36969
36972
36972
36972
36975
36978
36978
36978
36981
36984
36987
36987
36993
36999
36999
36999
37005
37008
37008
37011
37011
37011
37011
37011
37017
37023
37023
37026
37026
37026
37029
37029
37032
37038
37041
37041
37041
37044
37047
37050
37053
37053
37056
37059
37059
37062
37062
37065
37068
37068
37074
37074
37074
37083
37086
37092
37095
37098
37098
37098
37104
37110
37110
37113
37119
37122
37122
37125
37125
37128
37131
37131
37134
37137
37137
37140
37146
37152
37152
37155
37158
37161
37164
37164
37164
37179
37179
37191
37191
37200
37200
37203
37206
37212
37212
37212
37215
37221
37224
37230
37248
37251
37251
37251
37254
37260
37266
37269
37275
37278
37278
37281
37284
37284
37284
37287
37290
37293
37305
37305
37308
37308
37311
37314
37314
37320
37326
37332
37335
37335
37341
37341
37341
37347
37350
37350
37353
37362
37362
37362
37362
37365
37368
37368
37368
37371
37374
37374
37377
37383
37386
37386
37386
37386
37389
37404
37407
37407
37410
37416
37422
37422
37425
37425
37425
37431
37431
37440
37440
37443
37449
37452
37455
37455
37458
37458
37461
37467
37467
37470
37473
37476
37485
37491
37494
37494
37497
37500
37500
37503
37509
37512
37512
37515
37518
37518
37521
37536
37536
37539
37542
37545
37554
37554
37554
37557
37557
37563
37566
37566
37578
37584
37584
37587
37587
37590
37599
37608
37608
37611
37611
37611
37614
37614
37614
37617
37620
37620
37620
37620
37623
37626
37626
37632
37635
37638
37638
37644
37644
37650
37653
37653
37659
37662
37662
37665
37665
37668
37671
37671
37677
37680
37683
37683
37689
37695
37695
37695
37698
37701
37704
37707
37707
37710
37713
37722
37722
37725
37728
37728
37731
37737
37746
37755
37755
37758
37758
37767
37767
37767
37767
37770
37770
37773
37776
37776
37779
37779
37788
37788
37791
37800
37803
37806
37809
37812
37812
37812
37815
37818
37818
37818
37830
37833
37839
37842
37842
37845
37845
37848
37851
37851
37851
37854
37857
37860
37863
37863
37863
37866
37869
37881
37881
37884
37890
37890
37890
37896
37899
37899
37902
37905
37908
37911
37914
37914
37917
37920
37923
37926
37929
37932
37932
37932
37932
37935
37935
37944
37950
37953
37959
37971
37974
37977
37977
37980
37980
37983
37986
37986
37992
37995
37998
38001
38004
38007
38007
38016
38016
38019
38019
38019
38022
38025
38028
38031
38040
38040
38043
38043
38049
38055
38055
38058
38061
38064
38070
38070
38073
38079
38079
38088
38091
38091
38094
38094
38100
38103
38115
38133
38136
38136
38139
38145
38157
38157
38160
38160
38178
38181
38184
38190
38193
38196
38196
38196
38202
38205
38208
38211
38211
38214
38217
38220
38220
38220
38229
38232
38235
38244
38244
38247
38256
38262
38265
38265
38271
38274
38277
38277
38280
38283
38286
38292
38292
38292
38298
38301
38304
38331
38337
38340
38343
38346
38346
38346
38349
38355
38358
38361
38364
38370
38373
38373
38379
38379
38382
38385
38400
38403
38403
38406
38406
38406
38409
38418
38424
38433
38436
38436
38436
38439
38442
38451
38451
38460
38475
38478
38478
38484
38490
38490
38505
38505
38508
38511
38511
38511
38514
38514
38517
38517
38523
38523
38526
38529
38532
38538
38541
38541
38547
38547
38547
38550
38550
38550
38559
38559
38559
38559
38562
38562
38565
38568
38571
38574
38577
38577
38580
38580
38583
38583
38586
38589
38595
38595
38595
38601
38604
38604
38607
38610
38616
38619
38625
38628
38628
38628
38628
38628
38631
38631
38631
38637
38637
38640
38643
38646
38652
38658
38664
38664
38679
38679
38679
38682
38688
38688
38691
38694
38694
38703
38706
38715
38715
38718
38718
38721
38724
38733
38736
38745
38745
38754
38760
38766
38766
38769
38769
38772
38775
38778
38778
38781
38784
38784
38790
38793
38796
38796
38799
38808
38808
38814
38814
38823
38829
38832
38832
38838
38841
38847
38847
38850
38853
38856
38856
38859
38859
38865
38871
38871
38874
38877
38877
38880
38880
38883
38886
38889
38895
38901
38907
38907
38907
38910
38910
38916
38916
38919
38922
38925
38931
38931
38934
38934
38937
38940
38943
38943
38946
38946
38949
38952
38952
38952
38955
38958
38958
38964
38967
38979
38985
38988
38991
38991
38994
38994
38994
