14000
0
12
15
24
24
27
27
33
33
36
39
42
45
45
51
54
57
60
63
66
66
69
69
69
69
75
75
75
78
78
78
84
84
87
87
87
90
93
93
93
96
96
96
99
102
108
108
111
111
111
111
111
117
123
123
126
135
138
144
144
147
150
159
165
165
165
165
168
171
174
174
177
180
183
183
186
186
189
192
195
198
201
204
204
207
207
210
210
213
216
216
219
222
222
225
225
231
231
246
249
252
258
258
264
270
270
270
273
276
276
285
285
294
297
297
300
300
300
300
309
315
318
318
327
327
330
336
336
339
342
345
348
348
354
357
360
360
360
366
369
372
375
381
381
381
384
387
390
390
390
393
393
393
396
399
405
408
414
420
420
423
423
426
426
432
432
435
438
438
441
447
447
447
453
453
462
462
471
477
480
480
483
483
483
486
489
492
495
501
501
504
504
507
507
510
513
516
519
522
522
534
540
540
540
543
549
549
549
552
552
555
555
555
558
558
558
567
567
567
570
579
588
588
591
591
594
597
600
603
606
606
606
606
609
615
624
627
627
633
642
645
654
654
654
657
657
660
666
669
672
672
678
678
681
681
681
681
684
684
684
696
696
702
702
702
705
705
711
723
726
732
732
735
744
744
747
750
750
750
762
762
774
777
777
780
780
783
783
789
792
792
792
807
810
810
810
813
813
813
816
825
828
831
831
831
837
837
843
846
852
852
855
858
858
858
861
861
864
876
876
876
885
888
894
900
900
903
903
903
915
921
930
930
930
930
936
939
945
945
951
963
966
966
969
972
972
972
978
978
981
981
981
999
1002
1005
1005
1005
1008
1011
1011
1011
1017
1017
1020
1026
1026
1029
1032
1035
1041
1044
1047
1047
1050
1053
1062
1062
1068
1074
1077
1092
1092
1095
1095
1098
1098
1101
1107
1113
1122
1125
1128
1131
1134
1134
1143
1146
1158
1161
1161
1161
1164
1164
1167
1173
1176
1179
1182
1185
1188
1188
1194
1194
1197
1197
1197
1200
1203
1209
1209
1212
1212
1215
1215
1218
1227
1227
1230
1230
1236
1236
1239
1239
1242
1245
1248
1251
1254
1254
1266
1266
1269
1275
1275
1275
1284
1287
1287
1287
1290
1290
1293
1293
1296
1296
1296
1305
1305
1308
1311
1311
1317
1320
1320
1320
1320
1323
1326
1332
1332
1335
1335
1338
1338
1338
1341
1347
1350
1353
1353
1362
1362
1365
1371
1383
1383
1392
1398
1398
1404
1410
1413
1428
1431
1434
1434
1440
1443
1443
1443
1446
1452
1452
1455
1455
1458
1458
1458
1467
1467
1470
1473
1476
1476
1476
1476
1479
1479
1482
1482
1485
1488
1488
1494
1494
1497
1500
1500
1506
1506
1515
1515
1518
1521
1527
1530
1533
1536
1539
1539
1542
1548
1557
1566
1569
1569
1575
1581
1581
1584
1584
1587
1587
1593
1596
1611
1611
1611
1614
1620
1620
1623
1623
1626
1632
1635
1641
1644
1644
1650
1650
1650
1650
1653
1653
1659
1662
1665
1677
1677
1677
1683
1701
1707
1710
1710
1716
1719
1719
1722
1725
1728
1731
1746
1746
1746
1749
1755
1755
1764
1764
1770
1770
1773
1776
1776
1776
1776
1776
1785
1788
1788
1791
1794
1797
1800
1809
1809
1809
1812
1812
1818
1818
1824
1827
1827
1830
1830
1833
1839
1842
1842
1848
1848
1857
1857
1860
1863
1866
1866
1866
1869
1875
1878
1881
1884
1884
1887
1890
1899
1902
1905
1908
1914
1914
1920
1935
1935
1944
1950
1950
1956
1956
1956
1956
1962
1968
1968
1971
1971
1971
1974
1977
1980
1980
1980
1983
1983
1989
1992
2001
2001
2004
2007
2013
2022
2022
2025
2028
2028
2037
2037
2040
2043
2046
2046
2046
2052
2052
2061
2061
2061
2079
2088
2091
2091
2094
2097
2097
2103
2103
2103
2103
2106
2109
2109
2109
2112
2112
2118
2121
2121
2133
2133
2136
2142
2151
2154
2154
2160
2160
2166
2166
2166
2169
2169
2169
2172
2178
2178
2184
2193
2193
2199
2202
2202
2205
2208
2214
2217
2223
2226
2238
2238
2241
2241
2247
2250
2256
2259
2262
2262
2271
2280
2280
2283
2286
2286
2292
2295
2298
2298
2301
2304
2316
2322
2322
2325
2328
2328
2328
2331
2331
2334
2337
2337
2340
2340
2340
2340
2349
2349
2352
2352
2355
2361
2364
2367
2367
2370
2373
2376
2379
2382
2385
2385
2385
2385
2391
2394
2394
2397
2400
2403
2406
2406
2412
2415
2418
2424
2424
2430
2433
2436
2436
2436
2439
2442
2445
2448
2451
2451
2454
2460
2463
2466
2466
2469
2472
2475
2475
2478
2478
2478
2481
2481
2487
2490
2493
2496
2496
2499
2505
2505
2508
2511
2511
2514
2514
2514
2517
2520
2520
2520
2526
2529
2538
2538
2541
2550
2553
2556
2556
2559
2562
2565
2568
2568
2568
2571
2571
2574
2577
2577
2580
2580
2583
2583
2586
2586
2589
2589
2589
2592
2595
2604
2610
2610
2613
2613
2613
2616
2616
2619
2622
2625
2625
2628
2628
2631
2637
2646
2646
2649
2652
2658
2664
2673
2676
2682
2682
2688
2691
2691
2694
2694
2697
2700
2703
2703
2706
2706
2709
2712
2712
2715
2718
2724
2727
2730
2733
2733
2745
2751
2754
2763
2769
2769
2772
2772
2772
2775
2775
2781
2781
2781
2781
2796
2796
2796
2799
2808
2808
2814
2817
2817
2820
2823
2823
2823
2826
2829
2832
2832
2835
2835
2838
2838
2841
2847
2850
2853
2853
2853
2853
2856
2868
2871
2871
2874
2877
2880
2880
2883
2886
2898
2898
2916
2916
2919
2922
2925
2934
2940
2940
2940
2952
2955
2955
2958
2958
2967
2970
2976
2976
2979
2979
2985
2985
2988
2988
2991
2994
2994
2997
3000
3003
3009
3012
3012
3012
3015
3018
3021
3030
3033
3042
3042
3045
3045
3045
3045
3045
3045
3048
3051
3054
3057
3060
3072
3078
3081
3081
3081
3081
3084
3087
3093
3093
3093
3102
3102
3108
3108
3108
3111
3111
3117
3126
3132
3132
3135
3144
3144
3147
3150
3153
3159
3162
3168
3171
3174
3180
3183
3186
3186
3192
3192
3192
3195
3201
3207
3207
3210
3213
3213
3222
3225
3228
3228
3231
3234
3237
3237
3240
3240
3240
3243
3243
3243
3246
3246
3249
3249
3249
3252
3252
3258
3267
3267
3273
3276
3276
3279
3288
3291
3297
3297
3297
3306
3306
3321
3321
3321
3324
3324
3324
3324
3327
3339
3342
3342
3348
3354
3354
3360
3369
3372
3372
3372
3375
3375
3378
3381
3381
3384
3384
3384
3387
3387
3396
3399
3402
3405
3405
3405
3414
3417
3420
3420
3423
3438
3438
3444
3450
3453
3459
3459
3462
3468
3471
3480
3483
3486
3489
3495
3495
3495
3498
3504
3507
3510
3513
3516
3516
3522
3531
3531
3537
3543
3549
3549
3552
3552
3555
3558
3558
3561
3561
3564
3567
3567
3573
3573
3573
3576
3576
3576
3579
3582
3585
3588
3594
3594
3594
3606
3609
3612
3612
3615
3615
3618
3621
3621
3624
3627
3630
3636
3639
3639
3642
3648
3654
3654
3660
3663
3666
3669
3669
3669
3675
3675
3675
3675
3678
3678
3678
3687
3696
3699
3702
3702
3708
3711
3711
3720
3723
3726
3726
3729
3729
3732
3735
3735
3738
3741
3741
3744
3747
3756
3759
3759
3762
3762
3765
3765
3765
3768
3771
3777
3777
3777
3777
3780
3783
3786
3789
3792
3792
3801
3807
3810
3810
3816
3819
3828
3834
3840
3843
3846
3846
3849
3852
3858
3858
3861
3861
3864
3873
3873
3873
3879
3879
3888
3888
3891
3891
3894
3903
3912
3912
3915
3918
3921
3921
3921
3924
3924
3924
3924
3933
3936
3945
3948
3957
3957
3957
3960
3960
3969
3969
3972
3981
3981
3993
3996
4002
4002
4002
4011
4011
4017
4020
4020
4023
4026
4032
4032
4041
4044
4047
4053
4053
4053
4059
4059
4062
4062
4062
4074
4080
4080
4089
4092
4095
4098
4101
4101
4101
4101
4104
4104
4104
4107
4116
4122
4122
4131
4140
4143
4152
4155
4155
4158
4158
4164
4170
4170
4173
4179
4182
4182
4188
4191
4194
4197
4206
4206
4209
4209
4212
4215
4215
4215
4218
4224
4224
4224
4233
4239
4254
4254
4254
4257
4263
4263
4278
4278
4284
4284
4287
4290
4308
4308
4311
4314
4320
4323
4329
4332
4332
4338
4350
4350
4353
4362
4368
4368
4374
4377
4395
4401
4401
4404
4407
4410
4413
4413
4413
4416
4416
4422
4422
4425
4428
4434
4434
4440
4443
4443
4446
4446
4449
4452
4452
4455
4455
4455
4458
4458
4458
4458
4461
4461
4467
4470
4470
4470
4476
4476
4479
4485
4485
4491
4494
4503
4509
4509
4512
4518
4521
4527
4530
4530
4533
4536
4536
4539
4542
4545
4545
4545
4545
4560
4566
4566
4578
4581
4584
4587
4590
4590
4593
4593
4599
4599
4602
4605
4608
4611
4614
4614
4614
4620
4620
4620
4620
4626
4626
4626
4638
4638
4638
4638
4644
4647
4650
4656
4662
4662
4668
4668
4671
4677
4677
4683
4683
4686
4689
4689
4689
4692
4695
4695
4698
4701
4701
4701
4704
4707
4710
4710
4713
4713
4713
4713
4719
4719
4722
4722
4722
4725
4728
4728
4728
4731
4734
4734
4734
4734
4737
4746
4749
4752
4755
4767
4767
4773
4779
4779
4779
4782
4785
4791
4794
4794
4797
4800
4809
4815
4815
4815
4818
4818
4821
4824
4824
4830
4830
4833
4833
4839
4842
4842
4845
4851
4851
4857
4860
4863
4863
4866
4869
4875
4878
4881
4884
4890
4893
4893
4896
4896
4902
4902
4908
4911
4911
4914
4920
4926
4926
4929
4932
4932
4935
4935
4935
4941
4941
4941
4941
4950
4953
4953
4956
4965
4974
4977
4977
4977
4980
4980
4983
4983
4983
4986
4986
4986
4986
4986
4986
4986
4986
4995
4995
4998
5001
5004
5004
5004
5010
5013
5016
5016
5022
5022
5025
5025
5025
5028
5028
5028
5031
5034
5034
5040
5049
5049
5052
5052
5055
5055
5058
5064
5082
5082
5085
5085
5100
5100
5103
5103
5106
5109
5109
5118
5118
5127
5127
5130
5133
5145
5151
5157
5169
5178
5181
5187
5190
5199
5199
5199
5199
5205
5205
5205
5208
5208
5211
5214
5214
5214
5217
5220
5220
5223
5226
5226
5229
5229
5229
5229
5229
5229
5232
5235
5238
5238
5241
5250
5250
5253
5256
5256
5259
5265
5265
5268
5271
5274
5286
5289
5292
5292
5295
5295
5301
5304
5310
5310
5313
5322
5322
5325
5328
5331
5331
5352
5352
5355
5355
5358
5358
5367
5367
5367
5370
5376
5379
5379
5382
5388
5388
5391
5391
5394
5397
5403
5403
5406
5406
5409
5415
5415
5415
5415
5415
5424
5427
5430
5430
5430
5430
5436
5448
5454
5454
5460
5460
5460
5463
5463
5466
5475
5478
5484
5484
5487
5487
5493
5499
5499
5505
5508
5511
5511
5517
5523
5529
5532
5532
5538
5541
5541
5544
5544
5547
5553
5553
5559
5568
5568
5571
5574
5574
5583
5583
5589
5595
5598
5598
5601
5601
5604
5619
5619
5625
5625
5628
5628
5628
5631
5637
5637
5637
5637
5643
5643
5646
5646
5649
5652
5652
5652
5652
5664
5667
5673
5676
5676
5676
5676
5679
5682
5682
5682
5685
5694
5694
5697
5703
5706
5712
5712
5712
5718
5721
5724
5724
5724
5733
5736
5736
5739
5739
5742
5742
5745
5748
5751
5751
5751
5751
5751
5760
5763
5769
5775
5778
5778
5784
5784
5784
5784
5790
5790
5790
5793
5796
5799
5799
5799
5799
5802
5808
5808
5811
5814
5814
5817
5820
5823
5835
5838
5838
5844
5847
5847
5850
5850
5850
5856
5859
5865
5865
5865
5868
5868
5871
5871
5874
5874
5874
5877
5877
5880
5880
5889
5889
5895
5901
5907
5907
5907
5910
5916
5928
5928
5928
5931
5931
5937
5940
5943
5949
5952
5958
5964
5967
5970
5970
5973
5988
5991
5991
5994
5994
6000
6000
6003
6003
6006
6006
6012
6015
6018
6018
6018
6021
6021
6024
6024
6030
6045
6051
6051
6054
6057
6057
6060
6063
6069
6075
6075
6078
6078
6081
6087
6087
6093
6093
6096
6096
6099
6105
6114
6114
6114
6117
6117
6123
6123
6129
6138
6138
6138
6141
6144
6147
6150
6150
6159
6165
6171
6174
6174
6177
6180
6186
6189
6192
6192
6192
6198
6201
6210
6213
6213
6216
6216
6222
6228
6228
6234
6243
6243
6246
6255
6261
6264
6264
6267
6273
6273
6282
6282
6282
6294
6294
6294
6297
6300
6303
6309
6312
6312
6315
6315
6321
6321
6321
6321
6324
6327
6330
6330
6351
6360
6366
6369
6372
6372
6381
6381
6384
6384
6387
6390
6393
6393
6399
6399
6402
6405
6417
6420
6426
6426
6426
6429
6432
6432
6432
6438
6441
6441
6447
6450
6450
6450
6453
6456
6456
6459
6459
6459
6462
6462
6462
6465
6468
6474
6474
6480
6483
6486
6486
6489
6492
6492
6495
6495
6516
6522
6522
6522
6528
6528
6531
6531
6540
6543
6543
6549
6549
6570
6576
6588
6591
6594
6597
6612
6615
6618
6618
6618
6633
6636
6639
6642
6645
6645
6663
6663
6663
6669
6669
6672
6675
6675
6678
6684
6684
6696
6699
6702
6702
6705
6705
6711
6717
6717
6717
6720
6723
6732
6735
6735
6738
6747
6753
6762
6762
6762
6765
6768
6768
6771
6771
6774
6777
6777
6777
6780
6783
6789
6789
6792
6792
6795
6798
6801
6801
6810
6813
6816
6816
6819
6822
6825
6825
6825
6828
6831
6831
6831
6837
6837
6837
6840
6843
6846
6846
6858
6858
6861
6861
6867
6870
6873
6873
6873
6876
6879
6879
6882
6885
6888
6888
6888
6888
6891
6894
6894
6897
6900
6912
6912
6915
6915
6915
6918
6918
6921
6927
6927
6927
6933
6936
6939
6942
6951
6954
6960
6963
6966
6969
6969
6975
6975
6975
6981
6984
6987
6990
7002
7002
7008
7008
7011
7011
7011
7014
7017
7020
7023
7026
7026
7026
7029
7029
7029
7035
7035
7038
7041
7059
7059
7059
7062
7065
7068
7074
7074
7080
7080
7086
7095
7098
7101
7104
7104
7110
7116
7122
7128
7128
7128
7128
7131
7137
7140
7140
7143
7146
7149
7152
7158
7158
7158
7158
7161
7161
7164
7167
7176
7179
7179
7182
7185
7188
7200
7200
7200
7203
7209
7218
7221
7221
7224
7239
7245
7251
7263
7266
7266
7269
7269
7269
7272
7272
7275
7275
7278
7281
7281
7284
7293
7302
7302
7305
7311
7317
7320
7320
7323
7332
7332
7341
7347
7353
7362
7365
7368
7371
7374
7377
7377
7380
7383
7383
7386
7395
7395
7398
7398
7398
7401
7404
7404
7413
7413
7416
7419
7428
7431
7440
7440
7440
7443
7443
7443
7449
7449
7449
7458
7458
7461
7461
7461
7467
7467
7470
7470
7473
7473
7476
7476
7488
7488
7491
7494
7494
7494
7518
7518
7521
7521
7524
7527
7527
7530
7530
7539
7545
7545
7548
7563
7566
7566
7566
7575
7575
7575
7578
7584
7587
7593
7596
7596
7599
7605
7608
7611
7617
7617
7623
7626
7629
7635
7635
7635
7641
7644
7644
7647
7647
7653
7659
7659
7662
7662
7665
7677
7680
7683
7683
7686
7689
7692
7698
7698
7701
7701
7701
7713
7713
7713
7725
7737
7746
7746
7746
7749
7749
7752
7761
7767
7773
7773
7776
7776
7779
7782
7782
7785
7785
7788
7788
7788
7788
7797
7797
7800
7803
7806
7812
7812
7812
7815
7830
7836
7851
7851
7854
7854
7854
7857
7860
7860
7860
7866
7869
7869
7869
7878
7881
7881
7884
7887
7893
7896
7896
7899
7899
7902
7905
7905
7908
7911
7917
7923
7929
7932
7932
7938
7941
7941
7941
7947
7953
7956
7956
7956
7959
7959
7962
7965
7968
7968
7971
7977
7977
7986
7986
7986
7989
7992
7995
7998
8001
8004
8007
8007
8007
8007
8007
8013
8016
8016
8016
8019
8022
8025
8025
8034
8037
8040
8040
8043
8043
8043
8046
8049
8049
8055
8061
8061
8064
8064
8067
8067
8073
8076
8076
8085
8088
8091
8097
8100
8103
8103
8106
8106
8109
8112
8118
8121
8127
8130
8130
8130
8133
8136
8139
8142
8148
8151
8154
8157
8160
8163
8163
8175
8175
8184
8187
8187
8187
8193
8199
8199
8205
8208
8214
8214
8217
8223
8223
8223
8226
8226
8238
8241
8244
8250
8250
8253
8256
8259
8259
8262
8262
8262
8262
8262
8271
8271
8283
8283
8283
8286
8286
8286
8289
8292
8298
8310
8310
8313
8319
8319
8319
8319
8319
8325
8325
8328
8331
8334
8337
8340
8346
8349
8349
8361
8364
8364
8367
8367
8367
8367
8370
8370
8373
8373
8382
8388
8391
8394
8403
8403
8403
8406
8412
8412
8415
8415
8418
8418
8421
8424
8427
8427
8433
8439
8442
8445
8448
8448
8448
8451
8457
8460
8460
8463
8463
8463
8466
8469
8469
8478
8478
8478
8484
8484
8484
8490
8490
8493
8499
8505
8505
8508
8511
8511
8514
8517
8517
8520
8523
8532
8535
8535
8541
8547
8547
8550
8553
8556
8556
8559
8562
8568
8571
8577
8577
8586
8592
8592
8595
8601
8604
8610
8613
8616
8616
8619
8619
8619
8622
8625
8640
8646
8646
8649
8649
8652
8652
8658
8661
8667
8676
8676
8676
8679
8679
8682
8682
8682
8685
8685
8688
8691
8694
8694
8697
8706
8709
8724
8727
8736
8745
8745
8748
8748
8751
8754
8754
8757
8757
8763
8763
8763
8766
8766
8769
8769
8769
8772
8772
8775
8775
8775
8775
8778
8781
8790
8790
8796
8796
8796
8799
8802
8805
8808
8814
8817
8823
8823
8832
8832
8835
8838
8844
8847
8850
8850
8856
8856
8859
8862
8865
8868
8877
8877
8877
8886
8895
8898
8901
8901
8901
8904
8907
8913
8916
8922
8928
8931
8931
8934
8943
8943
8943
8949
8949
8952
8952
8952
8952
8955
8958
8961
8967
8967
8967
8985
8988
8991
8997
8997
9000
9000
9006
9006
9009
9012
9012
9015
9024
9024
9024
9024
9027
9030
9036
9048
9051
9051
9051
9060
9063
9063
9063
9063
9066
9072
9078
9078
9078
9081
9084
9096
9096
9099
9102
9102
9108
9111
9111
9114
9117
9117
9126
9129
9135
9141
9144
9147
9153
9153
9153
9156
9162
9162
9165
9165
9168
9171
9174
9174
9180
9183
9192
9198
9204
9207
9207
9222
9222
9222
9228
9231
9234
9234
9234
9237
9240
9240
9252
9252
9252
9255
9258
9258
9261
9261
9267
9270
9270
9273
9273
9273
9282
9291
9297
9306
9309
9318
9318
9321
9327
9330
9333
9333
9336
9342
9345
9345
9351
9357
9357
9357
9360
9360
9363
9363
9369
9372
9375
9375
9381
9387
9390
9393
9396
9399
9402
9402
9402
9408
9411
9411
9411
9411
9414
9414
9417
9423
9423
9423
9426
9429
9432
9441
9441
9441
9441
9441
9444
9450
9453
9453
9459
9462
9468
9474
9483
9486
9489
9489
9489
9489
9492
9492
9498
9498
9498
9501
9510
9510
9513
9519
9519
9522
9522
9525
9534
9537
9537
9537
9540
9543
9543
9561
9564
9570
9570
9573
9573
9576
9579
9579
9582
9585
9588
9588
9588
9588
9591
9594
9594
9597
9597
9597
9600
9603
9603
9603
9609
9612
9612
9615
9621
9621
9624
9624
9627
9627
9639
9642
9648
9651
9651
9657
9657
9657
9657
9660
9660
9663
9666
9666
9669
9672
9681
9681
9681
9690
9690
9693
9696
9699
9699
9699
9699
9702
9702
9705
9705
9708
9711
9717
9717
9723
9732
9732
9735
9753
9753
9759
9762
9765
9765
9765
9768
9771
9771
9771
9771
9774
9780
9780
9783
9789
9789
9792
9795
9798
9801
9801
9804
9807
9807
9807
9810
9813
9816
9819
9828
9831
9831
9831
9831
9834
9840
9840
9843
9843
9846
9849
9849
9849
9858
9861
9867
9870
9876
9876
9882
9885
9888
9888
9897
9897
9903
9903
9903
9906
9909
9909
9912
9915
9924
9924
9924
9933
9942
9942
9945
9945
9948
9951
9960
9969
9969
9975
9981
9981
9984
9984
9987
9987
9990
9993
9999
9999
10005
10008
10011
10017
10023
10026
10032
10035
10038
10047
10050
10050
10053
10056
10062
10062
10065
10065
10065
10071
10071
10077
10080
10098
10101
10101
10107
10110
10110
10113
10122
10125
10125
10125
10131
10137
10137
10137
10140
10140
10143
10146
10146
10146
10164
10164
10179
10179
10182
10191
10191
10194
10200
10200
10203
10203
10203
10203
10209
10209
10209
10212
10215
10215
10215
10221
10224
10224
10230
10230
10236
10236
10242
10245
10251
10251
10254
10263
10263
10266
10266
10266
10266
10269
10269
10275
10278
10284
10290
10290
10290
10290
10296
10296
10299
10302
10302
10302
10305
10311
10314
10317
10320
10320
10326
10326
10326
10332
10335
10335
10335
10344
10350
10353
10353
10362
10362
10365
10371
10374
10374
10374
10374
10374
10380
10392
10392
10398
10401
10404
10404
10416
10428
10428
10431
10434
10437
10446
10449
10449
10452
10452
10455
10458
10458
10461
10467
10473
10482
10485
10491
10491
10497
10497
10497
10500
10500
10503
10506
10506
10509
10512
10512
10515
10530
10536
10539
10542
10545
10545
10548
10548
10554
10554
10557
10560
10563
10572
10575
10575
10578
10578
10584
10584
10587
10590
10590
10596
10596
10596
10599
10605
10611
10611
10611
10617
10620
10620
10620
10620
10623
10623
10626
10629
10632
10638
10644
10653
10662
10662
10662
10665
10671
10677
10677
10677
10677
10677
10677
10680
10680
10683
10686
10689
10692
10695
10695
10698
10698
10701
10704
10704
10707
10710
10710
10713
10713
10716
10722
10725
10725
10728
10734
10734
10740
10743
10746
10761
10770
10776
10776
10785
10788
10794
10794
10800
10803
10803
10806
10806
10806
10806
10809
10815
10818
10821
10821
10830
10830
10833
10839
10845
10845
10848
10848
10851
10851
10854
10857
10872
10875
10875
10878
10881
10887
10896
10899
10899
10899
10908
10908
10911
10914
10914
10914
10917
10917
10920
10926
10929
10932
10932
10932
10935
10941
10944
10944
10962
10971
10971
10971
10974
10980
10980
10980
10986
10986
10998
11007
11007
11010
11016
11016
11019
11019
11019
11031
11031
11031
11031
11034
11040
11043
11043
11046
11046
11046
11049
11052
11055
11055
11061
11067
11079
11082
11082
11085
11085
11085
11091
11091
11091
11091
11091
11094
11097
11100
11103
11103
11109
11109
11112
11115
11130
11136
11142
11148
11148
11151
11157
11160
11160
11166
11172
11178
11178
11178
11181
11187
11187
11193
11193
11193
11193
11193
11199
11211
11214
11220
11223
11226
11226
11229
11229
11229
11235
11235
11235
11238
11238
11238
11241
11241
11247
11247
11250
11256
11256
11262
11268
11271
11277
11280
11286
11289
11289
11292
11292
11295
11301
11307
11307
11307
11313
11316
11316
11319
11328
11328
11328
11328
11328
11328
11334
11337
11343
11346
11349
11352
11355
11358
11361
11364
11367
11373
11382
11382
11385
11400
11403
11406
11409
11412
11415
11421
11424
11433
11433
11433
11433
11436
11436
11436
11439
11442
11448
11454
11454
11457
11460
11469
11472
11475
11478
11478
11478
11481
11484
11487
11487
11487
11505
11508
11508
11517
11529
11529
11538
11547
11550
11550
11550
11553
11553
11556
11556
11556
11559
11559
11559
11562
11565
11568
11571
11571
11571
11571
11574
11577
11580
11580
11583
11589
11592
11598
11601
11604
11604
11610
11613
11616
11619
11619
11619
11619
11622
11625
11628
11628
11628
11631
11631
11634
11634
11643
11649
11652
11652
11652
11658
11658
11664
11667
11670
11676
11679
11679
11685
11685
11694
11697
11697
11700
11706
11706
11715
11715
11718
11718
11721
11721
11727
11730
11739
11742
11742
11745
11745
11748
11748
11748
11751
11751
11772
11775
11778
11778
11781
11787
11790
11796
11799
11802
11802
11808
11814
11814
11817
11823
11823
11823
11826
11832
11838
11850
11856
11862
11862
11868
11880
11883
11886
11889
11889
11892
11895
11895
11898
11904
11907
11907
11907
11910
11910
11913
11913
11916
11919
11922
11922
11928
11928
11934
11937
11943
11949
11955
11961
11964
11964
11973
11982
11982
11982
11982
11988
11988
11988
11991
11991
11991
11991
11994
12000
12003
12006
12009
12009
12009
12027
12036
12048
12051
12051
12051
12054
12054
12057
12060
12060
12063
12063
12069
12069
12069
12069
12072
12075
12078
12081
12084
12087
12090
12090
12090
12096
12096
12102
12108
12114
12114
12114
12114
12120
12126
12132
12141
12147
12147
12150
12150
12156
12159
12162
12168
12168
12168
12168
12171
12174
12177
12177
12186
12189
12192
12201
12204
12204
12207
12207
12207
12210
12210
12216
12216
12216
12219
12222
12225
12231
12234
12243
12243
12243
12249
12249
12249
12252
12258
12273
12279
12279
12282
12285
12285
12285
12288
12291
12294
12294
12303
12303
12303
12306
12309
12309
12321
12324
12327
12330
12330
12330
12333
12339
12345
12348
12348
12348
12354
12357
12360
12360
12363
12366
12369
12369
12372
12372
12372
12378
12378
12381
12387
12387
12390
12390
12393
12399
12405
12408
12414
12414
12417
12423
12423
12426
12435
12438
12447
12447
12450
12453
12453
12456
12462
12465
12468
12471
12471
12474
12477
12480
12480
12492
12495
12495
12498
12498
12501
12501
12504
12504
12504
12510
12516
12519
12519
12522
12525
12531
12531
12537
12540
12540
12543
12543
12543
12552
12558
12558
12561
12561
12561
12567
12567
12573
12573
12579
12588
12588
12591
12591
12600
12603
12609
12618
12621
12624
12624
12627
12630
12630
12636
12639
12639
12639
12645
12648
12651
12654
12660
12660
12663
12663
12666
12666
12669
12669
12672
12678
12678
12678
12681
12684
12687
12687
12690
12690
12693
12696
12699
12702
12705
12705
12705
12705
12708
12708
12711
12714
12720
12720
12720
12726
12726
12729
12729
12732
12732
12735
12741
12753
12756
12759
12762
12765
12765
12768
12768
12768
12771
12771
12774
12774
12777
12780
12786
12789
12798
12798
12798
12801
12801
12801
12801
12807
12810
12813
12813
12822
12822
12828
12834
12837
12840
12840
12846
12849
12855
12855
12861
12864
12867
12870
12876
12876
12882
12885
12888
12897
12897
12900
12900
12906
12906
12909
12912
12912
12915
12915
12915
12918
12921
12921
12924
12927
12930
12933
12936
12939
12939
12942
12942
12945
12957
12957
12969
12975
12978
12978
12981
12984
12984
12984
12990
12990
12999
13002
13005
13008
13011
13011
13011
13011
13014
13017
13023
13023
13023
13032
13038
13044
13044
13050
13053
13056
13059
13062
13065
13068
13071
13077
13086
13089
13101
13104
13104
13107
13110
13116
13128
13131
13134
13137
13137
13143
13143
13143
13146
13146
13152
13158
13170
13173
13176
13176
13182
13182
13185
13188
13188
13194
13197
13203
13212
13227
13227
13230
13233
13233
13233
13233
13236
13236
13236
13239
13239
13242
13245
13251
13254
13263
13263
13266
13269
13278
13281
13281
13281
13284
13284
13287
13290
13293
13293
13293
13305
13317
13317
13326
13326
13329
13329
13329
13332
13332
13338
13344
13344
13347
13353
13359
13359
13362
13362
13365
13371
13377
13380
13383
13389
13392
13392
13392
13395
13395
13395
13398
13398
13401
13404
13404
13404
13407
13410
13413
13419
13425
13431
13449
13452
13455
13458
13458
13461
13470
13479
13482
13485
13488
13488
13491
13494
13497
13497
13497
13500
13500
13503
13506
13506
13512
13512
13512
13515
13515
13515
13518
13518
13518
13524
13527
13530
13536
13536
13536
13545
13548
13551
13554
13557
13563
13563
13569
13569
13572
13572
13575
13575
13578
13581
13587
13590
13590
13596
13614
13614
13614
13614
13620
13626
13629
13629
13641
13641
13644
13647
13650
13653
13662
13665
13686
13686
13686
13689
13692
13692
13692
13695
13698
13701
13704
13704
13710
13719
13722
13722
13725
13731
13737
13737
13740
13740
13740
13749
13752
13758
13761
13770
13773
13773
13779
13779
13785
13788
13794
13797
13806
13806
13809
13812
13815
13815
13815
13818
13818
13824
13827
13836
13836
13836
13839
13845
13848
13848
13848
13851
13854
13854
13863
13863
13863
13869
13872
13875
13878
13881
13884
13884
13887
13890
13890
13896
13899
13902
13905
13908
13911
13914
13917
13923
13929
13935
13941
13941
13941
13947
13947
13950
13953
13953
13956
13956
13962
13965
13968
13971
13971
13974
13977
13980
13983
13986
13989
13995
13995
14004
14007
14007
14013
14016
14019
14019
14031
14034
14043
14043
14043
14043
14043
14046
14055
14058
14058
14061
14064
14064
14067
14070
14076
14085
14091
14091
14094
14097
14097
14100
14100
14106
14112
14112
14112
14115
14130
14130
14133
14133
14136
14139
14154
14157
14160
14160
14160
14163
14166
14166
14172
14172
14175
14175
14178
14178
14181
14184
14187
14187
14190
14190
14196
14196
14196
14196
14196
14202
14202
14211
14211
14214
14214
14217
14223
14226
14226
14229
14232
14235
14235
14244
14244
14256
14256
14256
14259
14259
14262
14262
14262
14268
14268
14271
14271
14280
14280
14286
14286
14289
14289
14289
14292
14295
14298
14298
14298
14298
14298
14304
14307
14316
14319
14325
14328
14331
14331
14343
14346
14352
14352
14355
14355
14358
14364
14370
14373
14376
14376
14376
14379
14379
14379
14391
14394
14397
14397
14397
14406
14412
14415
14430
14436
14436
14442
14442
14448
14448
14454
14454
14454
14463
14466
14469
14469
14469
14472
14475
14478
14487
14493
14493
14493
14502
14511
14517
14520
14529
14529
14529
14535
14538
14541
14541
14541
14553
14553
14556
14559
14559
14562
14565
14568
14568
14571
14574
14583
14586
14595
14595
14595
14598
14601
14601
14601
14607
14610
14613
14616
14616
14619
14625
14631
14634
14637
14637
14640
14640
14652
14655
14658
14661
14676
14676
14676
14679
14682
14694
14703
14706
14709
14712
14721
14721
14724
14730
14730
14733
14739
14745
14748
14748
14751
14751
14751
14754
14754
14757
14757
14763
14766
14769
14769
14772
14781
14793
14796
14796
14799
14802
14802
14808
14811
14814
14817
14820
14826
14826
14826
14826
14829
14832
14835
14838
14844
14847
14847
14850
14853
14856
14856
14862
14868
14868
14871
14871
14874
14874
14877
14877
14877
14880
14880
14880
14883
14886
14886
14901
14901
14901
14904
14907
14907
14907
14910
14913
14919
14919
14922
14925
14928
14928
14931
14931
14931
14931
14937
14940
14940
14940
14949
14952
14958
14961
14961
14964
14967
14973
14982
14982
14988
14988
14988
14991
14997
15000
15006
15006
15018
15018
15021
15027
15033
15042
15045
15048
15048
15051
15054
15054
15069
15069
15069
15072
15102
15105
15108
15111
15111
15114
15114
15114
15117
15123
15123
15123
15126
15126
15126
15129
15129
15138
15138
15138
15141
15141
15150
15150
15150
15153
15153
15156
15159
15159
15159
15159
15159
15159
15165
15168
15168
15171
15171
15171
15171
15174
15174
15177
15177
15180
15183
15189
15192
15195
15195
15198
15204
15207
15213
15219
15225
15228
15228
15231
15231
15231
15231
15237
15237
15240
15240
15243
15246
15249
15252
15252
15255
15264
15264
15267
15273
15273
15276
15282
15282
15282
15285
15288
15291
15300
15300
15315
15315
15318
15321
15324
15327
15333
15333
15336
15339
15339
15339
15339
15345
15345
15348
15351
15357
15369
15369
15369
15369
15372
15372
15375
15378
15384
15399
15402
15402
15405
15405
15405
15405
15408
15408
15414
15420
15420
15426
15435
15438
15441
15447
15447
15447
15450
15453
15453
15453
15456
15456
15456
15459
15462
15462
15462
15462
15462
15465
15468
15471
15471
15474
15477
15477
15480
15480
15480
15483
15483
15489
15489
15492
15501
15501
15504
15510
15513
15513
15513
15516
15516
15519
15519
15522
15528
15531
15534
15537
15543
15543
15549
15549
15552
15552
15552
15564
15567
15567
15570
15570
15573
15576
15579
15579
15579
15579
15585
15588
15591
15597
15597
15597
15600
15603
15603
15606
15606
15606
15609
15609
15609
15615
15618
15618
15621
15624
15627
15627
15630
15633
15633
15633
15633
15633
15645
15648
15651
15654
15660
15666
15669
15672
15672
15684
15684
15690
15696
15696
15699
15699
15699
15708
15708
15708
15708
15708
15711
15714
15714
15714
15714
15714
15729
15729
15732
15738
15741
15741
15741
15747
15747
15750
15750
15753
15756
15756
15759
15765
15768
15771
15777
15780
15798
15801
15807
15807
15813
15813
15822
15828
15834
15837
15840
15843
15843
15843
15846
15852
15858
15861
15864
15870
15870
15873
15882
15882
15891
15897
15897
15900
15909
15909
15915
15921
15933
15942
15945
15945
15945
15945
15948
15957
15960
15960
15969
15969
15975
15975
15975
15975
15978
15981
15987
15987
15987
15990
15996
15996
16002
16002
16008
16008
16011
16014
16014
16017
16017
16023
16023
16023
16026
16029
16038
16038
16041
16041
16044
16050
16050
16050
16053
16053
16059
16059
16065
16065
16068
16068
16068
16074
16074
16074
16080
16083
16083
16083
16083
16086
16092
16098
16098
16101
16104
16104
16104
16110
16110
16113
16116
16119
16122
16125
16125
16134
16137
16140
16143
16143
16146
16155
16155
16155
16155
16158
16158
16158
16161
16161
16164
16167
16167
16167
16167
16173
16173
16173
16176
16176
16191
16191
16194
16206
16206
16206
16212
16212
16215
16215
16221
16227
16230
16230
16233
16233
16233
16236
16236
16236
16239
16239
16242
16245
16245
16248
16251
16263
16266
16266
16269
16275
16275
16278
16278
16281
16284
16284
16284
16284
16287
16293
16293
16293
16296
16296
16305
16305
16305
16308
16308
16314
16314
16317
16320
16326
16326
16329
16329
16332
16332
16332
16335
16338
16341
16344
16344
16347
16347
16347
16353
16353
16353
16353
16353
16356
16356
16359
16362
16362
16362
16365
16368
16368
16371
16371
16371
16374
16374
16377
16377
16380
16383
16389
16395
16395
16404
16404
16407
16410
16416
16422
16422
16428
16431
16434
16440
16440
16440
16449
16449
16458
16461
16461
16461
16467
16476
16482
16485
16488
16494
16497
16497
16500
16506
16509
16509
16512
16527
16536
16539
16542
16545
16545
16548
16551
16554
16557
16560
16560
16560
16563
16563
16566
16566
16572
16581
16581
16584
16584
16596
16596
16611
16611
16614
16617
16617
16623
16629
16632
16632
16635
16635
16635
16638
16650
16653
16659
16662
16665
16668
16674
16674
16683
16686
16689
16695
16695
16698
16701
16701
16701
16704
16707
16710
16722
16722
16722
16734
16737
16746
16752
16755
16758
16758
16758
16761
16761
16761
16764
16776
16776
16779
16782
16788
16800
16800
16800
16803
16806
16806
16812
16812
16818
16821
16827
16830
16833
16836
16839
16842
16848
16848
16857
16863
16866
16872
16872
16878
16881
16881
16884
16887
16887
16890
16890
16893
16899
16899
16902
16902
16902
16905
16908
16911
16917
16917
16920
16920
16923
16929
16929
16929
16929
16935
16935
16947
16950
16956
16956
16971
16977
16977
16977
16983
16986
16992
16998
16998
16998
17004
17007
17007
17007
17013
17025
17031
17034
17037
17040
17043
17046
17049
17049
17049
17055
17055
17064
17067
17070
17070
17070
17070
17073
17082
17082
17082
17085
17088
17094
17097
17097
17100
17106
17109
17112
17112
17115
17118
17118
17121
17124
17124
17124
17124
17127
17142
17148
17148
17154
17154
17157
17157
17160
17163
17169
17169
17172
17175
17184
17196
17199
17202
17202
17205
17205
17208
17208
17211
17211
17214
17217
17220
17223
17223
17226
17229
17232
17232
17235
17235
17235
17241
17244
17244
17247
17253
17256
17256
17256
17259
17259
17262
17265
17268
17271
17280
17280
17280
17280
17280
17286
17289
17292
17295
17298
17298
17301
17307
17319
17319
17322
17322
17325
17325
17328
17328
17328
17328
17331
17334
17337
17340
17343
17355
17361
17361
17364
17367
17367
17373
17373
17379
17382
17382
17388
17394
17397
17400
17406
17409
17421
17424
17424
17424
17427
17427
17427
17433
17433
17439
17439
17451
17454
17454
17454
17457
17460
17469
17475
17487
17487
17487
17490
17490
17490
17523
17526
17526
17526
17532
17532
17532
17535
17535
17541
17550
17550
17553
17553
17556
17559
17562
17568
17586
17586
17586
17589
17592
17595
17595
17601
17607
17613
17616
17616
17619
17619
17625
17625
17628
17628
17631
17631
17640
17646
17649
17655
17655
17655
17655
17658
17664
17667
17670
17670
17676
17679
17682
17682
17685
17685
17694
17694
17697
17700
17709
17709
17721
17724
17724
17727
17739
17742
17745
17748
17748
17754
17757
17760
17763
17769
17769
17772
17772
17775
17781
17781
17781
17787
17793
17796
17805
17808
17811
17811
17814
17814
17817
17820
17829
17829
17829
17832
17832
17838
17844
17847
17847
17847
17847
17847
17859
17865
17868
17871
17874
17880
17880
17892
17895
17901
17907
17910
17913
17913
17913
17916
17916
17916
17919
17922
17925
17925
17925
17934
17940
17943
17946
17946
17946
17949
17949
17952
17958
17958
17964
17964
17967
17973
17979
17988
17988
17991
17991
17994
17994
17997
18000
18000
18003
18009
18009
18012
18015
18015
18015
18021
18024
18030
18030
18030
18030
18033
18036
18036
18036
18036
18042
18042
18048
18051
18054
18054
18057
18063
18063
18072
18078
18081
18084
18084
18087
18093
18096
18096
18096
18105
18105
18108
18108
18114
18114
18117
18117
18120
18126
18126
18129
18132
18132
18132
18135
18138
18138
18138
18141
18141
18144
18147
18147
18153
18153
18153
18156
18159
18159
18159
18168
18168
18171
18177
18177
18177
18177
18180
18186
18189
18192
18207
18210
18210
18219
18222
18225
18225
18228
18228
18234
18234
18243
18246
18246
18246
18249
18252
18252
18267
18267
18267
18270
18270
18273
18273
18273
18276
18276
18276
18282
18282
18288
18291
18294
18297
18300
18300
18306
18309
18312
18312
18315
18318
18318
18318
18318
18318
18318
18327
18333
18336
18342
18342
18348
18348
18363
18369
18369
18369
18381
18381
18381
18381
18384
18387
18390
18390
18393
18396
18402
18405
18408
18408
18414
18417
18417
18417
18417
18423
18429
18429
18432
18435
18438
18438
18438
18444
18450
18456
18456
18462
18465
18471
18471
18474
18474
18474
18477
18480
18480
18483
18489
18489
18498
18504
18507
18510
18510
18513
18516
18519
18522
18522
18522
18528
18531
18534
18540
18546
18546
18546
18549
18549
18552
18552
18552
18552
18558
18561
18564
18570
18570
18570
18573
18573
18576
18582
18582
18588
18588
18591
18591
18600
18600
18600
18600
18606
18606
18606
18612
18615
18618
18618
18621
18624
18627
18627
18633
18636
18642
18645
18645
18648
18648
18648
18648
18663
18663
18663
18669
18672
18684
18687
18687
18696
18696
18699
18705
18714
18717
18723
18723
18726
18726
18738
18738
18744
18747
18753
18756
18762
18762
18765
18765
18771
18780
18783
18789
18789
18798
18798
18801
18801
18801
18804
18807
18813
18813
18813
18816
18822
18825
18825
18828
18834
18840
18846
18846
18849
18852
18852
18855
18855
18858
18870
18873
18876
18876
18879
18879
18882
18888
18888
18888
18891
18891
18894
18897
18900
18900
18906
18909
18909
18909
18915
18915
18918
18918
18924
18924
18927
18930
18930
18933
18933
18933
18936
18939
18945
18948
18951
18951
18951
18960
18960
18960
18960
18963
18963
18969
18969
18975
18978
18993
18999
19002
19002
19005
19011
19011
19014
19017
19017
19020
19026
19026
19035
19038
19038
19038
19041
19044
19047
19047
19050
19050
19068
19071
19074
19074
19074
19074
19080
19086
19086
19089
19092
19095
19101
19101
19101
19104
19107
19107
19110
19113
19116
19119
19119
19122
19122
19137
19143
19152
19152
19155
19155
19158
19158
19173
19179
19179
19182
19188
19191
19191
19191
19191
19194
19197
19197
19206
19212
19212
19215
19215
19218
19221
19224
19224
19227
19230
19233
19239
19242
19242
19245
19245
19254
19260
19266
19266
19269
19272
19272
19281
19281
19284
19284
19287
19290
19293
19293
19293
19296
19302
19305
19305
19305
19311
19323
19329
19335
19335
19338
19341
19341
19344
19344
19344
19344
19347
19347
19350
19350
19353
19356
19362
19368
19368
19371
19371
19374
19374
19380
19380
19380
19383
19383
19386
19395
19398
19401
19401
19401
19404
19410
19416
19422
19425
19428
19428
19437
19440
19440
19440
19443
19446
19446
19452
19455
19467
19467
19473
19476
19476
19476
19479
19479
19482
19488
19488
19488
19488
19491
19491
19497
19497
19503
19512
19512
19512
19512
19515
19518
19518
19521
19524
19524
19527
19542
19545
19548
19548
19554
19557
19557
19563
19575
19578
19578
19581
19581
19590
19593
19593
19596
19599
19599
19611
19614
19620
19626
19626
19626
19632
19635
19644
19647
19647
19647
19650
19650
19653
19659
19668
19668
19671
19671
19674
19674
19677
19680
19683
19689
19692
19695
19698
19701
19707
19707
19710
19710
19710
19713
19713
19728
19731
19737
19740
19749
19752
19752
19755
19755
19758
19758
19761
19767
19767
19770
19773
19773
19779
19779
19785
19800
19806
19821
19824
19827
19830
19830
19839
19839
19854
19857
19860
19860
19863
19872
19881
19884
19884
19884
19890
19893
19893
19893
19902
19902
19902
19905
19908
19914
19920
19920
19923
19926
19929
19932
19932
19935
19938
19941
19947
19950
19953
19959
19962
19965
19968
19971
19971
19971
19980
19980
19983
19983
19983
19986
19989
19992
19992
19998
20001
20001
20004
20004
20007
20007
20007
20010
20016
20019
20025
20028
20031
20037
20040
20043
20049
20049
20049
20052
20055
20055
20058
20061
20061
20064
20067
20070
20073
20079
20088
20088
20088
20091
20094
20094
20100
20103
20103
20103
20115
20118
20127
20127
20130
20133
20133
20136
20139
20142
20145
20148
20151
20151
20154
20160
20160
20163
20163
20184
20184
20184
20196
20196
20199
20202
20208
20208
20211
20211
20226
20229
20229
20232
20235
20250
20253
20253
20253
20253
20253
20253
20253
20256
20256
20259
20262
20268
20271
20271
20271
20274
20274
20277
20277
20289
20292
20304
20307
20310
20313
20313
20313
20316
20319
20325
20328
20328
20331
20337
20340
20352
20352
20352
20358
20358
20361
20361
20361
20370
20370
20373
20376
20376
20379
20385
20388
20391
20397
20397
20397
20400
20400
20400
20403
20403
20406
20409
20409
20409
20409
20412
20418
20418
20427
20430
20433
20436
20442
20442
20445
20448
20454
20457
20457
20457
20463
20466
20469
20472
20475
20475
20478
20487
20487
20487
20487
20490
20496
20502
20511
20514
20517
20517
20520
20520
20532
20535
20535
20535
20538
20538
20547
20547
20547
20547
20550
20550
20550
20550
20553
20553
20559
20562
20571
20574
20577
20577
20586
20586
20592
20592
20592
20595
20595
20595
20595
20598
20604
20610
20610
20625
20631
20634
20634
20637
20640
20643
20646
20655
20661
20661
20664
20664
20667
20679
20679
20682
20688
20691
20691
20694
20694
20703
20706
20706
20709
20724
20724
20733
20733
20739
20742
20745
20748
20751
20760
20763
20763
20766
20769
20778
20784
20784
20787
20787
20787
20790
20793
20793
20796
20799
20799
20802
20808
20817
20820
20820
20823
20823
20826
20826
20826
20829
20832
20835
20841
20847
20847
20856
20856
20856
20859
20865
20871
20871
20871
20874
20874
20877
20880
20892
20892
20895
20895
20898
20901
20901
20904
20907
20910
20910
20916
20922
20928
20928
20931
20931
20937
20937
20940
20940
20940
20940
20940
20946
20952
20952
20952
20955
20961
20961
20964
20964
20967
20967
20967
20970
20970
20976
20976
20979
20982
20982
20988
20988
20997
21000
21003
21006
21006
21009
21012
21021
21030
21030
21033
21042
21042
21048
21051
21054
21054
21054
21054
21057
21057
21063
21069
21075
21075
21081
21081
21081
21081
21084
21084
21087
21090
21093
21096
21096
21105
21111
21117
21126
21126
21126
21129
21132
21138
21144
21150
21150
21153
21153
21156
21159
21159
21162
21162
21165
21165
21177
21180
21180
21186
21186
21189
21201
21207
21207
21213
21216
21216
21219
21222
21222
21222
21228
21234
21234
21240
21243
21243
21246
21249
21252
21252
21252
21258
21258
21261
21261
21264
21264
21267
21270
21270
21273
21276
21276
21282
21282
21282
21282
21282
21300
21306
21312
21318
21321
21321
21321
21327
21327
21333
21336
21336
21339
21342
21342
21345
21348
21351
21351
21351
21360
21366
21366
21369
21372
21372
21378
21378
21381
21381
21384
21384
21384
21393
21396
21411
21411
21417
21417
21420
21420
21423
21426
21426
21429
21435
21435
21435
21438
21438
21447
21447
21456
21459
21462
21468
21468
21471
21471
21471
21477
21477
21477
21477
21483
21489
21489
21495
21498
21504
21504
21507
21507
21513
21513
21516
21516
21516
21519
21522
21525
21525
21528
21531
21537
21540
21546
21546
21546
21549
21549
21552
21555
21558
21561
21561
21561
21564
21564
21564
21567
21567
21567
21573
21573
21576
21579
21579
21585
21594
21597
21597
21600
21606
21615
21615
21615
21618
21618
21618
21627
21627
21627
21633
21639
21639
21645
21645
21648
21654
21654
21663
21666
21666
21669
21669
21672
21672
21675
21675
21675
21678
21687
21693
21708
21714
21714
21714
21714
21726
21729
21738
21738
21741
21741
21747
21747
21750
21753
21765
21768
21771
21771
21780
21780
21783
21786
21792
21792
21795
21795
21795
21798
21798
21804
21807
21810
21813
21813
21816
21822
21825
21825
21825
21825
21834
21840
21846
21849
21849
21867
21870
21876
21879
21882
21891
21894
21900
21903
21906
21906
21909
21909
21912
21912
21924
21927
21927
21930
21930
21936
21939
21942
21954
21960
21960
21963
21966
21966
21972
21972
21984
21987
21990
21990
21993
21996
21999
22002
22002
22008
22008
22008
22011
22014
22014
22017
22017
22017
22017
22020
22023
22026
22029
22029
22041
22044
22044
22047
22056
22056
22059
22062
22062
22065
22065
22068
22074
22083
22086
22086
22089
22092
22092
22095
22098
22098
22098
22101
22107
22110
22116
22119
22119
22125
22125
22143
22143
22146
22146
22149
22149
22152
22155
22155
22158
22161
22164
22170
22173
22176
22179
22179
22182
22185
22188
22188
22191
22191
22194
22200
22209
22209
22212
22215
22215
22221
22227
22227
22230
22233
22233
22236
22236
22242
22242
22248
22266
22266
22272
22278
22278
22278
22281
22284
22287
22287
22293
22296
22299
22299
22299
22305
22305
22308
22308
22311
22311
22317
22317
22320
22335
22335
22335
22338
22338
22341
22341
22344
22347
22347
22356
22356
22356
22365
22368
22374
22380
22383
22386
22395
22395
22395
22401
22401
22404
22404
22404
22407
22422
22425
22434
22434
22443
22452
22455
22455
22455
22455
22455
22458
22458
22461
22461
22464
22467
22470
22470
22470
22473
22476
22479
22482
22482
22482
22485
22491
22491
22491
22491
22497
22497
22500
22500
22503
22506
22509
22512
22512
22518
22518
22521
22524
22527
22533
22539
22545
22554
22554
22554
22554
22557
22557
22557
22560
22566
22566
22569
22572
22572
22578
22584
22584
22584
22590
22590
22593
22593
22596
22599
22599
22602
22602
22605
22605
22611
22617
22617
22617
22620
22620
22623
22626
22629
22632
22632
22638
22641
22647
22650
22653
22653
22662
22662
22662
22671
22677
22677
22677
22680
22689
22689
22695
22695
22698
22701
22704
22704
22725
22728
22728
22731
22731
22737
22740
22740
22752
22755
22755
22761
22764
22764
22764
22770
22770
22773
22773
22776
22785
22788
22791
22794
22800
22800
22809
22809
22818
22821
22824
22827
22827
22830
22836
22836
22839
22842
22842
22842
22848
22848
22848
22851
22854
22854
22854
22857
22857
22860
22869
22872
22875
22878
22884
22890
22890
22890
22899
22899
22899
22899
22905
22908
22911
22911
22914
22914
22917
22917
22917
22920
22920
22920
22923
22926
22929
22932
22932
22935
22935
22944
22947
22950
22956
22959
22968
22971
22977
22977
22977
22980
22983
22989
22992
23001
23001
23001
23004
23007
23010
23016
23019
23022
23022
23028
23028
23031
23031
23034
23037
23043
23046
23046
23049
23052
23052
23067
23067
23070
23073
23079
23079
23079
23082
23085
23094
23094
23100
23109
23109
23112
23112
23118
23118
23139
23139
23142
23148
23154
23160
23160
23166
23169
23169
23169
23172
23172
23175
23181
23184
23187
23190
23190
23190
23193
23196
23196
23196
23199
23205
23208
23211
23211
23214
23214
23217
23217
23220
23223
23223
23229
23232
23235
23235
23235
23238
23238
23244
23250
23250
23253
23253
23256
23256
23262
23265
23274
23277
23280
23283
23286
23286
23292
23292
23298
23301
23301
23301
23307
23310
23313
23319
23325
23325
23334
23337
23337
23340
23340
23343
23346
23349
23352
23352
23358
23358
23358
23361
23364
23364
23373
23376
23379
23379
23379
23379
23388
23391
23391
23394
23394
23397
23397
23403
23403
23406
23412
23424
23427
23427
23430
23433
23436
23436
23442
23442
23442
23445
23445
23445
23445
23451
23451
23454
23457
23460
23469
23469
23484
23484
23484
23493
23493
23496
23496
23496
23496
23499
23499
23499
23502
23502
23505
23508
23511
23514
23517
23526
23529
23532
23535
23538
23538
23538
23541
23541
23541
23550
23571
23574
23580
23583
23589
23592
23595
23604
23610
23610
23613
23616
23619
23625
23628
23628
23631
23634
23634
23634
23634
23634
23643
23652
23652
23652
23655
23655
23658
23658
23664
23664
23664
23667
23667
23670
23673
23679
23682
23694
23697
23703
23703
23709
23712
23712
23712
23718
23721
23733
23733
23742
23751
23754
23754
23754
23757
23757
23763
23766
23769
23772
23772
23772
23775
23778
23781
23784
23787
23787
23796
23802
23802
23805
23817
23823
23829
23832
23832
23841
23844
23847
23847
23850
23850
23850
23853
23853
23853
23859
23862
23862
23865
23868
23871
23871
23871
23874
23877
23880
23880
23883
23886
23886
23892
23892
23895
23895
23895
23904
23910
23913
23913
23913
23919
23919
23919
23919
23922
23928
23934
23937
23937
23943
23943
23952
23952
23952
23955
23958
23958
23967
23967
23970
23973
23973
23976
23976
23976
23979
23985
23994
23994
23997
24003
24003
24003
24006
24012
24015
24018
24018
24021
24021
24024
24033
24033
24036
24051
24054
24057
24057
24069
24075
24081
24081
24081
24084
24087
24087
24090
24093
24102
24102
24105
24108
24108
24108
24117
24129
24129
24132
24132
24132
24132
24135
24135
24135
24138
24138
24144
24144
24147
24150
24150
24153
24156
24159
24165
24165
24168
24171
24177
24180
24183
24186
24192
24195
24198
24198
24213
24213
24213
24213
24213
24216
24216
24219
24219
24222
24225
24225
24228
24228
24240
24246
24246
24249
24252
24258
24267
24270
24270
24273
24276
24282
24285
24285
24288
24291
24291
24294
24297
24300
24303
24306
24309
24312
24312
24315
24321
24321
24333
24333
24333
24333
24333
24336
24336
24345
24351
24357
24363
24366
24369
24369
24372
24372
24372
24372
24375
24375
24378
24378
24378
24384
24390
24390
24396
24396
24396
24396
24402
24402
24405
24408
24429
24432
24435
24438
24438
24441
24444
24444
24444
24444
24447
24447
24453
24465
24465
24471
24471
24480
24480
24483
24489
24489
24489
24489
24492
24492
24495
24501
24504
24504
24504
24507
24510
24516
24519
24519
24519
24522
24522
24525
24525
24525
24531
24537
24537
24540
24552
24558
24561
24561
24567
24570
24570
24570
24570
24573
24579
24582
24582
24585
24585
24591
24591
24597
24600
24609
24609
24618
24618
24627
24630
24633
24636
24636
24639
24639
24645
24645
24645
24645
24651
24654
24660
24663
24669
24672
24672
24675
24675
24678
24681
24681
24687
24687
24690
24696
24702
24708
24714
24714
24723
24732
24732
24735
24747
24750
24750
24753
24753
24756
24759
24759
24759
24759
24762
24762
24765
24768
24768
24771
24774
24777
24780
24780
24780
24789
24792
24804
24804
24807
24807
24810
24810
24810
24810
24813
24816
24816
24819
24819
24819
24822
24822
24822
24828
24843
24846
24855
24858
24864
24867
24867
24873
24876
24876
24879
24879
24891
24891
24894
24900
24909
24909
24924
24933
24933
24939
24951
24951
24951
24951
24957
24957
24957
24957
24969
24972
24978
24978
24981
24993
24996
24996
24999
24999
24999
25005
25005
25005
25017
25017
25017
25017
25020
25026
25029
25032
25032
25035
25035
25041
25044
25047
25047
25047
25050
25050
25056
25056
25062
25062
25065
25065
25071
25074
25080
25080
25080
25083
25083
25086
25089
25098
25104
25113
25122
25122
25125
25128
25128
25131
25143
25143
25146
25146
25155
25158
25164
25164
25167
25167
25173
25173
25179
25179
25182
25185
25185
25188
25197
25203
25206
25209
25209
25221
25221
25227
25227
25239
25242
25242
25245
25245
25248
25251
25251
25254
25263
25263
25263
25266
25266
25272
25281
25281
25284
25284
25284
25287
25293
25293
25293
25296
25299
25305
25305
25308
25314
25320
25320
25326
25332
25335
25338
25341
25344
25350
25350
25353
25353
25356
25356
25362
25365
25368
25371
25371
25371
25371
25377
25380
25383
25383
25389
25389
25389
25398
25398
25401
25404
25407
25407
25407
25410
25413
25413
25416
25419
25422
25434
25437
25440
25440
25446
25455
25455
25461
25461
25461
25464
25464
25464
25467
25470
25470
25473
25473
25473
25473
25473
25476
25479
25485
25485
25488
25497
25500
25503
25506
25509
25512
25518
25521
25521
25524
25524
25524
25527
25527
25533
25536
25539
25545
25551
25560
25560
25566
25566
25572
25572
25578
25590
25593
25596
25596
25599
25602
25605
25605
25608
25611
25614
25614
25614
25614
25614
25614
25617
25623
25623
25629
25632
25638
25644
25644
25647
25647
25653
25656
25656
25659
25665
25668
25668
25671
25671
25671
25674
25674
25677
25680
25689
25692
25698
25698
25707
25707
25707
25707
25707
25713
25719
25719
25722
25722
25728
25728
25743
25746
25752
25755
25755
25755
25761
25761
25764
25782
25791
25794
25800
25803
25806
25809
25809
25812
25812
25812
25812
25815
25818
25818
25818
25821
25821
25833
25842
25845
25848
25848
25851
25860
25863
25866
25866
25869
25881
25884
25890
25893
25893
25893
25896
25902
25902
25905
25908
25908
25908
25908
25917
25917
25917
25923
25923
25926
25929
25932
25932
25935
25938
25938
25941
25941
25944
25947
25947
25947
25947
25950
25953
25956
25962
25974
25974
25974
25980
25983
25992
25995
26004
26004
26007
26013
26013
26016
26016
26019
26022
26025
26028
26037
26043
26043
26043
26046
26052
26058
26058
26061
26067
26070
26073
26073
26073
26076
26079
26085
26085
26088
26091
26091
26094
26097
26100
26100
26103
26106
26109
26112
26112
26115
26118
26124
26124
26127
26130
26133
26139
26139
26142
26142
26148
26151
26160
26166
26172
26172
26175
26181
26196
26196
26202
26205
26205
26205
26208
26211
26211
26217
26229
26232
26235
26238
26238
26238
26238
26241
26241
26241
26244
26259
26262
26265
26265
26265
26271
26274
26277
26277
26277
26280
26286
26286
26289
26292
26295
26298
26298
26301
26304
26304
26304
26307
26316
26319
26319
26322
26322
26325
26328
26331
26340
26340
26340
26340
26343
26343
26346
26349
26352
26367
26370
26373
26373
26373
26379
26379
26382
26391
26391
26397
26403
26403
26403
26406
26409
26412
26412
26415
26415
26430
26433
26436
26436
26436
26439
26442
26442
26448
26451
26451
26457
26457
26460
26463
26463
26466
26478
26481
26481
26484
26490
26493
26493
26493
26499
26499
26502
26502
26508
26511
26514
26514
26517
26520
26523
26523
26529
26529
26538
26541
26541
26550
26559
26562
26565
26571
26571
26580
26580
26583
26583
26583
26589
26589
26595
26595
26595
26604
26616
26619
26622
26628
26628
26628
26631
26634
26634
26637
26640
26643
26646
26655
26658
26661
26664
26667
26682
26685
26688
26691
26691
26691
26691
26694
26703
26703
26706
26706
26706
26709
26712
26712
26712
26715
26715
26715
26724
26724
26730
26730
26730
26733
26736
26736
26739
26742
26742
26748
26748
26754
26757
26760
26769
26769
26769
26772
26781
26781
26790
26793
26793
26808
26808
26811
26817
26826
26829
26832
26835
26838
26841
26841
26847
26847
26847
26847
26853
26856
26859
26862
26865
26868
26868
26868
26868
26871
26874
26880
26883
26889
26895
26898
26898
26901
26904
26907
26913
26913
26913
26916
26922
26922
26925
26925
26928
26931
26931
26931
26934
26934
26937
26940
26946
26949
26952
26952
26961
26961
26970
26973
26976
26976
26982
26985
26988
26988
26997
27000
27000
27006
27006
27006
27006
27012
27015
27021
27027
27030
27033
27033
27036
27039
27045
27048
27048
27051
27051
27057
27057
27060
27060
27063
27063
27066
27066
27069
27081
27081
27087
27090
27090
27096
27099
27102
27108
27114
27117
27120
27126
27129
27132
27138
27138
27138
27138
27138
27138
27150
27153
27153
27156
27159
27159
27159
27168
27171
27171
27177
27180
27186
27189
27189
27189
27201
27201
27201
27207
27207
27210
27210
27210
27216
27219
27228
27231
27234
27237
27237
27240
27243
27243
27243
27246
27246
27252
27252
27267
27270
27273
27276
27282
27282
27282
27285
27288
27288
27291
27291
27294
27294
27297
27300
27303
27303
27312
27312
27318
27318
27324
27324
27327
27330
27339
27345
27354
27357
27360
27360
27366
27366
27375
27375
27375
27378
27384
27384
27384
27390
27390
27399
27399
27402
27402
27405
27405
27408
27408
27411
27414
27414
27423
27426
27429
27432
27432
27438
27441
27441
27441
27444
27447
27453
27456
27462
27465
27465
27468
27468
27471
27480
27480
27480
27495
27498
27501
27501
27510
27513
27513
27516
27516
27519
27522
27531
27531
27534
27534
27534
27537
27537
27549
27549
27555
27555
27561
27576
27576
27579
27585
27585
27585
27588
27588
27600
27606
27606
27606
27612
27612
27615
27615
27618
27621
27630
27630
27630
27633
27636
27645
27645
27645
27648
27648
27654
27660
27660
27660
27666
27672
27672
27672
27675
27678
27678
27687
27687
27690
27696
27699
27699
27702
27702
27705
27705
27705
27708
27711
27714
27714
27714
27714
27720
27720
27723
27726
27726
27732
27732
27735
27738
27750
27756
27759
27759
27765
27771
27774
27777
27777
27780
27780
27780
27795
27798
27798
27807
27807
27807
27810
27813
27816
27819
27822
27831
27831
27837
27843
27843
27852
27852
27855
27855
27858
27864
27864
27870
27885
27885
27885
27885
27891
27891
27891
27897
27897
27900
27903
27903
27906
27906
27906
27909
27912
27915
27915
27918
27918
27921
27927
27933
27933
27933
27936
27936
27939
27939
27942
27945
27948
27954
27957
27960
27960
27963
27963
27966
27972
27972
27972
27975
27975
27975
27975
27978
27978
27984
27987
27993
27996
27996
27996
27999
27999
28002
28005
28005
28014
28014
28014
28017
28017
28023
28026
28029
28029
28029
28029
28047
28056
28059
28062
28065
28071
28071
28074
28074
28083
28083
28089
28089
28092
28098
28104
28107
28107
28110
28110
28113
28116
28119
28125
28125
28125
28125
28128
28128
28128
28131
28131
28134
28140
28140
28143
28146
28146
28155
28158
28161
28161
28164
28170
28173
28176
28176
28182
28182
28182
28182
28185
28188
28194
28194
28194
28197
28200
28209
28212
28224
28224
28227
28227
28227
28233
28236
28236
28236
28239
28239
28239
28245
28248
28251
28251
28257
28272
28278
28284
28284
28287
28293
28296
28299
28302
28302
28302
28305
28311
28314
28323
28323
28329
28335
28335
28338
28341
28341
28344
28356
28365
28365
28365
28383
28386
28386
28386
28389
28392
28392
28392
28395
28401
28401
28407
28407
28410
28416
28416
28416
28422
28428
28434
28440
28446
28449
28449
28452
28458
28458
28461
28461
28467
28473
28476
28482
28485
28488
28488
28491
28503
28506
28506
28509
28509
28509
28509
28515
28515
28521
28524
28527
28527
28527
28536
28539
28545
28548
28557
28566
28572
28572
28578
28584
28587
28587
28590
28590
28596
28599
28602
28602
28605
28611
28611
28614
28614
28614
28620
28626
28626
28629
28635
28641
28644
28644
28656
28665
28665
28665
28671
28674
28677
28686
28686
28698
28701
28701
28701
28704
28707
28707
28710
28716
28716
28728
28731
28731
28734
28743
28749
28752
28758
28767
28767
28770
28773
28773
28773
28779
28785
28794
28806
28809
28809
28809
28809
28812
28818
28818
28821
28821
28824
28827
28830
28833
28836
28839
28839
28842
28842
28845
28848
28848
28854
28857
28863
28866
28866
28866
28887
28893
28893
28893
28902
28905
28905
28911
28911
28917
28920
28926
28929
28938
28944
28953
28956
28956
28959
28959
28962
28962
28968
28968
28971
28980
28983
28983
28983
28983
28992
28995
28995
28998
28998
29001
29001
29007
29007
29007
29010
29016
29016
29016
29016
29019
29025
29031
29037
29040
29043
29046
29046
29049
29049
29049
29058
29064
29070
29070
29070
29070
29070
29073
29076
29076
29079
29082
29097
29097
29097
29100
29103
29103
29103
29106
29106
29109
29115
29115
29115
29115
29115
29130
29130
29130
29136
29139
29142
29148
29148
29148
29154
29154
29160
29163
29169
29169
29178
29181
29190
29199
29199
29202
29214
29220
29223
29226
29238
29244
29244
29247
29250
29250
29253
29253
29262
29265
29265
29268
29268
29271
29277
29280
29280
29283
29289
29289
29292
29295
29298
29304
29310
29310
29310
29319
29325
29328
29328
29328
29340
29346
29352
29355
29358
29358
29358
29361
29370
29370
29370
29370
29370
29373
29376
29388
29391
29391
29391
29397
29400
29400
29403
29412
29418
29424
29427
29436
29436
29439
29442
29442
29451
29457
29457
29460
29460
29460
29466
29472
29475
29481
29481
29490
29490
29490
29493
29496
29496
29514
29517
29520
29520
29523
29523
29526
29529
29529
29532
29535
29535
29538
29541
29550
29553
29553
29562
29571
29571
29571
29574
29577
29577
29580
29583
29583
29586
29586
29595
29601
29601
29607
29610
29613
29616
29619
29622
29628
29631
29631
29637
29637
29646
29652
29655
29655
29658
29661
29664
29664
29664
29670
29673
29673
29682
29691
29694
29697
29697
29703
29706
29721
29724
29724
29730
29736
29739
29742
29745
29745
29748
29751
29751
29751
29751
29754
29754
29754
29760
29763
29766
29766
29769
29769
29772
29772
29775
29778
29781
29784
29793
29799
29814
29814
29817
29820
29823
29823
29823
29826
29835
29835
29835
29841
29844
29847
29856
29868
29868
29871
29874
29874
29874
29877
29880
29892
29892
29892
29895
29901
29904
29904
29907
29907
29910
29910
29916
29916
29916
29916
29922
29925
29925
29925
29931
29934
29937
29937
29937
29940
29946
29949
29949
29952
29952
29955
29961
29964
29967
29967
29970
29970
29973
29973
29982
29982
29982
29985
29991
29991
29991
29997
30003
30009
30012
30015
30015
30015
30018
30024
30027
30027
30030
30033
30039
30039
30042
30042
30048
30060
30060
30063
30069
30069
30072
30081
30084
30090
30090
30090
30096
30096
30099
30099
30102
30105
30108
30111
30111
30114
30114
30117
30117
30117
30120
30120
30126
30138
30144
30144
30147
30150
30150
30153
30153
30162
30165
30171
30171
30171
30174
30180
30183
30189
30198
30201
30201
30201
30207
30207
30210
30213
30213
30216
30219
30219
30219
30225
30228
30231
30234
30234
30243
30243
30243
30249
30255
30255
30264
30264
30273
30273
30282
30285
30291
30294
30297
30300
30303
30309
30309
30309
30312
30312
30315
30321
30321
30321
30321
30321
30321
30321
30327
30330
30330
30333
30342
30342
30345
30348
30348
30348
30354
30354
30357
30357
30357
30357
30360
30366
30366
30372
30372
30372
30372
30384
30390
30390
30390
30390
30393
30393
30396
30402
30411
30420
30420
30423
30423
30423
30426
30429
30429
30432
30438
30447
30453
30459
30462
30465
30465
30468
30474
30474
30474
30477
30477
30483
30489
30492
30504
30504
30507
30513
30513
30516
30516
30516
30519
30522
30525
30525
30528
30531
30531
30534
30534
30537
30540
30543
30543
30546
30546
30552
30558
30558
30567
30567
30570
30570
30576
30582
30582
30585
30585
30588
30591
30591
30591
30591
30600
30600
30618
30621
30627
30630
30639
30639
30645
30645
30648
30651
30651
30654
30663
30666
30666
30669
30672
30672
30675
30678
30684
30684
30684
30687
30690
30690
30690
30693
30693
30696
30699
30705
30714
30714
30714
30714
30717
30720
30726
30726
30726
30726
30729
30741
30747
30750
30750
30756
30762
30765
30765
30765
30765
30768
30768
30768
30771
30774
30774
30777
30780
30780
30786
30789
30792
30792
30798
30798
30798
30807
30813
30813
30819
30822
30828
30834
30837
30849
30858
30864
30867
30867
30867
30867
30867
30870
30870
30870
30876
30876
30882
30885
30885
30885
30885
30885
30894
30897
30906
30909
30912
30912
30921
30924
30924
30924
30930
30930
30939
30942
30942
30948
30948
30951
30960
30966
30969
30975
30978
30981
30984
30984
30987
30987
30990
30990
30993
31002
31002
31005
31005
31008
31011
31014
31014
31014
31017
31020
31023
31023
31035
31038
31038
31041
31041
31047
31047
31047
31047
31050
31053
31056
31059
31059
31062
31065
31068
31071
31074
31083
31086
31086
31089
31089
31092
31092
31095
31095
31098
31110
31116
31128
31131
31131
31137
31137
31137
31140
31149
31152
31152
31152
31155
31155
31158
31164
31167
31170
31173
31176
31176
31179
31188
31191
31194
31194
31197
31200
31206
31212
31212
31215
31218
31221
31230
31233
31242
31248
31248
31251
31254
31257
31260
31260
31263
31269
31272
31275
31275
31275
31281
31284
31284
31287
31287
31293
31293
31302
31305
31305
31311
31314
31317
31320
31320
31326
31332
31338
31341
31344
31344
31347
31356
31359
31359
31368
31368
31380
31380
31380
31380
31386
31386
31392
31398
31398
31401
31401
31404
31410
31413
31416
31416
31416
31419
31419
31428
31431
31434
31443
31446
31449
31449
31455
31455
31455
31458
31458
31470
31473
31476
31485
31485
31494
31494
31494
31497
31497
31500
31500
31500
31503
31503
31503
31506
31506
31509
31509
31509
31512
31515
31518
31524
31524
31524
31527
31530
31530
31533
31536
31536
31539
31539
31542
31542
31548
31551
31554
31554
31560
31560
31563
31566
31566
31569
31572
31572
31572
31575
31578
31584
31584
31590
31590
31593
31599
31608
31611
31614
31614
31617
31617
31620
31620
31623
31632
31635
31644
31644
31644
31650
31653
31656
31659
31665
31668
31671
31680
31683
31683
31686
31689
31689
31692
31698
31698
31698
31701
31701
31701
31704
31704
31710
31713
31713
31716
31722
31722
31722
31725
31728
31728
31731
31737
31737
31737
31740
31740
31743
31743
31743
31746
31752
31752
31755
31755
31758
31758
31758
31758
31758
31761
31767
31767
31767
31767
31767
31767
31779
31779
31782
31782
31782
31782
31782
31785
31788
31791
31800
31800
31803
31812
31812
31812
31815
31815
31821
31821
31821
31827
31830
31836
31836
31836
31836
31839
31839
31842
31845
31848
31854
31857
31857
31866
31869
31872
31872
31872
31878
31878
31878
31881
31884
31887
31890
31890
31893
31896
31896
31899
31899
31899
31905
31908
31914
31917
31923
31926
31926
31932
31935
31938
31938
31947
31950
31950
31953
31953
31965
31968
31971
31974
31980
31980
31986
31992
31992
32019
32028
32028
32031
32031
32031
32034
32034
32040
32043
32046
32049
32052
32055
32079
32079
32091
32091
32091
32094
32094
32100
32106
32109
32112
32112
32112
32112
32112
32118
32121
32121
32124
32127
32136
32139
32139
32142
32145
32145
32154
32157
32160
32163
32169
32175
32175
32175
32178
32178
32184
32193
32193
32196
32196
32196
32202
32205
32208
32211
32217
32223
32226
32238
32241
32250
32250
32253
32256
32259
32259
32262
32271
32274
32280
32280
32283
32286
32286
32286
32289
32289
32289
32295
32295
32298
32298
32304
32304
32304
32313
32316
32319
32322
32322
32325
32331
32331
32331
32337
32337
32337
32340
32340
32340
32343
32349
32349
32352
32352
32352
32355
32358
32364
32364
32364
32364
32367
32367
32367
32370
32370
32370
32373
32376
32376
32382
32382
32388
32391
32391
32391
32394
32400
32403
32412
32415
32421
32424
32433
32436
32436
32439
32442
32445
32445
32445
32448
32448
32448
32448
32454
32454
32457
32457
32457
32457
32460
32460
32463
32463
32469
32469
32472
32472
32475
32475
32475
32481
32484
32484
32487
32487
32487
32493
32496
32499
32505
32505
32511
32526
32526
32529
32541
32541
32544
32547
32547
32550
32553
32562
32565
32568
32568
32571
32571
32574
32580
32586
32589
32592
32595
32595
32595
32595
32598
32601
32607
32610
32610
32613
32616
32616
32619
32619
32625
32625
32628
32628
32631
32631
32631
32634
32634
32634
32637
32637
32649
32652
32652
32655
32655
32658
32661
32661
32661
32664
32667
32667
32670
32673
32676
32679
32679
32679
32688
32688
32688
32694
32694
32709
32712
32718
32724
32724
32727
32730
32733
32733
32739
32748
32754
32754
32757
32763
32766
32766
32766
32778
32787
32799
32805
32814
32817
32817
32820
32823
32823
32826
32829
32832
32832
32838
32838
32841
32841
32841
32841
32847
32847
32850
32853
32862
32868
32868
32868
32871
32871
32874
32877
32877
32877
32877
32883
32892
32892
32895
32904
32907
32916
32925
32928
32931
32931
32934
32937
32940
32943
32946
32952
32955
32970
32979
32982
32982
32985
32985
32985
32988
32988
32991
32991
32994
32994
32997
33009
33012
33015
33021
33021
33021
33024
33024
33024
33030
33036
33036
33036
33036
33039
33039
33039
33039
33039
33042
33042
33048
33051
33051
33051
33054
33057
33063
33063
33066
33066
33066
33066
33066
33066
33069
33069
33069
33069
33081
33087
33090
33099
33102
33108
33114
33117
33120
33132
33141
33147
33159
33159
33162
33165
33168
33171
33174
33174
33177
33180
33186
33189
33189
33189
33201
33210
33213
33228
33237
33246
33246
33252
33255
33255
33258
33258
33261
33264
33264
33270
33270
33270
33276
33276
33279
33279
33285
33288
33288
33300
33300
33303
33306
33306
33309
33309
33312
33312
33321
33336
33339
33342
33351
33354
33354
33357
33360
33360
33363
33366
33366
33369
33375
33375
33375
33381
33384
33384
33387
33390
33390
33393
33393
33399
33405
33405
33408
33414
33414
33420
33420
33423
33423
33426
33447
33450
33456
33459
33459
33465
33465
33465
33471
33477
33477
33480
33483
33483
33483
33486
33489
33492
33495
33501
33504
33507
33516
33516
33516
33519
33522
33528
33531
33531
33531
33531
33537
33537
33540
33540
33543
33543
33546
33555
33558
33558
33564
33564
33567
33570
33570
33573
33573
33579
33579
33585
33585
33585
33585
33588
33588
33594
33594
33594
33597
33600
33603
33606
33609
33609
33615
33615
33621
33630
33636
33639
33648
33654
33654
33657
33657
33660
33660
33660
33672
33675
33678
33681
33687
33690
33690
33696
33699
33702
33708
33711
33711
33720
33720
33723
33723
33732
33735
33738
33738
33738
33738
33738
33741
33741
33741
33747
33747
33762
33771
33774
33774
33774
33777
33777
33777
33780
33786
33792
33795
33801
33807
33813
33813
33813
33813
33819
33819
33822
33828
33834
33837
33843
33846
33852
33861
33861
33861
33861
33864
33867
33870
33873
33873
33873
33879
33879
33882
33888
33891
33891
33894
33900
33909
33912
33915
33918
33918
33921
33921
33924
33924
33927
33927
33936
33936
33939
33942
33948
33960
33960
33963
33966
33969
33969
33975
33975
33978
33978
33981
33981
33984
33987
33987
33987
33993
33993
33996
34017
34017
34020
34023
34038
34038
34041
34044
34053
34056
34056
34059
34062
34074
34080
34083
34083
34083
34086
34095
34098
34101
34101
34104
34104
34107
34110
34110
34116
34116
34116
34119
34119
34131
34131
34134
34134
34137
34140
34143
34146
34146
34149
34152
34152
34164
34167
34167
34170
34170
34173
34176
34182
34185
34188
34188
34188
34194
34197
34200
34203
34206
34206
34209
34209
34218
34218
34227
34227
34230
34230
34233
34239
34239
34242
34242
34242
34245
34248
34254
34257
34263
34263
34266
34266
34269
34269
34281
34281
34284
34284
34287
34287
34290
34290
34293
34299
34302
34305
34305
34308
34311
34311
34314
34317
34317
34317
34320
34323
34326
34326
34329
34335
34353
34359
34362
34365
34368
34371
34374
34377
34386
34386
34392
34395
34398
34401
34404
34410
34416
34416
34416
34419
34419
34425
34425
34428
34434
34437
34440
34440
34440
34443
34449
34449
34449
34452
34455
34461
34464
34464
34467
34470
34473
34473
34473
34473
34482
34485
34488
34488
34491
34491
34491
34494
34497
34500
34500
34500
34500
34503
34503
34506
34515
34521
34521
34524
34530
34530
34533
34533
34536
34542
34542
34545
34554
34554
34557
34557
34563
34566
34569
34572
34572
34572
34584
34587
34587
34590
34599
34599
34602
34605
34611
34611
34614
34617
34620
34623
34623
34623
34626
34629
34632
34635
34635
34644
34644
34653
34653
34653
34662
34662
34665
34668
34668
34674
34674
34680
34683
34683
34686
34689
34689
34692
34692
34695
34701
34707
34707
34713
34713
34719
34725
34734
34740
34749
34758
34761
34761
34767
34767
34767
34773
34773
34773
34779
34785
34788
34788
34797
34806
34812
34812
34815
34815
34818
34824
34824
34824
34827
34827
34830
34830
34836
34842
34845
34845
34854
34863
34869
34869
34875
34881
34887
34887
34890
34890
34890
34890
34893
34902
34908
34911
34914
34914
34917
34923
34929
34938
34944
34944
34950
34953
34956
34956
34959
34962
34962
34962
34965
34965
34971
34977
34980
34983
34983
34986
34986
34989
34992
34995
34998
34998
35001
35004
35007
35016
35019
35025
35025
35025
35031
35037
35037
35037
35037
35064
35067
35067
35070
35070
35070
35094
35097
35100
35103
35103
35106
35109
35109
35112
35115
35115
35118
35121
35121
35124
35127
35130
35130
35145
35148
35151
35154
35154
35157
35157
35160
35160
35163
35163
35166
35166
35172
35172
35175
35181
35181
35181
35184
35184
35184
35187
35187
35187
35187
35187
35190
35193
35193
35193
35196
35199
35205
35205
35211
35214
35214
35217
35217
35217
35223
35223
35232
35235
35238
35238
35238
35238
35247
35247
35247
35250
35253
35259
35262
35265
35271
35271
35274
35274
35274
35277
35277
35277
35277
35283
35283
35286
35289
35289
35292
35295
35298
35304
35304
35304
35307
35310
35310
35313
35313
35316
35316
35319
35319
35319
35319
35322
35328
35328
35340
35346
35349
35349
35355
35358
35358
35367
35370
35370
35370
35385
35385
35391
35391
35400
35406
35406
35412
35415
35415
35418
35418
35421
35421
35421
35424
35424
35427
35427
35427
35427
35433
35439
35445
35445
35445
35460
35463
35466
35475
35478
35481
35481
35481
35481
35484
35484
35484
35487
35496
35496
35499
35502
35508
35511
35514
35517
35520
35520
35520
35520
35523
35526
35526
35529
35529
35529
35538
35541
35544
35547
35547
35553
35556
35556
35556
35556
35565
35568
35574
35577
35577
35580
35580
35583
35583
35586
35589
35595
35595
35601
35601
35604
35604
35607
35610
35613
35613
35616
35625
35628
35631
35634
35640
35643
35643
35646
35649
35649
35649
35655
35661
35661
35664
35664
35667
35670
35673
35679
35685
35688
35703
35706
35706
35706
35706
35709
35712
35715
35715
35727
35727
35736
35748
35748
35751
35751
35754
35757
35760
35763
35769
35772
35781
35781
35781
35784
35784
35787
35790
35799
35802
35802
35802
35802
35805
35808
35808
35811
35814
35817
35817
35817
35820
35823
35823
35826
35826
35829
35832
35832
35838
35838
35838
35841
35844
35850
35853
35856
35859
35859
35862
35862
35871
35874
35874
35874
35898
35901
35904
35913
35916
35919
35925
35928
35931
35937
35937
35943
35946
35952
35955
35958
35958
35958
35961
35967
35970
35970
35973
35976
35979
35979
35982
35982
35982
35985
35988
35988
35991
35991
35991
35994
36000
36003
36003
36006
36012
36012
36012
36018
36018
36021
36030
36036
36048
36048
36054
36054
36063
36063
36066
36069
36069
36084
36084
36087
36093
36096
36096
36096
36099
36102
36102
36108
36108
36108
36108
36111
36111
36111
36114
36117
36120
36120
36123
36126
36126
36126
36126
36126
36126
36129
36132
36135
36138
36141
36147
36147
36150
36156
36156
36159
36159
36159
36171
36174
36180
36183
36183
36186
36186
36192
36192
36195
36198
36198
36204
36204
36207
36207
36207
36210
36210
36213
36213
36216
36216
36219
36219
36222
36222
36222
36225
36225
36240
36246
36255
36258
36258
36261
36261
36264
36264
36270
36270
36276
36279
36282
36294
36294
36297
36303
36303
36303
36309
36321
36321
36327
36330
36330
36333
36336
36345
36345
36348
36348
36348
36348
36351
36354
36357
36360
36363
36366
36375
36381
36387
36387
36387
36393
36399
36402
36408
36408
36411
36411
36411
36414
36417
36420
36429
36435
36441
36441
36447
36447
36450
36459
36462
36465
36465
36465
36468
36471
36474
36477
36480
36480
36483
36492
36492
36495
36501
36507
36510
36516
36525
36528
36528
36534
36537
36537
36537
36540
36543
36543
36546
36546
36549
36549
36552
36555
36555
36555
36558
36561
36573
36582
36588
36591
36594
36600
36615
36618
36618
36624
36624
36627
36630
36630
36633
36636
36636
36642
36642
36645
36648
36648
36654
36657
36663
36666
36672
36678
36678
36678
36681
36684
36684
36702
36702
36705
36705
36705
36708
36708
36711
36714
36720
36729
36729
36735
36738
36747
36750
36750
36753
36753
36759
36762
36762
36762
36765
36765
36768
36780
36780
36783
36786
36789
36792
36807
36807
36810
36810
36813
36816
36819
36822
36822
36825
36831
36837
36837
36840
36840
36849
36852
36855
36855
36858
36861
36864
36867
36867
36870
36870
36873
36876
36879
36879
36879
36882
36882
36882
36885
36888
36891
36894
36894
36894
36897
36900
36903
36903
36906
36906
36906
36909
36921
36930
36936
36936
36939
36945
36945
36945
36948
36951
36957
36957
36957
36957
36960
36966
36969
36969
36972
36972
36975
36981
36984
36993
37005
37005
37005
37011
37014
37020
37020
37026
37026
37029
37035
37035
37038
37041
37041
37044
37047
37047
37047
37053
37056
37059
37059
37059
37062
37062
37080
37083
37086
37092
37092
37092
37092
37095
37101
37110
37110
37110
37110
37110
37110
37113
37113
37119
37122
37125
37140
37140
37140
37146
37158
37158
37161
37161
37167
37170
37176
37182
37185
37185
37188
37188
37194
37197
37200
37200
37200
37209
37209
37212
37215
37218
37221
37221
37221
37221
37230
37230
37233
37236
37242
37245
37251
37251
37251
37254
37263
37272
37275
37275
37278
37278
37281
37284
37284
37284
37284
37287
37290
37296
37299
37299
37299
37308
37308
37311
37314
37317
37320
37320
37329
37329
37332
37332
37335
37335
37335
37338
37341
37341
37365
37374
37377
37377
37380
37380
37386
37389
37392
37395
37395
37395
37398
37401
37404
37413
37413
37416
37416
37419
37419
37422
37422
37425
37425
37428
37434
37434
37449
37452
37458
37461
37464
37464
37464
37467
37473
37473
37476
37479
37482
37488
37497
37500
37506
37509
37509
37509
37518
37518
37518
37518
37524
37527
37536
37536
37536
37539
37548
37560
37566
37569
37569
37572
37578
37578
37581
37581
37581
37584
37584
37584
37587
37587
37590
37596
37599
37602
37608
37614
37617
37617
37620
37620
37626
37629
37629
37629
37629
37635
37638
37638
37641
37641
37644
37644
37650
37656
37656
37662
37665
37668
37680
37686
37689
37695
37701
37707
37707
37719
37722
37728
37740
37743
37746
37752
37755
37758
37761
37761
37761
37764
37767
37770
37770
37770
37773
37776
37776
37782
37788
37788
37797
37797
37806
37812
37812
37818
37818
37818
37827
37830
37833
37836
37839
37839
37839
37842
37845
37845
37848
37851
37851
37851
37854
37854
37857
37860
37863
37869
37869
37872
37872
37875
37875
37878
37878
37878
37881
37881
37884
37884
37890
37893
37893
37893
37896
37905
37908
37908
37911
37914
37917
37920
37923
37926
37935
37944
37950
37950
37953
37953
37956
37959
37962
37971
37971
37974
37977
37977
37989
37992
37992
37995
37998
38001
38001
38004
38007
38013
38016
38019
38019
38022
38022
38025
38031
38031
38034
38034
38037
38037
38049
38049
38052
38055
38055
38055
38055
38058
38064
38064
38064
38070
38070
38076
38079
38088
38097
38097
38097
38100
38103
38106
38106
38106
38115
38118
38127
38127
38127
38133
38133
38133
38133
38136
38139
38139
38142
38145
38145
38145
38154
38154
38157
38157
38157
38157
38160
38163
38169
38169
38169
38172
38178
38178
38178
38181
38181
38187
38193
38193
38199
38199
38202
38205
38205
38205
38208
38211
38220
38220
38223
38226
38244
38247
38250
38253
38256
38265
38274
38277
38283
38286
38286
38289
38292
38292
38295
38298
38310
38310
38313
38313
38316
38322
38325
38328
38328
38331
38331
38331
38331
38334
38337
38337
38340
38340
38343
38346
38346
38346
38349
38352
38364
38364
38364
38367
38370
38370
38376
38382
38382
38385
38388
38391
38394
38394
38397
38400
38400
38400
38400
38403
38403
38418
38421
38427
38427
38430
38433
38436
38439
38448
38448
38457
38463
38469
38472
38484
38484
38484
38487
38490
38493
38493
38499
38505
38505
38505
38505
38508
38514
38517
38520
38529
38535
38535
38535
38541
38541
38544
38544
38550
38550
38550
38553
38553
38556
38559
38559
38562
38562
38568
38571
38571
38574
38574
38577
38580
38580
38583
38583
38586
38586
38589
38592
38595
38595
38604
38604
38604
38607
38610
38613
38616
38616
38616
38619
38625
38625
38625
38628
38628
38634
38637
38640
38643
38646
38646
38658
38661
38664
38670
38670
38682
38682
38688
38691
38691
38691
38694
38694
38694
38697
38700
38703
38706
38706
38706
38712
38715
38718
38724
38727
38727
38727
38730
38733
38736
38742
38742
38742
38745
38748
38754
38754
38754
38757
38760
38766
38769
38778
38778
38778
38781
38781
38781
38787
38787
38790
38793
38793
38799
38802
38802
38802
38805
38805
38808
38814
38820
38823
38826
38838
38841
38841
38850
38850
38853
38853
38856
38862
38862
38862
38862
38862
38868
38877
38883
38883
38889
38892
38895
38901
38910
38910
38913
38916
38919
38919
38922
38925
38925
38925
38934
38934
38940
38940
38943
38946
38946
38946
38949
38952
38955
38958
38964
38967
38967
38967
38970
38970
38973
38973
38973
38976
38979
38982
38982
38982
38985
38988
38991
38991
39000
39000
39009
39012
39015
39018
39018
39018
39021
39024
39027
39027
39027
39030
39030
39033
39039
39042
39042
39054
39060
39063
39063
39069
39069
39075
39078
39081
39090
39093
39096
39099
39105
39108
39108
39123
39129
39138
39138
39144
39150
39153
39156
39156
39159
39159
39159
39162
39162
39165
39165
39165
39168
39171
39177
39183
39186
39189
39210
39210
39213
39213
39216
39216
39219
39222
39225
39228
39231
39237
39237
39237
39240
39246
39249
39255
39258
39258
39261
39264
39264
39264
39267
39267
39273
39276
39279
39288
39294
39294
39297
39297
39297
39300
39300
39303
39309
39315
39315
39324
39327
39327
39327
39333
39339
39342
39351
39351
39357
39360
39369
39369
39372
39375
39378
39384
39384
39384
39384
39384
39384
39390
39393
39405
39408
39411
39414
39414
39414
39417
39420
39420
39426
39429
39432
39432
39432
39435
39435
39438
39438
39441
39447
39447
39450
39450
39450
39459
39462
39462
39465
39465
39468
39471
39474
39474
39474
39477
39477
39480
39483
39483
39483
39486
39486
39489
39492
39498
39504
39513
39513
39513
39519
39528
39540
39540
39540
39543
39546
39552
39552
39555
39555
39561
39570
39570
39570
39576
39576
39585
39585
39591
39591
39594
39594
39594
39597
39603
39606
39606
39609
39609
39609
39612
39615
39615
39615
39621
39621
39627
39627
39633
39639
39639
39645
39651
39657
39660
39660
39660
39660
39663
39663
39666
39666
39669
39672
39675
39678
39681
39687
39687
39690
39693
39696
39699
39708
39720
39720
39720
39723
39723
39741
39747
39747
39747
39750
39753
39753
39756
39759
39759
39765
39768
39780
39780
39792
39795
39795
39795
39801
39807
39819
39822
39825
39831
39837
39843
39846
39852
39858
39861
39861
39861
39861
39870
39870
39876
39876
39876
39879
39882
39882
39882
39882
39888
39897
39897
39900
39909
39909
39912
39912
39912
39912
39912
39915
39915
39915
39918
39918
39924
39927
39930
39939
39948
39951
39954
39960
39960
39960
39963
39966
39969
39969
39972
39975
39975
39975
39978
39978
39981
39981
39981
39981
39987
39993
39999
39999
40002
40005
40005
40008
40008
40017
40020
40020
40026
40029
40029
40032
40032
40035
40035
40038
40038
40041
40044
40053
40056
40059
40062
40062
40071
40074
40080
40080
40080
40083
40086
40095
40095
40098
40107
40113
40116
40125
40128
40134
40137
40137
40155
40158
40161
40167
40167
40170
40173
40176
40179
40179
40185
40185
40185
40188
40191
40191
40194
40197
40200
40200
40206
40206
40209
40221
40221
40224
40224
40227
40230
40230
40233
40242
40245
40251
40251
40254
40260
40260
40260
40272
40275
40278
40278
40278
40278
40281
40284
40284
40287
40293
40296
40299
40299
40299
40305
40308
40317
40320
40323
40323
40323
40323
40329
40335
40335
40338
40338
40338
40341
40341
40344
40347
40347
40350
40350
40356
40359
40362
40365
40368
40371
40371
40374
40380
40380
40383
40383
40386
40386
40389
40389
40395
40395
40398
40398
40401
40407
40413
40416
40416
40419
40419
40425
40431
40434
40434
40437
40440
40440
40443
40443
40446
40452
40452
40452
40458
40458
40461
40467
40467
40470
40473
40476
40476
40479
40482
40485
40491
40494
40494
40500
40500
40503
40506
40506
40509
40509
40512
40512
40512
40518
40518
40521
40521
40524
40524
40524
40527
40530
40533
40536
40539
40539
40542
40545
40554
40554
40557
40557
40563
40566
40566
40566
40569
40569
40572
40575
40575
40578
40581
40581
40581
40587
40587
40590
40593
40593
40599
40602
40608
40608
40608
40611
40614
40617
40617
40620
40626
40629
40632
40638
40647
40653
40653
40653
40653
40656
40662
40662
40665
40668
40668
40671
40674
40680
40680
40683
40686
40689
40695
40698
40701
40704
40707
40716
40719
40722
40728
40728
40728
40728
40734
40734
40746
40746
40746
40749
40752
40752
40755
40755
40761
40764
40764
40767
40770
40770
40770
40773
40779
40779
40779
40782
40785
40791
40791
40794
40800
40803
40809
40812
40815
40824
40827
40827
40830
40833
40836
40839
40839
40842
40851
40860
40860
40863
40863
40872
40875
40878
40878
40878
40890
40890
40899
40908
40914
40914
40917
40920
40920
40920
40923
40923
40926
40929
40929
40935
40941
40953
40953
40956
40956
40959
40965
40965
40965
40968
40968
40980
40980
40983
40992
40992
40992
40998
40998
40998
41001
41001
41007
41007
41016
41019
41025
41025
41028
41028
41028
41028
41031
41040
41040
41040
41043
41046
41046
41052
41055
41055
41055
41058
41058
41058
41064
41064
41067
41076
41079
41079
41082
41082
41100
41106
41106
41109
41109
41115
41118
41121
41121
41124
41124
41127
41130
41130
41130
41130
41133
41133
41139
41145
41154
41157
41163
41169
41169
41172
41178
41178
41181
41181
41184
41196
41196
41202
41202
41205
41208
41208
41208
41217
41223
41223
41229
41229
41232
41232
41235
41238
41244
41244
41247
41247
41250
41253
41256
41256
41259
41271
41271
41277
41277
41277
41280
41292
41292
41295
41304
41304
41307
41310
41310
41313
41316
41316
41319
41319
41322
41328
41331
41331
41340
41343
41343
41349
41352
41355
41358
41361
41373
41376
41376
41382
41382
41382
41382
41391
41391
41394
41406
41409
41412
41412
41421
41421
41424
41430
41430
41442
41442
41442
41445
41448
41448
41448
41448
41460
41466
41469
41472
41475
41481
41484
41493
41502
41514
41514
41520
41520
41520
41523
41529
41532
41535
41541
41541
41541
41544
41547
41547
41550
41553
41556
41559
41565
41568
41574
41580
41580
41583
41583
41583
41586
41595
41595
41601
41607
41607
41616
41619
41619
41625
41631
41631
41634
41637
41640
41643
41646
41646
41649
41649
41652
41652
41652
41652
41652
41652
41655
41658
41664
41670
41673
41682
41685
41688
41688
41691
41697
41697
41700
41700
41712
41712
41712
41712
41715
41724
41727
41733
41736
41742
41745
41751
41754
41757
41763
41766
41772
41778
41781
41781
41784
41790
41796
41799
41811
41817
41823
41826
41832
41844
41847
41847
41850
41850
41859
41859
41865
41865
41868
41868
41868
41868
41871
41871
41871
41874
41874
41880
41895
41895
41898
41901
41904
41910
41922
41928
41928
41937
41937
41940
41943
41946
41946
41952
41952
41955
41955
41955
41958
41961
41964
41967
41985
41985
41988
41991
41991
41997
