15000
0
3
6
9
12
24
24
24
30
33
36
39
42
42
42
45
45
48
54
57
60
63
63
66
69
72
78
87
87
87
90
93
93
99
99
102
108
108
111
114
114
117
117
126
126
132
138
138
141
141
147
147
150
150
153
159
162
162
162
165
165
168
171
171
177
180
180
186
189
189
198
207
210
210
213
213
216
219
225
225
228
228
231
231
237
240
243
243
246
249
249
255
255
258
258
264
267
270
270
270
273
273
276
279
282
282
285
288
294
300
300
300
306
312
315
315
315
318
318
318
321
327
330
333
345
345
345
351
360
360
366
366
369
369
372
372
372
375
381
381
384
387
390
390
393
393
405
405
405
411
414
417
417
420
420
423
438
441
444
444
447
450
456
459
462
462
465
468
474
477
477
480
480
492
495
495
504
504
504
528
531
534
537
537
540
540
543
549
549
549
552
555
558
558
558
567
570
570
570
579
579
585
588
588
588
591
591
594
597
597
597
597
597
600
606
609
615
615
615
621
624
627
627
630
633
636
636
639
645
648
654
660
660
660
663
666
666
669
672
672
678
678
687
687
690
690
696
696
699
699
705
708
708
711
714
714
714
717
738
741
744
747
747
750
750
753
756
762
762
765
765
768
768
768
768
771
771
771
774
780
780
780
786
786
789
792
795
801
804
807
807
807
807
810
810
816
819
822
831
834
837
837
837
840
846
846
858
858
864
867
870
870
873
876
882
882
885
885
885
888
891
894
897
903
912
915
918
924
930
930
933
936
942
957
960
960
963
966
966
969
969
975
978
978
981
981
984
993
999
1008
1008
1011
1014
1017
1020
1023
1026
1029
1041
1041
1047
1056
1056
1059
1062
1071
1074
1080
1083
1089
1092
1095
1098
1098
1104
1104
1104
1104
1113
1122
1125
1125
1134
1143
1155
1155
1158
1161
1167
1167
1167
1167
1173
1173
1173
1176
1176
1176
1179
1179
1185
1188
1197
1200
1200
1203
1206
1206
1209
1209
1212
1212
1218
1221
1221
1221
1227
1230
1230
1233
1233
1236
1236
1239
1245
1251
1266
1269
1272
1272
1281
1284
1290
1293
1302
1308
1308
1323
1326
1326
1329
1329
1332
1338
1338
1341
1344
1347
1350
1353
1362
1371
1371
1371
1383
1383
1383
1383
1383
1389
1395
1401
1404
1410
1416
1425
1425
1431
1434
1434
1437
1443
1443
1446
1446
1449
1455
1455
1455
1458
1458
1458
1461
1461
1473
1476
1476
1482
1482
1482
1482
1485
1491
1494
1497
1500
1500
1509
1509
1512
1512
1515
1518
1518
1521
1524
1527
1527
1527
1530
1533
1533
1539
1545
1548
1554
1560
1566
1569
1569
1569
1572
1575
1578
1581
1584
1584
1590
1593
1593
1596
1599
1605
1614
1620
1620
1620
1623
1626
1632
1638
1644
1644
1647
1650
1650
1650
1656
1656
1662
1665
1668
1674
1683
1686
1686
1686
1686
1689
1695
1698
1704
1704
1707
1707
1710
1710
1716
1719
1722
1722
1725
1728
1728
1731
1734
1737
1737
1752
1761
1764
1767
1770
1773
1776
1776
1785
1785
1794
1800
1803
1803
1806
1809
1809
1812
1818
1821
1821
1824
1833
1836
1839
1839
1845
1845
1851
1860
1878
1887
1890
1890
1893
1896
1899
1902
1905
1905
1908
1914
1917
1926
1926
1926
1926
1926
1932
1935
1935
1938
1938
1941
1941
1944
1953
1965
1965
1971
1971
1971
1980
1980
1983
1983
1983
1986
1995
1998
1998
2007
2007
2007
2010
2013
2016
2019
2022
2031
2031
2034
2037
2037
2040
2040
2043
2043
2049
2049
2055
2064
2064
2070
2070
2070
2073
2079
2085
2085
2085
2085
2088
2100
2100
2103
2106
2118
2118
2118
2121
2127
2130
2130
2136
2139
2139
2142
2154
2157
2160
2163
2169
2169
2172
2178
2181
2184
2187
2187
2187
2190
2193
2196
2196
2199
2202
2205
2205
2205
2208
2211
2211
2211
2211
2217
2226
2229
2229
2232
2232
2235
2235
2235
2238
2238
2244
2247
2256
2265
2265
2271
2271
2271
2274
2274
2286
2286
2289
2292
2295
2295
2298
2304
2304
2307
2307
2310
2316
2319
2322
2325
2325
2328
2328
2328
2328
2331
2337
2340
2340
2343
2346
2346
2349
2355
2364
2364
2367
2367
2367
2370
2373
2373
2376
2376
2379
2385
2391
2391
2394
2394
2397
2397
2397
2400
2400
2400
2403
2403
2406
2409
2412
2415
2415
2418
2421
2424
2424
2424
2427
2427
2436
2442
2442
2445
2445
2448
2454
2460
2460
2460
2463
2463
2463
2466
2472
2472
2475
2478
2478
2481
2490
2496
2496
2502
2502
2505
2508
2511
2511
2517
2517
2517
2520
2523
2526
2529
2529
2529
2532
2535
2535
2538
2538
2544
2547
2550
2553
2553
2553
2556
2556
2556
2568
2568
2571
2571
2580
2583
2586
2595
2595
2604
2610
2613
2616
2616
2616
2625
2628
2628
2634
2634
2640
2652
2655
2658
2661
2673
2679
2679
2685
2685
2691
2694
2694
2694
2697
2697
2703
2703
2703
2715
2715
2721
2724
2727
2733
2736
2736
2739
2742
2748
2748
2748
2751
2754
2754
2763
2763
2766
2781
2781
2784
2784
2796
2796
2799
2802
2805
2805
2808
2814
2814
2817
2820
2823
2823
2823
2835
2841
2844
2847
2850
2850
2856
2871
2874
2874
2877
2877
2901
2907
2916
2916
2916
2919
2922
2922
2925
2931
2934
2937
2940
2946
2946
2949
2952
2952
2952
2952
2955
2958
2961
2961
2967
2970
2973
2973
2973
2973
2979
2982
2985
2991
2991
2991
2994
2994
2997
3000
3003
3006
3009
3021
3024
3027
3027
3027
3027
3033
3042
3042
3042
3048
3051
3054
3060
3063
3063
3063
3063
3066
3069
3072
3078
3081
3087
3087
3090
3093
3099
3102
3102
3105
3105
3114
3117
3123
3126
3135
3138
3138
3138
3138
3144
3144
3147
3150
3150
3153
3156
3156
3159
3162
3165
3165
3168
3168
3171
3174
3177
3180
3186
3186
3189
3192
3198
3198
3210
3210
3213
3213
3216
3219
3222
3225
3228
3228
3234
3237
3243
3243
3243
3249
3252
3258
3261
3261
3261
3261
3267
3270
3273
3276
3279
3282
3282
3288
3300
3303
3303
3309
3312
3315
3315
3318
3324
3327
3330
3330
3330
3333
3339
3342
3351
3357
3360
3369
3369
3369
3375
3375
3375
3378
3381
3384
3384
3387
3390
3390
3390
3393
3402
3402
3408
3411
3414
3414
3414
3414
3417
3420
3423
3423
3429
3429
3429
3432
3435
3438
3438
3438
3438
3444
3447
3447
3447
3456
3456
3459
3462
3462
3465
3471
3471
3471
3471
3474
3477
3480
3480
3480
3483
3483
3486
3489
3489
3492
3501
3501
3507
3507
3507
3507
3513
3516
3519
3522
3525
3537
3540
3543
3543
3549
3555
3558
3558
3558
3561
3561
3561
3564
3564
3570
3573
3573
3576
3585
3588
3588
3591
3591
3594
3594
3594
3600
3600
3600
3603
3609
3618
3624
3627
3630
3633
3639
3645
3648
3648
3654
3660
3663
3663
3663
3666
3666
3672
3672
3672
3675
3678
3681
3684
3687
3687
3690
3699
3699
3699
3702
3702
3702
3702
3705
3705
3708
3711
3714
3714
3714
3717
3717
3720
3723
3726
3729
3729
3729
3732
3732
3732
3735
3738
3738
3741
3747
3747
3750
3753
3753
3756
3762
3765
3765
3765
3765
3771
3771
3774
3774
3777
3780
3783
3789
3792
3792
3798
3801
3804
3807
3807
3810
3810
3813
3816
3819
3822
3822
3828
3849
3849
3852
3852
3855
3858
3861
3861
3861
3867
3870
3873
3873
3879
3885
3891
3894
3894
3900
3903
3906
3909
3912
3912
3915
3921
3924
3927
3927
3939
3942
3945
3948
3951
3954
3954
3957
3960
3960
3963
3972
3972
3978
3978
3978
3981
3984
3996
3999
4002
4005
4005
4008
4011
4014
4017
4023
4023
4023
4023
4023
4029
4029
4029
4029
4044
4044
4047
4047
4053
4053
4053
4056
4062
4062
4062
4062
4065
4068
4071
4074
4074
4080
4080
4092
4095
4098
4098
4101
4104
4104
4104
4107
4113
4116
4125
4128
4128
4131
4137
4140
4146
4146
4146
4146
4155
4155
4158
4164
4167
4167
4173
4173
4173
4176
4176
4179
4182
4182
4188
4203
4209
4209
4209
4215
4218
4221
4224
4227
4230
4230
4233
4239
4242
4242
4257
4266
4269
4272
4275
4278
4281
4284
4287
4287
4287
4287
4290
4290
4293
4293
4296
4296
4296
4299
4302
4302
4305
4305
4308
4311
4317
4320
4320
4326
4326
4332
4332
4332
4335
4338
4341
4344
4347
4347
4347
4350
4353
4356
4365
4365
4365
4365
4368
4371
4377
4380
4383
4383
4386
4395
4398
4398
4401
4401
4401
4404
4407
4419
4425
4425
4428
4431
4431
4434
4440
4452
4452
4452
4455
4455
4458
4458
4461
4461
4464
4467
4470
4473
4473
4476
4476
4488
4488
4497
4497
4500
4500
4506
4506
4509
4509
4512
4512
4515
4515
4515
4518
4524
4524
4530
4542
4551
4554
4560
4563
4563
4563
4566
4566
4569
4581
4581
4581
4584
4584
4584
4587
4590
4590
4590
4596
4596
4599
4599
4605
4614
4617
4623
4623
4626
4629
4635
4638
4644
4650
4656
4662
4665
4668
4671
4677
4677
4680
4686
4686
4689
4689
4689
4692
4701
4701
4704
4707
4713
4713
4722
4725
4725
4728
4728
4728
4737
4740
4749
4752
4752
4752
4755
4755
4755
4758
4761
4761
4761
4767
4770
4773
4773
4773
4776
4779
4779
4782
4785
4800
4800
4806
4812
4812
4818
4821
4827
4830
4833
4836
4836
4842
4845
4848
4854
4857
4872
4872
4878
4881
4884
4890
4896
4896
4899
4899
4899
4908
4908
4914
4914
4914
4917
4917
4929
4929
4929
4932
4932
4935
4941
4941
4941
4944
4947
4950
4953
4956
4956
4956
4956
4956
4959
4968
4977
4977
4977
4983
4986
4986
4989
4992
4995
4998
5001
5004
5013
5019
5019
5025
5028
5031
5034
5040
5043
5043
5058
5061
5061
5061
5067
5067
5067
5070
5070
5076
5079
5082
5085
5094
5097
5100
5100
5100
5103
5103
5103
5106
5106
5109
5109
5112
5118
5121
5121
5127
5130
5130
5145
5148
5151
5154
5157
5160
5169
5169
5169
5172
5172
5172
5178
5178
5181
5184
5184
5184
5196
5199
5202
5205
5205
5205
5208
5208
5214
5214
5214
5226
5226
5229
5229
5235
5238
5238
5238
5238
5238
5244
5244
5247
5256
5256
5259
5259
5262
5262
5265
5274
5274
5277
5280
5280
5280
5289
5289
5298
5304
5310
5316
5319
5322
5322
5328
5331
5331
5343
5352
5352
5352
5358
5361
5361
5367
5373
5379
5382
5382
5382
5388
5388
5388
5391
5391
5391
5394
5397
5403
5403
5403
5403
5412
5412
5412
5415
5415
5415
5430
5430
5436
5436
5439
5439
5442
5445
5448
5448
5448
5448
5457
5457
5457
5457
5460
5463
5463
5466
5472
5472
5484
5487
5487
5487
5490
5490
5493
5496
5496
5499
5499
5499
5502
5508
5511
5520
5520
5523
5526
5532
5535
5535
5535
5541
5541
5547
5547
5550
5550
5553
5556
5565
5568
5568
5571
5574
5583
5586
5586
5589
5592
5592
5595
5601
5601
5601
5604
5604
5610
5610
5616
5619
5619
5628
5631
5631
5634
5637
5637
5640
5640
5646
5652
5655
5661
5661
5664
5676
5676
5679
5682
5688
5691
5691
5694
5694
5694
5700
5703
5706
5709
5712
5712
5712
5712
5718
5724
5727
5736
5742
5742
5745
5748
5751
5751
5751
5751
5754
5757
5760
5760
5766
5769
5775
5775
5778
5781
5781
5784
5787
5787
5799
5799
5808
5808
5817
5823
5823
5823
5826
5832
5844
5847
5847
5850
5850
5853
5856
5856
5862
5865
5868
5871
5874
5874
5880
5880
5883
5886
5895
5895
5898
5898
5907
5907
5910
5913
5919
5919
5919
5922
5925
5928
5928
5928
5931
5934
5937
5937
5940
5940
5943
5943
5946
5952
5955
5964
5967
5970
5973
5973
5973
5976
5976
5979
5988
5988
5988
5988
5991
5994
6000
6000
6000
6003
6003
6018
6018
6018
6021
6027
6033
6036
6036
6042
6051
6054
6057
6060
6060
6066
6069
6072
6075
6075
6075
6075
6078
6081
6081
6093
6099
6099
6105
6108
6108
6111
6114
6114
6114
6117
6117
6117
6123
6126
6126
6138
6144
6150
6156
6159
6159
6159
6168
6168
6171
6171
6177
6177
6177
6180
6180
6183
6183
6195
6198
6198
6207
6207
6207
6213
6216
6222
6225
6231
6234
6237
6237
6240
6240
6240
6249
6252
6252
6258
6258
6264
6264
6264
6273
6276
6276
6285
6288
6291
6294
6294
6297
6297
6300
6303
6306
6309
6312
6312
6321
6321
6321
6321
6324
6330
6333
6345
6348
6360
6360
6360
6366
6372
6372
6378
6381
6387
6390
6393
6396
6399
6411
6414
6420
6423
6423
6426
6426
6444
6447
6447
6453
6456
6462
6465
6465
6468
6471
6477
6480
6483
6483
6483
6486
6486
6489
6489
6489
6489
6495
6498
6501
6513
6516
6516
6516
6519
6525
6531
6531
6531
6531
6531
6531
6540
6543
6543
6549
6549
6552
6552
6552
6558
6567
6570
6570
6573
6576
6576
6579
6585
6585
6591
6597
6609
6609
6609
6609
6609
6615
6618
6621
6624
6627
6627
6627
6630
6633
6633
6636
6636
6639
6639
6648
6654
6666
6672
6681
6681
6693
6699
6699
6702
6705
6705
6705
6708
6711
6714
6714
6717
6729
6729
6732
6735
6738
6738
6738
6741
6741
6744
6747
6747
6753
6762
6765
6765
6768
6774
6777
6780
6780
6783
6783
6792
6795
6801
6801
6807
6813
6813
6813
6816
6819
6822
6822
6825
6831
6834
6834
6834
6837
6843
6843
6849
6849
6852
6858
6861
6870
6870
6873
6876
6879
6879
6879
6888
6891
6891
6894
6897
6897
6900
6903
6903
6903
6906
6915
6918
6918
6921
6924
6924
6930
6933
6933
6936
6939
6939
6939
6942
6945
6945
6960
6969
6969
6972
6975
6975
6978
6984
6984
6993
6996
7002
7002
7005
7008
7011
7014
7014
7017
7017
7020
7020
7020
7023
7026
7026
7029
7029
7032
7035
7035
7038
7038
7038
7038
7044
7047
7047
7047
7050
7053
7053
7062
7062
7068
7068
7074
7080
7086
7086
7086
7086
7089
7092
7098
7098
7098
7098
7107
7110
7110
7113
7116
7116
7119
7122
7122
7122
7125
7128
7128
7128
7131
7146
7149
7155
7158
7161
7176
7179
7182
7182
7182
7188
7191
7191
7194
7203
7206
7209
7212
7212
7215
7215
7218
7221
7227
7227
7236
7239
7245
7245
7248
7248
7251
7254
7260
7263
7266
7266
7266
7266
7275
7284
7284
7284
7284
7287
7287
7290
7290
7293
7293
7296
7308
7308
7311
7317
7323
7326
7335
7341
7344
7350
7356
7356
7359
7362
7362
7362
7365
7368
7371
7371
7374
7377
7380
7380
7383
7386
7392
7398
7398
7404
7404
7410
7416
7416
7422
7425
7425
7428
7434
7434
7434
7440
7440
7440
7440
7443
7443
7446
7452
7452
7458
7461
7461
7464
7470
7473
7476
7479
7479
7482
7485
7488
7488
7488
7491
7494
7497
7497
7500
7500
7503
7506
7506
7512
7512
7515
7521
7524
7524
7533
7533
7536
7536
7536
7545
7545
7545
7548
7548
7557
7560
7566
7569
7569
7572
7572
7572
7575
7575
7578
7578
7581
7581
7581
7590
7593
7593
7596
7599
7605
7611
7611
7611
7614
7617
7617
7620
7620
7620
7623
7629
7632
7632
7632
7635
7644
7647
7653
7659
7659
7671
7671
7674
7677
7680
7695
7695
7698
7701
7701
7704
7704
7707
7707
7710
7716
7719
7722
7722
7725
7728
7731
7731
7734
7740
7743
7743
7746
7746
7746
7746
7749
7752
7761
7764
7764
7767
7767
7767
7776
7779
7785
7788
7800
7806
7806
7809
7809
7812
7812
7812
7815
7815
7818
7818
7821
7821
7824
7830
7836
7836
7836
7836
7839
7842
7848
7848
7851
7854
7854
7857
7857
7857
7863
7866
7869
7872
7884
7887
7890
7890
7890
7893
7893
7893
7896
7899
7902
7905
7908
7908
7911
7914
7914
7917
7926
7929
7932
7935
7938
7938
7941
7947
7950
7953
7953
7956
7962
7962
7971
7977
7977
7977
7980
7980
7983
7983
7992
7992
7995
7998
8001
8001
8004
8004
8007
8007
8016
8016
8016
8022
8025
8028
8031
8034
8034
8037
8037
8043
8046
8052
8052
8052
8052
8052
8055
8058
8067
8067
8070
8073
8082
8082
8082
8088
8091
8091
8091
8094
8097
8100
8100
8106
8109
8115
8118
8118
8127
8139
8139
8139
8142
8145
8148
8151
8151
8154
8157
8157
8160
8160
8163
8163
8163
8175
8178
8184
8184
8187
8193
8193
8193
8196
8196
8199
8199
8202
8202
8211
8211
8214
8217
8217
8217
8223
8226
8229
8235
8238
8241
8244
8247
8247
8250
8250
8250
8250
8253
8253
8256
8262
8265
8268
8271
8271
8271
8271
8274
8274
8277
8280
8289
8289
8292
8295
8295
8298
8307
8307
8307
8310
8316
8319
8325
8325
8334
8337
8340
8352
8352
8352
8355
8367
8367
8370
8376
8385
8385
8388
8391
8391
8391
8397
8397
8400
8403
8415
8415
8418
8421
8424
8427
8427
8433
8433
8442
8445
8448
8448
8454
8457
8460
8463
8466
8466
8466
8469
8472
8472
8478
8481
8484
8487
8487
8490
8493
8499
8499
8502
8502
8508
8514
8517
8517
8520
8526
8529
8529
8529
8529
8532
8538
8547
8547
8547
8550
8553
8556
8559
8562
8571
8571
8580
8583
8583
8592
8592
8592
8604
8607
8613
8613
8616
8619
8619
8622
8625
8625
8625
8631
8631
8646
8646
8649
8652
8652
8658
8658
8667
8670
8673
8673
8676
8676
8679
8679
8682
8685
8688
8691
8691
8694
8706
8706
8706
8715
8727
8733
8739
8745
8745
8754
8754
8754
8757
8760
8763
8766
8769
8769
8772
8775
8778
8778
8781
8781
8781
8781
8781
8784
8790
8790
8799
8799
8799
8805
8805
8811
8811
8817
8817
8820
8823
8823
8826
8829
8832
8835
8844
8847
8847
8850
8850
8850
8853
8862
8862
8862
8868
8868
8874
8874
8877
8880
8880
8892
8895
8895
8901
8910
8913
8913
8916
8919
8919
8922
8922
8925
8925
8943
8943
8943
8946
8949
8949
8952
8958
8961
8964
8967
8967
8967
8967
8970
8973
8979
8985
8988
8991
8991
8991
8997
9000
9003
9006
9006
9009
9009
9012
9015
9018
9021
9021
9030
9030
9030
9033
9033
9036
9045
9051
9051
9057
9066
9066
9066
9069
9069
9069
9069
9072
9072
9078
9081
9084
9087
9090
9096
9096
9108
9108
9108
9114
9120
9120
9123
9126
9129
9132
9138
9138
9138
9141
9144
9150
9153
9159
9162
9162
9165
9165
9168
9168
9174
9174
9177
9180
9183
9183
9189
9192
9192
9201
9201
9207
9207
9210
9213
9213
9216
9219
9219
9222
9225
9225
9228
9234
9234
9234
9246
9249
9249
9252
9255
9264
9267
9270
9270
9273
9273
9279
9282
9282
9288
9303
9309
9309
9312
9318
9318
9318
9324
9327
9339
9342
9348
9363
9369
9375
9381
9381
9381
9387
9390
9393
9393
9396
9402
9405
9408
9414
9423
9423
9426
9426
9432
9432
9435
9438
9438
9441
9447
9450
9450
9453
9453
9456
9456
9465
9465
9465
9471
9471
9474
9477
9480
9480
9483
9486
9486
9489
9489
9492
9495
9495
9507
9507
9513
9513
9516
9516
9516
9522
9528
9528
9531
9534
9537
9537
9537
9540
9543
9546
9549
9555
9555
9558
9561
9561
9561
9567
9573
9573
9579
9579
9579
9579
9582
9582
9585
9585
9588
9591
9600
9600
9603
9606
9606
9606
9609
9609
9612
9615
9618
9624
9627
9630
9633
9645
9648
9648
9657
9660
9660
9660
9663
9666
9678
9684
9687
9690
9699
9705
9705
9708
9708
9711
9714
9717
9723
9732
9735
9738
9741
9747
9750
9750
9753
9756
9756
9759
9759
9765
9768
9768
9771
9771
9777
9780
9780
9780
9789
9792
9801
9810
9813
9819
9819
9819
9822
9822
9825
9828
9828
9837
9843
9843
9846
9849
9855
9858
9858
9861
9861
9864
9864
9867
9867
9879
9885
9888
9891
9894
9894
9906
9906
9909
9909
9909
9912
9912
9915
9918
9918
9921
9924
9924
9933
9936
9942
9945
9945
9948
9948
9948
9957
9960
9960
9960
9963
9966
9969
9975
9975
9975
9978
9981
9981
9984
9987
9996
9999
10002
10005
10011
10011
10014
10023
10023
10026
10032
10035
10035
10038
10041
10041
10041
10047
10053
10056
10056
10062
10062
10062
10062
10065
10071
10074
10077
10080
10080
10086
10092
10092
10092
10095
10104
10107
10110
10110
10110
10110
10110
10110
10116
10116
10119
10122
10131
10131
10134
10134
10140
10146
10146
10149
10152
10152
10152
10158
10170
10173
10179
10191
10191
10194
10194
10197
10197
10197
10197
10209
10209
10215
10221
10224
10224
10230
10233
10236
10251
10254
10257
10266
10266
10269
10272
10275
10275
10275
10278
10281
10281
10284
10284
10287
10290
10296
10302
10305
10305
10305
10311
10311
10311
10320
10320
10329
10332
10335
10338
10338
10341
10341
10341
10344
10347
10350
10350
10356
10359
10365
10368
10368
10374
10374
10374
10380
10380
10380
10383
10392
10398
10398
10404
10410
10410
10416
10419
10422
10425
10440
10449
10449
10452
10458
10458
10461
10461
10461
10464
10470
10473
10476
10491
10500
10503
10506
10506
10515
10518
10518
10518
10518
10518
10518
10521
10524
10527
10536
10539
10548
10548
10557
10560
10560
10563
10566
10566
10572
10575
10578
10581
10581
10584
10587
10587
10590
10599
10611
10611
10614
10614
10617
10620
10620
10623
10626
10629
10629
10632
10632
10638
10641
10641
10644
10644
10653
10653
10653
10656
10668
10674
10674
10677
10677
10686
10686
10695
10698
10701
10701
10710
10710
10716
10722
10734
10752
10755
10758
10767
10767
10767
10770
10770
10773
10776
10779
10782
10785
10794
10797
10809
10812
10815
10815
10818
10827
10830
10830
10833
10851
10851
10857
10857
10863
10878
10881
10881
10884
10884
10890
10890
10890
10890
10899
10899
10902
10908
10914
10917
10920
10920
10935
10935
10935
10938
10941
10950
10956
10971
10971
10974
10977
10983
10986
10986
10986
10986
10995
10998
11004
11007
11019
11025
11025
11028
11028
11031
11034
11043
11043
11052
11064
11079
11082
11082
11091
11091
11094
11094
11094
11100
11103
11103
11106
11109
11109
11112
11112
11115
11118
11121
11124
11124
11127
11127
11133
11133
11133
11133
11139
11142
11151
11151
11157
11160
11160
11160
11163
11169
11172
11175
11175
11178
11178
11178
11178
11178
11181
11184
11187
11187
11193
11193
11196
11196
11208
11214
11214
11214
11214
11217
11220
11220
11223
11223
11235
11238
11244
11244
11247
11250
11253
11253
11253
11259
11259
11262
11262
11268
11268
11268
11271
11280
11283
11286
11286
11286
11286
11292
11292
11301
11310
11313
11319
11328
11328
11328
11328
11331
11331
11331
11331
11337
11337
11340
11343
11346
11349
11349
11352
11352
11355
11355
11358
11361
11361
11361
11361
11364
11367
11370
11370
11379
11391
11391
11400
11400
11403
11406
11412
11418
11421
11430
11436
11439
11442
11445
11448
11451
11454
11457
11457
11463
11469
11469
11475
11475
11478
11484
11484
11490
11490
11493
11496
11511
11517
11523
11532
11532
11535
11538
11538
11538
11541
11541
11541
11547
11547
11547
11547
11550
11550
11550
11553
11553
11556
11559
11562
11562
11565
11568
11577
11577
11577
11580
11580
11583
11586
11589
11592
11595
11595
11598
11601
11607
11613
11616
11616
11619
11619
11622
11622
11625
11625
11631
11631
11631
11634
11640
11643
11649
11649
11664
11664
11667
11667
11673
11673
11673
11676
11682
11688
11691
11691
11697
11703
11703
11706
11706
11709
11712
11712
11718
11724
11730
11733
11745
11748
11760
11763
11763
11766
11769
11769
11772
11772
11772
11775
11778
11778
11778
11781
11781
11781
11787
11799
11802
11820
11829
11832
11835
11841
11841
11847
11853
11853
11856
11862
11865
11868
11871
11877
11877
11892
11892
11892
11904
11904
11910
11913
11913
11916
11928
11928
11931
11931
11931
11934
11937
11940
11940
11940
11940
11943
11949
11952
11952
11955
11961
11964
11967
11967
11967
11970
11976
11979
11979
11982
11982
11982
11988
11988
11991
11997
12000
12000
12000
12012
12015
12030
12030
12033
12036
12039
12042
12045
12045
12051
12051
12051
12057
12057
12060
12066
12075
12075
12078
12087
12087
12087
12090
12093
12096
12102
12105
12108
12111
12111
12117
12126
12132
12132
12138
12138
12141
12144
12147
12150
12153
12159
12159
12159
12165
12171
12180
12180
12183
12186
12189
12189
12192
12195
12195
12201
12204
12204
12207
12210
12213
12213
12213
12216
12216
12228
12228
12234
12234
12240
12240
12240
12240
12243
12243
12243
12246
12246
12249
12249
12258
12264
12264
12267
12267
12267
12270
12270
12273
12273
12285
12291
12291
12294
12294
12297
12297
12300
12300
12303
12309
12309
12309
12309
12315
12318
12321
12321
12327
12330
12336
12336
12339
12339
12342
12342
12351
12354
12360
12360
12360
12366
12372
12372
12375
12375
12378
12384
12384
12387
12387
12390
12390
12393
12402
12402
12405
12405
12408
12408
12408
12408
12414
12414
12420
12426
12432
12435
12441
12447
12456
12462
12471
12474
12474
12477
12477
12486
12486
12489
12489
12492
12498
12501
12504
12504
12507
12513
12516
12519
12519
12522
12522
12522
12525
12528
12528
12537
12537
12543
12546
12549
12552
12558
12567
12567
12567
12570
12573
12573
12573
12576
12576
12582
12588
12588
12588
12591
12594
12603
12606
12612
12612
12612
12615
12615
12615
12618
12621
12621
12621
12624
12627
12633
12636
12639
12639
12642
12645
12648
12651
12654
12654
12654
12654
12657
12657
12660
12666
12669
12669
12669
12669
12672
12672
12675
12675
12684
12696
12696
12699
12705
12708
12708
12714
12714
12714
12720
12723
12726
12735
12738
12738
12756
12762
12765
12765
12765
12774
12777
12783
12789
12792
12792
12792
12798
12798
12798
12798
12798
12801
12819
12822
12828
12831
12843
12843
12846
12855
12858
12858
12858
12858
12873
12873
12876
12879
12882
12882
12882
12888
12891
12894
12909
12909
12909
12909
12909
12915
12921
12921
12924
12924
12927
12930
12939
12942
12942
12945
12948
12951
12951
12957
12957
12957
12960
12960
12966
12972
12975
12975
12978
12981
12984
12987
12987
12990
12990
12990
12993
12996
12999
13002
13008
13008
13017
13017
13026
13026
13035
13041
13044
13047
13056
13056
13062
13062
13062
13065
13065
13068
13068
13074
13074
13080
13080
13083
13083
13086
13086
13089
13095
13095
13098
13098
13104
13107
13107
13107
13116
13119
13119
13125
13131
13140
13152
13152
13155
13161
13167
13167
13167
13167
13170
13170
13173
13179
13179
13179
13185
13191
13194
13194
13200
13200
13203
13209
13209
13224
13227
13230
13230
13236
13236
13239
13242
13242
13242
13242
13245
13245
13248
13251
13254
13269
13269
13275
13281
13281
13284
13293
13296
13299
13305
13308
13311
13314
13320
13320
13323
13323
13326
13329
13329
13332
13332
13335
13338
13338
13338
13341
13341
13347
13347
13353
13353
13353
13356
13359
13362
13365
13368
13374
13383
13383
13386
13386
13389
13392
13395
13395
13395
13395
13395
13398
13401
13401
13404
13410
13416
13419
13419
13422
13425
13437
13440
13443
13452
13452
13455
13455
13458
13461
13461
13470
13470
13473
13473
13473
13476
13476
13476
13482
13485
13485
13491
13494
13494
13497
13500
13500
13500
13500
13506
13509
13509
13509
13512
13515
13515
13521
13527
13530
13533
13536
13539
13539
13554
13557
13560
13563
13572
13581
13587
13587
13590
13596
13596
13605
13608
13611
13611
13614
13614
13614
13614
13617
13623
13626
13626
13629
13641
13641
13647
13650
13653
13656
13662
13668
13677
13677
13680
13683
13683
13686
13686
13689
13689
13692
13695
13701
13701
13701
13701
13704
13707
13710
13710
13713
13713
13719
13719
13719
13722
13728
13746
13746
13749
13749
13755
13761
13773
13776
13776
13776
13785
13788
13797
13797
13806
13806
13812
13812
13815
13818
13818
13818
13824
13824
13827
13830
13830
13833
13839
13839
13839
13842
13842
13848
13851
13854
13872
13872
13875
13878
13878
13878
13884
13884
13890
13893
13899
13899
13902
13908
13908
13914
13917
13917
13920
13923
13929
13929
13935
13935
13938
13938
13944
13947
13950
13959
13968
13971
13974
13980
13983
13989
13992
13992
13995
14001
14004
14013
14013
14016
14016
14019
14019
14022
14028
14031
14037
14040
14049
14052
14052
14058
14067
14070
14085
14085
14091
14097
14097
14106
14106
14109
14112
14112
14115
14121
14124
14127
14130
14136
14136
14139
14142
14148
14148
14154
14154
14157
14166
14166
14166
14169
14172
14187
14187
14193
14199
14208
14208
14211
14214
14223
14223
14229
14229
14232
14235
14235
14238
14238
14247
14253
14256
14256
14259
14268
14271
14274
14274
14274
14274
14277
14277
14277
14277
14286
14295
14298
14307
14310
14313
14313
14319
14322
14322
14328
14331
14331
14337
14340
14340
14346
14352
14358
14367
14367
14370
14370
14373
14373
14373
14376
14379
14379
14382
14382
14385
14388
14391
14397
14400
14403
14406
14406
14406
14409
14409
14415
14418
14421
14421
14424
14430
14430
14430
14430
14433
14433
14436
14439
14442
14442
14442
14445
14448
14448
14451
14457
14466
14466
14469
14469
14469
14478
14481
14484
14484
14484
14487
14487
14487
14493
14493
14493
14496
14499
14505
14508
14514
14514
14517
14520
14520
14523
14529
14547
14553
14556
14559
14565
14568
14568
14571
14580
14583
14583
14586
14592
14595
14595
14604
14610
14610
14616
14616
14616
14622
14625
14625
14625
14628
14628
14631
14631
14634
14637
14646
14652
14655
14655
14655
14661
14664
14664
14667
14667
14670
14679
14685
14691
14697
14697
14706
14712
14715
14718
14718
14721
14724
14724
14733
14733
14733
14739
14745
14751
14754
14757
14757
14757
14763
14769
14778
14781
14784
14790
14796
14796
14802
14805
14811
14817
14826
14832
14832
14832
14832
14847
14847
14847
14847
14853
14853
14853
14856
14865
14868
14868
14868
14871
14871
14871
14874
14874
14877
14880
14883
14883
14886
14895
14895
14898
14901
14901
14907
14907
14913
14916
14922
14928
14931
14934
14943
14943
14943
14946
14955
14958
14958
14961
14973
14976
14976
14985
14985
14991
14991
14994
14997
14997
14997
15000
15006
15012
15012
15015
15015
15018
15021
15027
15030
15033
15033
15036
15039
15042
15048
15048
15048
15051
15054
15054
15060
15063
15063
15069
15069
15069
15069
15081
15087
15087
15087
15090
15096
15096
15099
15102
15105
15111
15111
15114
15114
15126
15132
15132
15135
15138
15138
15141
15144
15147
15150
15156
15165
15168
15168
15171
15171
15174
15177
15180
15183
15183
15186
15186
15186
15198
15201
15204
15207
15207
15213
15216
15216
15222
15228
15228
15231
15243
15243
15243
15243
15243
15246
15246
15246
15252
15252
15252
15252
15255
15261
15261
15264
15267
15270
15276
15282
15288
15294
15294
15297
15297
15312
15312
15315
15315
15324
15327
15327
15330
15339
15339
15339
15342
15342
15345
15345
15351
15351
15354
15357
15360
15366
15369
15372
15375
15378
15378
15381
15384
15384
15384
15384
15384
15387
15393
15399
15402
15405
15408
15414
15417
15420
15420
15429
15438
15441
15450
15450
15450
15450
15459
15459
15462
15462
15462
15462
15462
15465
15468
15474
15480
15483
15486
15489
15489
15489
15492
15492
15492
15492
15495
15495
15498
15501
15510
15513
15513
15519
15519
15522
15525
15528
15531
15531
15534
15534
15537
15537
15540
15546
15546
15546
15549
15549
15552
15555
15555
15558
15561
15561
15564
15567
15570
15573
15573
15576
15579
15579
15588
15588
15591
15594
15600
15600
15606
15606
15612
15615
15615
15618
15618
15630
15630
15633
15639
15645
15645
15645
15648
15654
15672
15678
15678
15678
15681
15681
15684
15687
15690
15693
15699
15705
15705
15708
15711
15711
15720
15726
15732
15732
15735
15735
15741
15747
15747
15750
15750
15753
15756
15759
15759
15762
15765
15765
15768
15777
15777
15777
15780
15780
15780
15783
15789
15792
15798
15804
15807
15807
15807
15807
15810
15810
15813
15813
15816
15825
15831
15837
15843
15846
15846
15852
15852
15855
15858
15858
15861
15867
15870
15870
15870
15870
15876
15876
15882
15888
15888
15900
15903
15906
15906
15912
15912
15915
15918
15918
15921
15924
15930
15948
15948
15960
15963
15966
15966
15969
15969
15975
15978
15984
15987
15987
15990
15993
15996
15996
15999
15999
16002
16002
16002
16008
16008
16008
16008
16011
16017
16026
16032
16032
16035
16041
16044
16050
16053
16053
16053
16056
16056
16059
16059
16059
16059
16068
16068
16074
16074
16077
16080
16083
16083
16098
16101
16104
16122
16122
16125
16131
16137
16140
16140
16140
16149
16152
16155
16155
16158
16158
16161
16161
16164
16170
16173
16176
16176
16179
16179
16185
16185
16185
16188
16188
16191
16194
16194
16194
16197
16200
16206
16209
16212
16212
16212
16215
16218
16221
16221
16233
16239
16242
16242
16245
16245
16254
16260
16263
16263
16266
16266
16269
16275
16275
16281
16284
16293
16296
16296
16296
16299
16305
16305
16305
16308
16308
16314
16326
16326
16329
16332
16344
16344
16347
16350
16368
16368
16374
16380
16380
16386
16386
16395
16398
16398
16407
16407
16407
16413
16413
16416
16416
16419
16422
16431
16434
16434
16434
16446
16446
16446
16449
16449
16452
16458
16461
16464
16467
16467
16467
16467
16473
16479
16482
16482
16482
16485
16488
16488
16488
16494
16494
16494
16497
16497
16509
16512
16512
16518
16521
16527
16527
16530
16536
16536
16536
16539
16539
16542
16542
16542
16545
16551
16554
16557
16560
16566
16575
16575
16578
16578
16584
16584
16587
16587
16590
16596
16599
16599
16599
16611
16611
16614
16614
16620
16623
16629
16635
16638
16644
16644
16644
16650
16650
16653
16659
16659
16662
16671
16671
16674
16686
16686
16689
16689
16692
16695
16701
16701
16701
16707
16710
16713
16719
16722
16728
16728
16728
16737
16752
16764
16764
16767
16770
16773
16773
16776
16782
16785
16788
16794
16797
16803
16806
16812
16815
16815
16815
16824
16827
16827
16830
16830
16839
16839
16839
16839
16842
16845
16848
16848
16857
16866
16872
16872
16878
16881
16881
16881
16887
16887
16890
16893
16893
16899
16905
16911
16914
16914
16917
16920
16926
16929
16929
16932
16932
16950
16953
16953
16956
16956
16962
16965
16965
16965
16965
16971
16983
16983
16983
16986
16992
16998
16998
17004
17004
17007
17016
17022
17025
17031
17031
17034
17037
17037
17040
17043
17046
17046
17049
17049
17055
17055
17058
17064
17064
17064
17067
17067
17070
17073
17073
17076
17088
17094
17097
17103
17106
17112
17118
17118
17121
17121
17121
17124
17127
17127
17130
17136
17145
17148
17148
17151
17157
17160
17160
17160
17163
17163
17169
17175
17178
17181
17181
17187
17190
17193
17196
17196
17205
17211
17211
17214
17220
17220
17220
17223
17223
17223
17223
17226
17226
17229
17232
17235
17238
17238
17238
17253
17253
17256
17256
17259
17262
17268
17268
17271
17271
17271
17280
17280
17286
17286
17289
17289
17292
17292
17295
17295
17298
17304
17304
17310
17313
17313
17313
17316
17316
17316
17319
17325
17328
17328
17328
17331
17343
17349
17355
17358
17358
17358
17364
17364
17367
17367
17373
17379
17382
17385
17391
17391
17391
17394
17394
17397
17400
17403
17403
17403
17412
17412
17412
17421
17430
17433
17436
17439
17442
17445
17448
17454
17457
17457
17463
17466
17472
17475
17475
17481
17481
17490
17493
17505
17514
17514
17514
17520
17523
17529
17529
17529
17538
17541
17547
17550
17553
17556
17559
17559
17571
17571
17571
17574
17574
17577
17577
17577
17592
17595
17595
17598
17598
17601
17601
17604
17604
17607
17607
17610
17610
17613
17619
17619
17619
17625
17625
17625
17634
17634
17643
17643
17646
17652
17652
17652
17658
17658
17658
17661
17661
17664
17664
17667
17667
17670
17673
17682
17682
17685
17688
17688
17691
17697
17700
17703
17712
17721
17724
17727
17730
17730
17733
17733
17745
17748
17751
17760
17766
17769
17769
17775
17775
17778
17778
17784
17784
17790
17796
17796
17799
17814
17814
17823
17826
17829
17838
17838
17838
17841
17841
17847
17847
17850
17850
17853
17853
17856
17859
17865
17865
17868
17868
17871
17874
17874
17877
17877
17877
17877
17880
17880
17883
17889
17892
17895
17901
17904
17904
17910
17910
17913
17916
17919
17919
17922
17922
17925
17925
17925
17928
17934
17937
17937
17937
17940
17943
17949
17952
17955
17961
17973
17976
17979
17979
17982
17985
17988
17988
17991
17994
18000
18000
18003
18006
18012
18012
18012
18015
18018
18018
18024
18024
18024
18027
18036
18039
18039
18042
18051
18051
18051
18051
18054
18054
18063
18069
18072
18078
18081
18081
18084
18084
18084
18087
18087
18090
18102
18105
18108
18117
18117
18123
18126
18126
18129
18129
18135
18138
18138
18141
18144
18144
18144
18147
18150
18153
18153
18159
18162
18165
18174
18174
18189
18192
18192
18198
18201
18204
18204
18207
18210
18210
18213
18213
18216
18216
18219
18222
18222
18225
18225
18228
18228
18231
18237
18237
18237
18237
18246
18249
18255
18258
18270
18273
18273
18276
18276
18276
18276
18285
18291
18294
18294
18297
18300
18300
18312
18318
18321
18324
18327
18330
18330
18336
18339
18342
18348
18354
18357
18360
18363
18363
18366
18369
18369
18375
18375
18378
18381
18381
18381
18384
18390
18393
18396
18396
18396
18399
18399
18402
18405
18414
18417
18417
18417
18420
18426
18426
18426
18429
18429
18429
18435
18438
18441
18441
18441
18444
18447
18447
18450
18453
18453
18453
18456
18456
18459
18459
18462
18471
18471
18471
18474
18474
18474
18474
18480
18483
18504
18504
18510
18516
18516
18519
18519
18522
18522
18525
18528
18528
18531
18534
18540
18540
18540
18540
18543
18543
18549
18561
18561
18567
18570
18570
18576
18576
18582
18588
18591
18591
18600
18603
18603
18606
18606
18612
18612
18615
18618
18618
18624
18627
18627
18627
18642
18645
18648
18651
18651
18651
18657
18657
18660
18660
18663
18663
18666
18672
18672
18675
18675
18675
18678
18678
18684
18684
18684
18687
18699
18699
18702
18702
18705
18708
18708
18711
18714
18714
18714
18720
18726
18726
18726
18729
18729
18732
18732
18738
18738
18738
18738
18741
18744
18747
18747
18750
18756
18759
18759
18765
18768
18768
18774
18774
18792
18792
18792
18798
18801
18801
18807
18810
18813
18813
18813
18813
18813
18813
18813
18816
18819
18819
18825
18843
18846
18852
18852
18852
18858
18861
18867
18870
18882
18882
18885
18891
18894
18894
18900
18906
18909
18912
18915
18915
18915
18918
18918
18918
18921
18921
18924
18927
18927
18930
18930
18936
18936
18939
18939
18939
18942
18945
18951
18954
18957
18960
18960
18969
18969
18978
18978
18981
18981
18981
18996
18999
18999
19002
19008
19011
19014
19020
19020
19026
19026
19029
19032
19044
19053
19056
19059
19059
19059
19062
19065
19065
19071
19074
19074
19077
19080
19080
19080
19083
19086
19092
19095
19098
19101
19101
19101
19110
19110
19128
19134
19140
19143
19143
19146
19152
19152
19158
19158
19161
19161
19164
19164
19164
19173
19176
19179
19185
19188
19188
19194
19200
19200
19200
19206
19206
19206
19209
19209
19212
19221
19227
19227
19230
19236
19236
19239
19239
19239
19239
19242
19242
19245
19248
19251
19254
19260
19263
19263
19263
19266
19269
19269
19272
19272
19281
19284
19284
19284
19284
19287
19287
19302
19302
19302
19302
19305
19305
19308
19311
19311
19314
19317
19320
19323
19326
19326
19332
19332
19335
19335
19335
19335
19344
19344
19350
19353
19356
19362
19368
19374
19377
19383
19383
19386
19386
19389
19392
19392
19395
19401
19401
19404
19404
19407
19413
19413
19416
19422
19428
19431
19437
19440
19443
19446
19449
19458
19458
19461
19461
19467
19467
19470
19470
19473
19473
19476
19479
19479
19479
19482
19488
19491
19491
19491
19494
19497
19509
19512
19515
19518
19518
19524
19527
19527
19527
19530
19542
19542
19557
19557
19557
19560
19563
19563
19566
19575
19578
19578
19581
19581
19584
19590
19590
19599
19602
19602
19605
19608
19611
19614
19623
19623
19623
19626
19632
19632
19644
19644
19644
19647
19647
19647
19647
19647
19656
19662
19662
19662
19662
19662
19662
19668
19668
19668
19677
19677
19686
19692
19695
19701
19704
19707
19722
19725
19728
19731
19731
19740
19746
19746
19746
19746
19749
19755
19755
19758
19758
19764
19767
19770
19770
19773
19773
19779
19785
19794
19794
19800
19803
19812
19815
19818
19821
19824
19824
19827
19830
19830
19839
19842
19842
19842
19845
19848
19848
19848
19848
19851
19854
19854
19857
19857
19860
19860
19863
19863
19863
19866
19869
19869
19875
19875
19875
19881
19887
19890
19893
19893
19902
19905
19908
19908
19908
19911
19911
19911
19911
19920
19920
19923
19926
19929
19932
19932
19935
19935
19935
19941
19941
19941
19944
19944
19953
19953
19956
19956
19959
19968
19971
19974
19974
19977
19980
19980
19980
19983
19986
19986
19992
19995
19995
19998
20001
20004
20004
20007
20010
20010
20013
20013
20016
20016
20016
20028
20028
20031
20031
20031
20037
20037
20040
20046
20046
20058
20061
20064
20064
20064
20067
20073
20076
20091
20097
20100
20103
20103
20109
20109
20109
20112
20115
20121
20124
20127
20130
20130
20133
20136
20139
20139
20139
20145
20151
20151
20154
20160
20172
20175
20175
20178
20178
20184
20184
20187
20199
20202
20202
20205
20205
20208
20211
20211
20211
20214
20223
20226
20226
20226
20229
20229
20229
20229
20232
20232
20238
20238
20238
20241
20241
20244
20244
20247
20247
20250
20253
20253
20253
20256
20259
20259
20265
20271
20271
20277
20283
20283
20283
20283
20289
20289
20289
20289
20292
20295
20298
20298
20307
20310
20310
20319
20328
20328
20331
20331
20337
20340
20340
20340
20346
20349
20349
20352
20355
20358
20361
20361
20361
20364
20370
20370
20373
20376
20376
20376
20382
20382
20382
20391
20394
20397
20403
20403
20406
20409
20409
20418
20418
20427
20436
20442
20442
20445
20448
20454
20454
20460
20460
20463
20463
20469
20475
20475
20475
20478
20478
20481
20481
20484
20484
20487
20496
20496
20499
20502
20505
20511
20511
20514
20517
20520
20520
20526
20529
20529
20532
20532
20538
20541
20544
20550
20550
20550
20553
20553
20553
20556
20556
20559
20562
20565
20568
20571
20571
20574
20574
20574
20580
20583
20586
20586
20586
20595
20595
20604
20604
20607
20616
20619
20619
20619
20619
20628
20628
20628
20631
20631
20631
20634
20637
20637
20643
20652
20652
20652
20655
20658
20658
20661
20664
20667
20670
20676
20682
20682
20682
20682
20685
20685
20685
20688
20688
20691
20691
20694
20697
20697
20706
20709
20709
20715
20724
20727
20727
20733
20736
20736
20742
20754
20754
20763
20772
20778
20778
20787
20787
20793
20793
20793
20793
20796
20796
20799
20802
20808
20808
20811
20811
20817
20820
20823
20823
20823
20826
20838
20844
20856
20856
20856
20856
20859
20865
20868
20868
20868
20871
20877
20883
20892
20895
20895
20898
20901
20904
20910
20913
20916
20919
20922
20925
20925
20934
20937
20937
20940
20940
20946
20946
20949
20949
20952
20952
20952
20952
20958
20958
20961
20964
20967
20967
20973
20973
20985
20988
20988
20991
20991
20997
21003
21012
21015
21015
21027
21036
21039
21039
21042
21042
21048
21048
21060
21063
21069
21075
21081
21084
21084
21084
21096
21096
21096
21096
21099
21102
21102
21102
21105
21105
21105
21108
21111
21111
21111
21111
21120
21120
21120
21123
21123
21126
21129
21132
21132
21138
21138
21144
21150
21150
21150
21165
21165
21168
21171
21171
21171
21186
21186
21189
21189
21189
21192
21198
21207
21207
21207
21207
21210
21210
21213
21213
21216
21216
21216
21219
21222
21222
21225
21234
21243
21249
21252
21255
21258
21258
21264
21270
21270
21273
21273
21276
21276
21276
21276
21276
21279
21288
21300
21303
21306
21306
21312
21312
21315
21315
21318
21318
21321
21321
21324
21324
21327
21330
21333
21336
21342
21345
21351
21354
21354
21357
21369
21369
21372
21372
21372
21375
21375
21378
21381
21387
21393
21396
21405
21411
21411
21414
21420
21432
21438
21438
21441
21441
21441
21453
21456
21468
21477
21480
21480
21483
21492
21492
21498
21501
21501
21510
21513
21513
21519
21519
21522
21522
21522
21528
21528
21534
21534
21537
21540
21540
21543
21546
21549
21549
21552
21558
21558
21561
21564
21567
21570
21570
21570
21573
21573
21576
21579
21579
21582
21588
21591
21594
21594
21597
21597
21597
21600
21600
21600
21603
21618
21624
21627
21627
21636
21639
21639
21645
21645
21645
21651
21654
21657
21663
21669
21669
21675
21675
21678
21681
21681
21684
21687
21696
21702
21708
21714
21717
21720
21723
21726
21729
21729
21738
21741
21747
21747
21747
21753
21756
21762
21765
21777
21786
21789
21795
21798
21798
21801
21801
21813
21813
21813
21813
21816
21822
21822
21828
21831
21831
21840
21840
21840
21843
21846
21849
21849
21861
21864
21867
21867
21876
21876
21879
21888
21891
21891
21891
21894
21894
21897
21900
21909
21912
21915
21921
21921
21924
21927
21927
21930
21933
21936
21939
21942
21945
21951
21957
21960
21960
21960
21966
21972
21975
21975
21978
21981
21981
21981
21987
21990
21996
22005
22005
22011
22011
22011
22011
22014
22017
22017
22017
22026
22029
22038
22038
22038
22041
22044
22047
22047
22050
22056
22059
22059
22071
22074
22077
22083
22083
22083
22089
22089
22095
22101
22101
22104
22107
22110
22116
22116
22119
22119
22122
22128
22137
22140
22143
22143
22143
22146
22149
22152
22155
22158
22158
22170
22176
22185
22188
22188
22194
22197
22200
22212
22212
22218
22218
22218
22224
22224
22224
22227
22230
22230
22233
22233
22236
22239
22242
22245
22248
22251
22251
22254
22257
22260
22269
22272
22275
22278
22281
22281
22284
22293
22293
22293
22299
22299
22299
22299
22299
22305
22314
22314
22320
22320
22323
22332
22332
22335
22338
22347
22353
22353
22359
22362
22368
22371
22374
22377
22380
22380
22386
22386
22389
22389
22401
22404
22404
22410
22413
22416
22416
22416
22419
22425
22425
22428
22434
22437
22446
22449
22449
22449
22449
22449
22455
22458
22461
22467
22467
22470
22470
22470
22473
22479
22479
22479
22482
22482
22488
22488
22491
22491
22491
22491
22494
22494
22497
22497
22500
22500
22503
22506
22509
22509
22509
22512
22512
22512
22515
22518
22521
22524
22524
22527
22527
22536
22536
22536
22539
22548
22548
22548
22566
22566
22572
22572
22584
22587
22593
22593
22596
22599
22602
22602
22602
22605
22605
22608
22608
22611
22611
22611
22611
22614
22614
22614
22629
22632
22641
22644
22647
22653
22662
22665
22665
22665
22671
22671
22677
22680
22683
22689
22689
22692
22692
22695
22698
22698
22701
22704
22710
22713
22719
22722
22725
22734
22734
22740
22746
22746
22749
22749
22758
22758
22761
22764
22770
22773
22776
22779
22779
22782
22788
22788
22791
22800
22803
22806
22809
22812
22815
22818
22818
22821
22821
22827
22830
22830
22836
22845
22848
22851
22851
22854
22857
22857
22863
22863
22863
22863
22869
22869
22881
22884
22890
22890
22890
22893
22896
22899
22905
22911
22914
22914
22917
22920
22920
22926
22929
22929
22929
22929
22932
22953
22956
22956
22956
22962
22962
22968
22971
22971
22977
22980
22980
22980
22980
22986
22986
22986
22989
22989
22992
22995
22995
22998
23001
23001
23001
23007
23007
23013
23016
23016
23025
23031
23037
23040
23046
23046
23055
23058
23061
23064
23067
23070
23070
23076
23076
23076
23076
23079
23085
23091
23094
23097
23097
23097
23100
23103
23106
23106
23109
23115
23124
23127
23130
23130
23130
23133
23133
23133
23142
23145
23145
23148
23148
23154
23154
23157
23160
23169
23169
23169
23172
23181
23187
23190
23193
23193
23196
23196
23196
23199
23202
23202
23205
23208
23208
23208
23217
23220
23223
23223
23229
23232
23235
23256
23259
23259
23259
23262
23262
23262
23268
23271
23271
23280
23286
23286
23289
23289
23292
23298
23301
23301
23304
23310
23310
23310
23310
23319
23328
23331
23340
23343
23349
23349
23352
23358
23358
23361
23361
23367
23367
23370
23370
23373
23376
23376
23376
23379
23379
23382
23385
23397
23400
23403
23406
23409
23412
23418
23421
23424
23424
23433
23436
23439
23442
23442
23448
23451
23454
23454
23469
23469
23481
23484
23490
23490
23490
23493
23496
23499
23502
23505
23508
23514
23520
23520
23523
23526
23529
23529
23529
23535
23535
23541
23547
23550
23556
23556
23562
23562
23562
23562
23568
23571
23571
23571
23571
23580
23583
23583
23586
23586
23586
23589
23592
23595
23595
23610
23610
23619
23628
23628
23628
23631
23631
23634
23634
23637
23640
23643
23643
23646
23655
23658
23658
23658
23664
23664
23664
23664
23670
23670
23670
23670
23676
23679
23679
23682
23697
23700
23700
23706
23712
23715
23718
23724
23724
23730
23742
23742
23745
23748
23748
23751
23757
23763
23766
23769
23772
23778
23787
23787
23790
23790
23793
23802
23802
23808
23808
23817
23823
23823
23832
23835
23835
23838
23847
23850
23850
23853
23862
23865
23865
23868
23871
23871
23874
23874
23874
23877
23877
23877
23892
23895
23907
23907
23910
23913
23913
23916
23916
23916
23916
23922
23928
23928
23931
23937
23940
23940
23946
23949
23952
23958
23964
23964
23964
23967
23967
23973
23976
23982
23982
23988
23988
23991
23991
23991
23994
23997
23997
24000
24000
24003
24006
24006
24009
24009
24012
24012
24018
24021
24024
24027
24030
24045
24051
24054
24054
24054
24057
24057
24060
24066
24069
24069
24069
24078
24078
24078
24081
24081
24090
24090
24093
24093
24093
24093
24096
24099
24102
24102
24108
24108
24111
24111
24114
24114
24117
24129
24129
24132
24132
24138
24138
24138
24147
24150
24156
24159
24159
24159
24162
24165
24168
24174
24177
24177
24177
24180
24180
24183
24186
24186
24189
24192
24201
24201
24204
24207
24207
24207
24207
24207
24210
24213
24213
24219
24222
24225
24231
24231
24234
24234
24240
24240
24243
24246
24252
24258
24264
24267
24270
24282
24282
24282
24282
24282
24285
24288
24291
24294
24294
24297
24300
24300
24303
24306
24312
24312
24315
24321
24321
24321
24321
24321
24327
24333
24333
24336
24336
24342
24345
24348
24348
24348
24357
24357
24357
24360
24363
24363
24372
24372
24375
24384
24384
24387
24390
24390
24390
24393
24393
24396
24399
24399
24405
24408
24414
24414
24417
24423
24423
24432
24435
24438
24438
24438
24441
24441
24444
24453
24456
24459
24462
24465
24468
24468
24468
24468
24468
24477
24480
24489
24489
24492
24501
24504
24504
24507
24510
24510
24510
24513
24513
24519
24522
24522
24525
24525
24531
24537
24537
24540
24543
24543
24546
24546
24546
24555
24561
24564
24567
24567
24570
24570
24570
24594
24594
24594
24597
24600
24606
24606
24606
24615
24615
24615
24621
24627
24627
24639
24642
24645
24645
24645
24645
24648
24648
24651
24654
24657
24660
24660
24663
24666
24666
24669
24669
24672
24672
24684
24687
24696
24696
24696
24696
24696
24705
24708
24708
24714
24717
24720
24723
24726
24735
24759
24759
24759
24762
24765
24765
24768
24771
24771
24774
24774
24777
24780
24780
24780
24789
24789
24789
24810
24813
24813
24819
24822
24825
24825
24831
24834
24837
24840
24840
24855
24858
24861
24861
24864
24870
24873
24873
24876
24876
24879
24885
24885
24885
24885
24888
24888
24891
24894
24903
24903
24903
24909
24909
24915
24915
24915
24918
24924
24924
24927
24933
24933
24936
24942
24945
24945
24951
24951
24957
24960
24969
24969
24972
24972
24978
24990
24993
24996
24999
25005
25005
25005
25011
25011
25014
25014
25017
25017
25017
25017
25023
25023
25029
25035
25041
25044
25044
25047
25065
25071
25083
25086
25086
25089
25092
25095
25101
25101
25107
25110
25113
25113
25116
25122
25125
25125
25128
25128
25131
25134
25140
25146
25155
25158
25158
25161
25161
25164
25164
25167
25170
25176
25182
25182
25182
25182
25188
25191
25191
25197
25197
25197
25200
25203
25206
25206
25206
25206
25209
25215
25215
25215
25215
25218
25224
25227
25227
25233
25233
25233
25239
25242
25245
25245
25245
25248
25248
25251
25251
25254
25254
25254
25254
25263
25263
25263
25266
25272
25275
25275
25275
25278
25278
25281
25281
25281
25284
25284
25284
25287
25290
25290
25293
25302
25305
25311
25314
25317
25317
25320
25320
25326
25332
25332
25335
25338
25338
25341
25341
25341
25344
25347
25353
25353
25356
25356
25362
25362
25362
25365
25374
25374
25380
25383
25383
25383
25395
25395
25398
25398
25398
25398
25404
25407
25407
25410
25419
25422
25422
25422
25425
25434
25443
25443
25446
25449
25449
25452
25455
25455
25455
25458
25461
25461
25467
25479
25479
25482
25485
25488
25491
25494
25497
25497
25497
25503
25503
25503
25506
25506
25506
25512
25518
25518
25518
25521
25521
25527
25542
25542
25545
25545
25548
25551
25554
25557
25569
25572
25587
25596
25596
25602
25611
25611
25614
25614
25614
25617
25620
25623
25623
25629
25635
25638
25641
25644
25650
25659
25662
25665
25665
25665
25668
25671
25671
25674
25680
25680
25689
25695
25698
25698
25698
25698
25704
25707
25722
25722
25728
25731
25731
25734
25737
25737
25740
25749
25755
25755
25755
25755
25758
25758
25761
25773
25776
25779
25782
25788
25794
25800
25809
25809
25809
25812
25812
25815
25815
25818
25818
25818
25824
25824
25824
25830
25830
25833
25833
25833
25836
25836
25839
25842
25848
25854
25854
25854
25857
25860
25863
25863
25866
25869
25869
25869
25869
25869
25872
25875
25878
25881
25881
25884
25884
25884
25887
25890
25890
25893
25896
25899
25902
25902
25902
25905
25908
25911
25914
25920
25920
25920
25923
25926
25932
25932
25932
25953
25953
25956
25956
25959
25959
25962
25962
25962
25968
25968
25971
25980
25983
25983
25992
25992
25995
25998
26001
26007
26007
26007
26022
26022
26022
26025
26025
26028
26031
26031
26031
26034
26034
26037
26037
26040
26043
26046
26049
26052
26055
26055
26058
26061
26067
26070
26076
26079
26079
26082
26088
26097
26100
26103
26106
26109
26112
26115
26121
26124
26142
26142
26142
26148
26151
26151
26154
26154
26154
26154
26157
26163
26166
26169
26172
26175
26181
26184
26190
26190
26193
26193
26193
26196
26202
26205
26208
26217
26223
26235
26235
26241
26244
26247
26250
26250
26250
26253
26256
26256
26265
26277
26277
26277
26280
26283
26286
26286
26289
26292
26292
26295
26295
26298
26301
26304
26304
26310
26316
26319
26325
26325
26328
26331
26337
26340
26340
26340
26340
26340
26343
26346
26355
26358
26358
26364
26364
26367
26367
26370
26370
26373
26379
26382
26382
26400
26400
26406
26406
26412
26412
26412
26415
26421
26424
26424
26427
26430
26430
26433
26433
26436
26442
26451
26454
26460
26460
26460
26466
26469
26469
26469
26475
26475
26478
26481
26484
26487
26487
26487
26490
26493
26505
26514
26517
26520
26529
26535
26535
26538
26541
26541
26541
26547
26550
26550
26550
26550
26550
26553
26556
26556
26556
26559
26565
26574
26574
26580
26583
26583
26586
26586
26589
26589
26592
26595
26595
26595
26595
26595
26601
26601
26607
26610
26613
26616
26625
26625
26628
26637
26637
26640
26640
26643
26643
26646
26646
26646
26652
26652
26664
26664
26664
26673
26679
26682
26682
26685
26685
26691
26694
26694
26697
26706
26718
26721
26724
26724
26730
26730
26736
26742
26742
26748
26748
26751
26751
26751
26754
26757
26757
26763
26766
26769
26769
26769
26775
26778
26781
26787
26799
26802
26802
26814
26817
26820
26823
26826
26826
26826
26829
26832
26838
26844
26850
26856
26856
26859
26859
26862
26862
26862
26862
26868
26871
26871
26871
26871
26874
26874
26880
26883
26886
26895
26898
26901
26901
26901
26901
26904
26910
26910
26910
26913
26916
26916
26922
26928
26928
26931
26931
26931
26937
26940
26952
26952
26970
26970
26970
26973
26976
26982
26985
26985
26988
26988
26994
27006
27015
27018
27021
27021
27021
27030
27033
27036
27036
27039
27042
27045
27048
27048
27054
27054
27054
27063
27066
27072
27078
27081
27084
27090
27090
27093
27096
27099
27105
27108
27114
27114
27117
27120
27123
27126
27126
27126
27132
27132
27141
27144
27144
27150
27153
27153
27159
27159
27171
27171
27174
27183
27186
27186
27186
27201
27201
27204
27204
27207
27207
27210
27210
27213
27216
27243
27243
27246
27246
27249
27252
27255
27255
27261
27261
27264
27270
27273
27273
27279
27279
27282
27282
27285
27288
27288
27291
27294
27294
27297
27297
27300
27303
27309
27318
27321
27321
27327
27327
27330
27333
27333
27336
27342
27351
27351
27351
27357
27357
27366
27369
27372
27378
27378
27378
27384
27387
27390
27390
27405
27408
27411
27414
27414
27414
27423
27432
27432
27432
27435
27438
27441
27444
27444
27447
27453
27459
27459
27462
27462
27468
27471
27474
27477
27480
27483
27483
27483
27489
27492
27504
27507
27507
27510
27510
27516
27516
27516
27522
27528
27531
27534
27537
27546
27549
27552
27555
27564
27567
27567
27570
27573
27573
27579
27582
27585
27585
27588
27597
27600
27600
27606
27606
27612
27615
27618
27621
27624
27627
27633
27639
27639
27639
27645
27645
27648
27660
27663
27663
27666
27669
27672
27675
27678
27678
27684
27684
27693
27696
27696
27699
27702
27702
27702
27702
27705
27705
27708
27714
27714
27717
27717
27720
27720
27720
27723
27723
27726
27747
27750
27753
27753
27759
27759
27762
27771
27771
27777
27777
27777
27780
27780
27795
27801
27801
27801
27804
27810
27813
27819
27822
27825
27825
27831
27837
27846
27846
27846
27849
27849
27849
27855
27858
27861
27861
27864
27867
27870
27873
27876
27876
27876
27876
27876
27882
27882
27885
27885
27888
27888
27888
27897
27897
27900
27900
27900
27900
27906
27912
27912
27912
27918
27921
27924
27924
27930
27933
27942
27945
27945
27948
27948
27951
27951
27957
27963
27963
27969
27969
27969
27969
27972
27972
27975
27975
27978
27978
27978
27981
27981
27984
27990
27996
27999
28002
28005
28011
28011
28011
28014
28017
28017
28020
28020
28029
28029
28038
28041
28050
28050
28050
28059
28059
28065
28071
28071
28074
28074
28074
28080
28089
28089
28095
28095
28098
28098
28101
28101
28101
28107
28110
28119
28122
28125
28125
28131
28131
28137
28140
28143
28143
28152
28155
28155
28161
28167
28170
28173
28173
28173
28179
28179
28179
28185
28188
28188
28194
28197
28197
28203
28206
28209
28209
28212
28215
28215
28215
28224
28224
28227
28230
28236
28242
28242
28248
28251
28251
28260
28266
28278
28278
28281
28281
28284
28284
28284
28284
28287
28290
28290
28293
28293
28293
28296
28296
28296
28305
28305
28320
28320
28323
28332
28332
28335
28341
28341
28344
28353
28353
28356
28359
28362
28365
28377
28380
28383
28386
28386
28392
28395
28395
28395
28401
28413
28413
28413
28416
28419
28428
28431
28434
28440
28443
28443
28458
28461
28464
28470
28473
28476
28476
28482
28485
28491
28491
28494
28500
28500
28500
28500
28503
28506
28506
28509
28512
28515
28518
28521
28521
28524
28527
28527
28530
28542
28551
28554
28554
28554
28554
28557
28560
28563
28566
28566
28572
28572
28572
28578
28578
28578
28581
28584
28584
28587
28590
28593
28593
28599
28605
28605
28608
28611
28614
28614
28617
28617
28617
28617
28626
28629
28632
28632
28635
28635
28635
28641
28644
28644
28650
28656
28662
28665
28668
28677
28677
28680
28686
28692
28692
28695
28698
28701
28701
28707
28707
28713
28713
28713
28716
28722
28728
28734
28737
28737
28740
28740
28743
28746
28746
28746
28749
28752
28761
28767
28767
28767
28773
28779
28779
28785
28794
28800
28806
28809
28809
28812
28812
28812
28815
28821
28827
28830
28836
28839
28842
28842
28845
28848
28854
28854
28857
28863
28869
28872
28875
28884
28887
28893
28893
28893
28899
28899
28902
28902
28905
28905
28908
28911
28917
28920
28923
28932
28935
28938
28944
28947
28950
28950
28956
28959
28968
28977
28977
28983
28986
28992
28998
29007
29007
29016
29019
29019
29019
29022
29025
29025
29025
29025
29028
29031
29031
29034
29034
29037
29040
29040
29040
29043
29046
29046
29049
29049
29049
29049
29055
29067
29085
29088
29103
29103
29112
29115
29118
29118
29118
29127
29133
29142
29145
29148
29154
29157
29160
29160
29160
29160
29163
29166
29169
29172
29175
29184
29187
29196
29199
29199
29205
29205
29211
29217
29226
29229
29238
29241
29244
29247
29253
29265
29268
29271
29274
29280
29280
29286
29286
29289
29292
29292
29295
29295
29301
29310
29313
29316
29316
29319
29319
29322
29328
29328
29331
29334
29334
29340
29340
29343
29346
29349
29349
29352
29352
29352
29355
29361
29364
29367
29376
29382
29388
29391
29394
29406
29406
29409
29421
29424
29427
29430
29430
29433
29433
29433
29436
29442
29445
29445
29445
29445
29445
29451
29454
29454
29460
29466
29472
29475
29475
29478
29478
29481
29490
29493
29493
29493
29493
29496
29496
29499
29499
29499
29505
29505
29508
29514
29520
29523
29523
29523
29526
29532
29535
29541
29544
29544
29544
29562
29568
29574
29580
29580
29583
29589
29589
29592
29595
29598
29601
29607
29613
29625
29628
29628
29628
29628
29631
29646
29646
29649
29652
29652
29652
29655
29655
29667
29676
29679
29685
29685
29685
29691
29694
29694
29700
29703
29703
29706
29706
29709
29712
29712
29715
29718
29718
29724
29724
29733
29733
29736
29739
29745
29748
29748
29751
29751
29751
29754
29754
29757
29760
29760
29763
29766
29766
29769
29769
29772
29772
29781
29781
29781
29784
29793
29793
29796
29796
29802
29808
29814
29814
29817
29829
29832
29835
29838
29838
29841
29844
29844
29847
29850
29850
29859
29862
29868
29871
29877
29880
29880
29880
29886
29892
29895
29898
29901
29901
29904
29904
29907
29925
29925
29928
29934
29934
29937
29940
29943
29943
29943
29946
29946
29952
29952
29958
29958
29961
29964
29967
29970
29982
29988
30003
30003
30012
30015
30015
30021
30024
30024
30024
30030
30030
30033
30036
30036
30036
30036
30036
30039
30042
30051
30051
30051
30051
30054
30054
30057
30057
30057
30057
30060
30060
30063
30066
30081
30081
30081
30081
30084
30084
30096
30102
30108
30111
30111
30111
30117
30117
30120
30123
30123
30126
30129
30138
30141
30147
30150
30153
30156
30159
30159
30159
30159
30159
30159
30165
30168
30168
30171
30174
30177
30183
30189
30192
30192
30198
30201
30204
30210
30216
30219
30222
30222
30225
30225
30225
30228
30228
30231
30231
30231
30234
30237
30246
30249
30255
30258
30258
30264
30270
30276
30276
30279
30279
30282
30288
30288
30291
30291
30297
30297
30306
30321
30321
30321
30324
30327
30330
30336
30339
30342
30345
30348
30348
30348
30351
30354
30354
30357
30360
30360
30363
30363
30366
30366
30369
30369
30369
30369
30372
30375
30375
30375
30378
30381
30381
30384
30384
30384
30384
30384
30387
30387
30393
30402
30405
30405
30405
30408
30420
30426
30426
30429
30432
30441
30447
30453
30453
30456
30456
30459
30459
30474
30477
30480
30480
30483
30483
30489
30498
30501
30501
30504
30507
30510
30513
30513
30513
30516
30516
30516
30516
30516
30519
30519
30522
30531
30531
30531
30534
30537
30540
30540
30540
30543
30543
30543
30552
30558
30561
30564
30567
30573
30576
30576
30576
30582
30585
30585
30588
30588
30591
30591
30594
30606
30609
30615
30618
30618
30621
30627
30633
30636
30639
30639
30642
30645
30648
30651
30651
30654
30657
30660
30666
30669
30675
30675
30675
30678
30684
30687
30687
30690
30690
30693
30696
30699
30705
30705
30708
30720
30720
30720
30723
30723
30726
30732
30732
30735
30738
30738
30741
30744
30750
30750
30753
30753
30753
30756
30759
30759
30762
30762
30762
30765
30771
30774
30774
30777
30777
30780
30780
30783
30786
30792
30795
30798
30798
30804
30807
30807
30807
30807
30810
30816
30816
30819
30825
30825
30828
30828
30828
30831
30837
30840
30840
30843
30852
30858
30861
30864
30864
30867
30870
30876
30876
30876
30879
30879
30882
30888
30891
30897
30900
30903
30906
30906
30909
30912
30915
30915
30918
30921
30924
30927
30930
30933
30933
30936
30939
30945
30948
30951
30954
30957
30963
30966
30969
30969
30969
30969
30969
30975
30975
30975
30975
30981
30987
30987
30987
30990
30993
30993
31002
31002
31005
31008
31011
31011
31014
31017
31017
31017
31020
31029
31032
31035
31035
31038
31041
31047
31050
31050
31056
31059
31062
31074
31080
31083
31083
31086
31092
31095
31101
31101
31107
31110
31110
31110
31113
31116
31122
31122
31122
31125
31125
31128
31131
31134
31137
31137
31137
31140
31143
31143
31143
31146
31146
31146
31146
31155
31164
31167
31167
31173
31182
31182
31182
31188
31188
31188
31191
31197
31200
31200
31209
31209
31215
31218
31221
31227
31227
31227
31233
31236
31236
31239
31242
31251
31251
31251
31251
31263
31266
31266
31269
31275
31275
31278
31278
31284
31284
31287
31287
31290
31290
31293
31293
31302
31305
31308
31311
31317
31320
31320
31320
31326
31329
31332
31335
31335
31347
31353
31365
31371
31374
31377
31377
31380
31383
31386
31389
31392
31401
31401
31404
31404
31407
31410
31413
31416
31419
31422
31428
31440
31440
31443
31449
31449
31449
31452
31461
31464
31467
31470
31470
31473
31476
31482
31488
31497
31500
31503
31506
31509
31512
31512
31521
31521
31524
31524
31524
31530
31536
31536
31536
31545
31545
31545
31545
31551
31554
31554
31557
31557
31560
31560
31560
31566
31569
31572
31572
31581
31584
31584
31590
31590
31590
31593
31596
31599
31599
31608
31611
31611
31614
31617
31617
31617
31620
31620
31623
31626
31626
31626
31629
31629
31632
31635
31635
31638
31638
31644
31644
31644
31647
31650
31653
31653
31653
31665
31665
31668
31674
31677
31677
31680
31683
31686
31689
31689
31692
31692
31695
31704
31707
31707
31710
31716
31719
31719
31725
31725
31728
31728
31734
31737
31740
31743
31746
31752
31752
31755
31761
31761
31770
31770
31773
31773
31773
31776
31779
31779
31779
31782
31782
31785
31788
31788
31791
31809
31809
31812
31815
31818
31821
31827
31830
31833
31836
31836
31836
31842
31848
31860
31866
31869
31872
31875
31875
31881
31881
31884
31887
31890
31893
31896
31899
31902
31902
31902
31905
31905
31908
31908
31914
31917
31917
31920
31923
31923
31923
31926
31929
31935
31938
31941
31947
31950
31950
31953
31959
31962
31965
31968
31971
31971
31971
31971
31974
31974
31974
31977
31989
31995
31998
31998
32001
32001
32004
32004
32004
32004
32007
32010
32016
32019
32019
32019
32022
32025
32028
32028
32040
32043
32049
32055
32058
32064
32070
32070
32079
32085
32088
32094
32097
32097
32100
32100
32103
32103
32103
32106
32106
32109
32109
32109
32109
32109
32109
32112
32115
32115
32118
32118
32127
32130
32130
32133
32136
32142
32142
32148
32148
32157
32169
32169
32175
32181
32181
32181
32181
32184
32187
32187
32193
32199
32199
32199
32202
32205
32205
32208
32208
32208
32211
32211
32214
32217
32217
32220
32220
32226
32232
32235
32241
32241
32247
32250
32253
32253
32253
32256
32256
32259
32259
32259
32259
32262
32265
32265
32274
32280
32295
32298
32301
32301
32307
32313
32319
32322
32322
32325
32325
32325
32325
32328
32328
32328
32328
32331
32334
32358
32358
32364
32379
32391
32394
32394
32397
32400
32403
32403
32412
32415
32424
32424
32427
32427
32427
32427
32430
32433
32433
32436
32436
32436
32442
32445
32448
32451
32454
32457
32460
32460
32463
32463
32463
32466
32478
32478
32487
32487
32487
32490
32493
32505
32505
32511
32514
32514
32520
32520
32532
32535
32535
32535
32538
32541
32544
32547
32556
32556
32559
32565
32565
32568
32568
32571
32571
32571
32577
32580
32580
32583
32583
32595
32595
32601
32601
32601
32604
32613
32613
32613
32616
32616
32616
32619
32625
32634
32634
32634
32637
32637
32637
32637
32637
32640
32643
32649
32649
32652
32652
32655
32655
32658
32664
32664
32667
32670
32676
32679
32679
32682
32688
32694
32694
32700
32706
32706
32709
32709
32715
32715
32721
32727
32730
32730
32730
32733
32733
32739
32748
32748
32751
32754
32757
32763
32766
32769
32769
32772
32772
32781
32781
32790
32790
32790
32802
32808
32808
32814
32814
32817
32817
32817
32820
32823
32823
32823
32838
32841
32841
32847
32850
32856
32862
32871
32874
32877
32880
32880
32880
32889
32892
32892
32895
32904
32904
32913
32913
32925
32931
32931
32934
32934
32937
32937
32940
32943
32946
32952
32955
32955
32955
32958
32958
32961
32964
32967
32970
32976
32982
32982
32982
32985
32988
32991
32991
32991
32994
32994
33006
33006
33009
33009
33009
33012
33015
33015
33030
33039
33045
33048
33051
33057
33057
33057
33063
33063
33063
33075
33081
33081
33087
33090
33096
33096
33096
33096
33096
33102
33105
33108
33108
33108
33111
33114
33114
33114
33117
33117
33120
33123
33126
33126
33129
33132
33144
33150
33156
33156
33156
33159
33159
33162
33165
33165
33165
33168
33171
33171
33171
33174
33174
33177
33177
33189
33192
33192
33192
33192
33195
33195
33198
33210
33210
33216
33219
33222
33225
33228
33228
33231
33234
33237
33237
33240
33246
33249
33258
33261
33264
33264
33264
33267
33267
33270
33273
33282
33282
33285
33285
33288
33288
33291
33300
33300
33300
33303
33303
33309
33309
33309
33312
33318
33321
33321
33321
33324
33327
33333
33342
33345
33348
33348
33348
33348
33351
33354
33360
33360
33366
33369
33369
33372
33372
33381
33381
33384
33384
33384
33387
33390
33393
33396
33399
33399
33405
33408
33408
33411
33414
33414
33417
33423
33423
33423
33423
33426
33432
33432
33435
33447
33453
33453
33453
33459
33462
33462
33465
33465
33465
33468
33468
33471
33474
33477
33477
33477
33483
33489
33495
33495
33498
33498
33501
33504
33504
33510
33513
33516
33519
33519
33522
33525
33525
33525
33531
33543
33546
33549
33549
33552
33552
33555
33555
33561
33561
33567
33570
33582
33600
33603
33603
33609
33612
33618
33624
33624
33630
33633
33639
33642
33642
33645
33648
33648
33651
33654
33657
33657
33657
33660
33663
33666
33666
33669
33672
33672
33678
33678
33678
33681
33681
33684
33684
33687
33687
33690
33696
33699
33714
33714
33720
33720
33729
33732
33735
33741
33744
33747
33750
33753
33753
33762
33762
33762
33762
33762
33762
33765
33768
33768
33771
33777
33777
33777
33780
33780
33783
33786
33789
33792
33792
33792
33798
33810
33816
33825
33825
33831
33831
33837
33840
33843
33846
33852
33855
33864
33867
33867
33867
33867
33873
33888
33897
33897
33900
33900
33903
33906
33906
33909
33921
33927
33933
33936
33936
33936
33936
33951
33951
33951
33957
33960
33960
33960
33966
33969
33969
33972
33981
33984
33990
33993
33999
34002
34002
34005
34005
34005
34008
34011
34014
34014
34020
34023
34026
34026
34026
34026
34029
34032
34041
34041
34044
34044
34047
34047
34050
34050
34056
34059
34062
34062
34062
34065
34080
34083
34092
34098
34101
34104
34104
34113
34125
34125
34128
34128
34134
34137
34140
34143
34143
34146
34152
34158
34158
34158
34158
34161
34161
34164
34164
34164
34170
34173
34176
34185
34188
34191
34194
34200
34206
34209
34212
34212
34221
34224
34224
34230
34230
34230
34233
34236
34236
34239
34242
34245
34248
34254
34272
34278
34278
34278
34281
34287
34296
34299
34302
34305
34305
34317
34317
34320
34323
34329
34329
34335
34338
34341
34344
34344
34344
34347
34347
34347
34350
34350
34353
34353
34356
34362
34365
34368
34371
34371
34377
34380
34380
34386
34386
34389
34389
34392
34395
34398
34398
34401
34401
34404
34404
34404
34404
34410
34413
34416
34416
34416
34419
34425
34428
34428
34434
34437
34440
34455
34455
34455
34458
34458
34458
34467
34467
34476
34476
34479
34488
34488
34494
34497
34500
34503
34506
34506
34509
34515
34524
34530
34530
34533
34533
34533
34536
34539
34539
34539
34542
34545
34545
34566
34566
34572
34575
34578
34581
34581
34587
34590
34590
34596
34605
34614
34614
34620
34626
34635
34635
34638
34638
34641
34647
34653
34653
34656
34656
34662
34662
34662
34665
34665
34668
34668
34668
34671
34671
34674
34680
34683
34683
34692
34692
34692
34701
34704
34713
34713
34716
34716
34722
34728
34731
34734
34737
34752
34752
34755
34758
34761
34764
34764
34770
34779
34779
34779
34779
34782
34782
34782
34785
34788
34788
34791
34794
34797
34797
34800
34803
34812
34812
34818
34818
34821
34821
34827
34827
34830
34842
34848
34848
34851
34851
34857
34860
34860
34863
34866
34869
34875
34878
34878
34884
34887
34887
34893
34893
34893
34896
34896
34902
34908
34908
34908
34914
34917
34920
34926
34941
34944
34944
34947
34947
34950
34956
34959
34959
34965
34965
34965
34971
34971
34974
34977
34977
34980
34986
34989
34992
34992
34998
34998
35001
35001
35001
35004
35007
35007
35010
35010
35010
35016
35019
35028
35037
35043
35043
35043
35043
35046
35046
35046
35046
35049
35052
35055
35055
35055
35055
35061
35064
35064
35070
35070
35073
35076
35076
35079
35082
35082
35085
35091
35091
35094
35097
35100
35103
35103
35103
35106
35112
35112
35112
35112
35115
35115
35115
35115
35124
35130
35130
35136
35136
35142
35151
35157
35160
35163
35166
35169
35172
35178
35178
35178
35181
35181
35187
35187
35187
35193
35193
35196
35199
35202
35205
35214
35214
35223
35223
35226
35226
35229
35229
35232
35235
35235
35235
35235
35244
35247
35250
35250
35253
35256
35256
35256
35256
35262
35262
35265
35268
35271
35271
35277
35277
35283
35289
35292
35292
35298
35298
35298
35298
35301
35304
35304
35304
35304
35304
35310
35313
35313
35316
35319
35322
35325
35328
35328
35340
35343
35343
35346
35346
35352
35358
35364
35370
35370
35370
35370
35370
35373
35376
35379
35379
35382
35385
35388
35391
35397
35400
35406
35415
35418
35424
35424
35427
35430
35433
35439
35448
35448
35451
35451
35457
35460
35460
35463
35469
35469
35469
35469
35475
35475
35487
35487
35493
35493
35496
35505
35505
35511
35514
35517
35520
35526
35526
35535
35535
35538
35541
35541
35550
35553
35553
35559
35559
35559
35565
35568
35571
35577
35580
35580
35586
35589
35589
35595
35595
35604
35604
35607
35610
35613
35616
35619
35625
35628
35628
35631
35631
35631
35634
35637
35646
35652
35652
35655
35661
35667
35670
35676
35676
35682
35682
35682
35682
35688
35688
35691
35691
35694
35694
35697
35700
35700
35703
35706
35709
35712
35721
35724
35724
35724
35727
35733
35736
35739
35742
35742
35745
35745
35745
35748
35751
35757
35763
35763
35769
35772
35772
35772
35772
35775
35775
35775
35781
35781
35787
35787
35793
35796
35808
35811
35811
35814
35814
35817
35820
35823
35823
35826
35826
35832
35835
35835
35835
35841
35841
35841
35844
35844
35853
35853
35853
35856
35856
35859
35868
35868
35868
35880
35889
35892
35895
35901
35907
35910
35913
35922
35922
35925
35925
35928
35931
35931
35931
35931
35940
35943
35949
35952
35955
35961
35964
35967
35967
35967
35970
35970
35973
35976
35979
35982
35982
35982
35982
35985
35988
35991
35991
36000
36000
36003
36006
36006
36012
36012
36015
36018
36021
36021
36021
36024
36024
36027
36030
36033
36039
36042
36045
36045
36045
36054
36063
36066
36066
36069
36069
36069
36084
36087
36090
36093
36096
36099
36102
36108
36114
36117
36120
36126
36129
36129
36135
36135
36135
36135
36138
36141
36153
36153
36153
36153
36153
36156
36156
36159
36162
36162
36165
36168
36171
36171
36174
36174
36177
36180
36180
36186
36189
36195
36201
36207
36213
36213
36216
36219
36222
36228
36246
36246
36252
36252
36252
36252
36252
36267
36267
36273
36273
36276
36279
36282
36282
36282
36285
36291
36291
36294
36300
36303
36303
36306
36318
36318
36321
36327
36330
36333
36333
36336
36345
36348
36351
36354
36357
36360
36366
36366
36366
36372
36372
36375
36378
36381
36384
36384
36390
36393
36396
36399
36399
36399
36402
36402
36411
36417
36420
36420
36420
36420
36423
36426
36426
36438
36441
36441
36444
36447
36450
36450
36465
36471
36474
36474
36477
36480
36480
36483
36483
36486
36489
36492
36492
36498
36498
36504
36510
36516
36531
36531
36546
36555
36558
36567
36573
36582
36585
36585
36585
36588
36588
36591
36597
36597
36597
36606
36609
36615
36618
36621
36630
36630
36630
36633
36636
36636
36636
36639
36645
36648
36651
36654
36660
36663
36663
36666
36669
36669
36672
36675
36678
36681
36681
36687
36690
36690
36693
36693
36696
36699
36699
36702
36702
36708
36708
36711
36714
36714
36723
36723
36726
36729
36732
36735
36741
36741
36750
36756
36759
36762
36765
36765
36771
36771
36771
36777
36780
36780
36789
36789
36795
36798
36801
36807
36807
36807
36813
36813
36816
36816
36822
36825
36825
36828
36828
36828
36828
36831
36831
36834
36837
36837
36840
36840
36843
36855
36861
36861
36870
36870
36873
36876
36879
36879
36882
36882
36891
36891
36894
36897
36897
36897
36900
36903
36906
36909
36909
36912
36912
36915
36924
36939
36942
36945
36945
36951
36960
36963
36966
36972
36972
36978
36981
36984
36987
36987
36987
36987
36990
36993
37002
37008
37011
37014
37017
37017
37026
37032
37032
37041
37050
37053
37053
37059
37062
37062
37065
37074
37083
37086
37086
37086
37089
37095
37101
37101
37107
37113
37116
37122
37125
37128
37131
37131
37137
37137
37137
37137
37143
37143
37146
37152
37155
37158
37158
37167
37176
37179
37182
37182
37182
37185
37185
37188
37191
37194
37197
37200
37203
37206
37215
37215
37221
37221
37224
37227
37242
37251
37254
37263
37266
37269
37269
37278
37281
37284
37287
37293
37293
37293
37299
37299
37305
37305
37308
37311
37314
37317
37317
37317
37320
37320
37323
37323
37326
37329
37329
37335
37335
37344
37350
37353
37359
37362
37371
37374
37374
37374
37377
37377
37383
37389
37392
37392
37398
37401
37401
37401
37407
37410
37413
37413
37416
37419
37428
37431
37434
37440
37440
37443
37443
37449
37452
37455
37455
37455
37458
37461
37467
37467
37470
37485
37485
37485
37488
37491
37494
37497
37497
37500
37503
37503
37503
37503
37506
37509
37509
37509
37512
37518
37524
37527
37530
37536
37536
37536
37539
37545
37563
37566
37566
37569
37572
37575
37584
37587
37590
37590
37596
37596
37599
37608
37608
37614
37614
37617
37617
37620
37620
37620
37623
37626
37629
37629
37638
37638
37647
37653
37653
37653
37659
37662
37662
37668
37674
37677
37677
37680
37683
37683
37689
37689
37689
37695
37695
37698
37701
37701
37710
37713
37713
37722
37731
37734
37740
37746
37749
37752
37755
37755
37758
37761
37761
37761
37767
37767
37770
37770
37773
37773
37782
37785
37788
37788
37788
37791
37791
37791
37797
37800
37800
37800
37803
37806
37809
37809
37809
37812
37827
37827
37827
37833
37839
37839
37839
37842
37845
37848
37854
37854
37860
37860
37860
37863
37866
37866
37866
37866
37875
37878
37878
37878
37881
37881
37899
37908
37911
37917
37917
37917
37917
37920
37923
37923
37923
37923
37935
37935
37935
37941
37941
37944
37947
37947
37950
37956
37959
37965
37968
37968
37980
37983
37983
37983
37986
37986
37989
37992
37992
38001
38001
38004
38004
38007
38007
38007
38007
38007
38013
38016
38016
38019
38025
38025
38028
38031
38031
38034
38037
38043
38046
38049
38049
38052
38055
38055
38055
38058
38058
38061
38067
38070
38082
38082
38091
38091
38094
38097
38103
38112
38112
38112
38118
38127
38130
38130
38133
38133
38139
38154
38160
38160
38163
38166
38166
38172
38172
38175
38175
38178
38184
38193
38196
38196
38199
38199
38202
38202
38205
38211
38217
38217
38223
38223
38223
38226
38235
38238
38241
38241
38241
38244
38247
38250
38250
38250
38250
38253
38253
38256
38262
38262
38262
38265
38271
38277
38280
38280
38283
38286
38289
38292
38292
38298
38301
38310
38313
38313
38313
38316
38319
38319
38319
38322
38322
38322
38325
38328
38328
38331
38331
38337
38337
38337
38340
38343
38343
38349
38364
38364
38373
38376
38379
38385
38391
38391
38394
38394
38394
38394
38406
38409
38409
38415
38415
38415
38418
38424
38427
38436
38439
38442
38445
38451
38457
38460
38463
38478
38484
38484
38493
38493
38499
38502
38505
38505
38508
38517
38520
38520
38532
38535
38535
38541
38541
38541
38541
38553
38553
38553
38559
38559
38562
38568
38568
38571
38574
38583
38589
38598
38598
38607
38607
38607
38607
38619
38619
38619
38622
38628
38634
38634
38640
38646
38649
38649
38652
38655
38670
38676
38676
38676
38682
38682
38694
38694
38706
38706
38706
38709
38712
38712
38712
38712
38724
38730
38730
38733
38736
38739
38742
38748
38748
38751
38751
38754
38754
38754
38763
38769
38769
38772
38778
38784
38790
38793
38793
38796
38796
38796
38799
38799
38802
38802
38802
38805
38808
38814
38817
38826
38829
38829
38832
38832
38832
38838
38844
38847
38847
38847
38847
38847
38850
38859
38859
38865
38868
38868
38871
38871
38883
38889
38892
38892
38895
38913
38913
38916
38919
38922
38925
38925
38925
38925
38925
38928
38931
38931
38931
38934
38949
38949
38955
38958
38961
38964
38973
38976
38976
38979
38982
38985
38991
38994
38994
38997
38997
39003
39021
39021
39027
39030
39036
39036
39039
39042
39045
39045
39048
39051
39051
39063
39063
39063
39066
39069
39069
39069
39072
39075
39075
39081
39081
39084
39090
39093
39093
39096
39096
39096
39099
39102
39108
39108
39108
39117
39126
39132
39132
39132
39147
39147
39147
39150
39150
39153
39159
39159
39162
39177
39180
39183
39189
39192
39219
39219
39219
39222
39222
39222
39222
39225
39228
39231
39231
39237
39240
39243
39246
39246
39249
39255
39255
39264
39267
39273
39273
39276
39279
39282
39282
39285
39294
39294
39297
39297
39300
39303
39306
39306
39309
39309
39321
39324
39327
39330
39333
39333
39342
39348
39348
39351
39354
39357
39357
39363
39363
39369
39372
39372
39372
39381
39387
39402
39402
39405
39405
39408
39408
39411
39411
39411
39414
39417
39420
39429
39429
39432
39435
39435
39435
39438
39438
39447
39447
39447
39450
39459
39465
39465
39465
39465
39465
39468
39471
39471
39471
39477
39480
39480
39480
39483
39486
39492
39495
39495
39495
39501
39510
39513
39513
39516
39516
39519
39522
39543
39543
39549
39552
39552
39552
39552
39552
39552
39558
39564
39564
39570
39570
39573
39579
39582
39591
39594
39594
39594
39594
39603
39606
39606
39609
39609
39609
39609
39615
39618
39618
39618
39618
39621
39621
39624
39630
39639
39642
39654
39669
39675
39678
39678
39684
39690
39690
39696
39702
39711
39711
39717
39723
39726
39732
39735
39741
39747
39756
39762
39762
39768
39774
39774
39777
39777
39783
39783
39789
39792
39795
39795
39798
39801
39804
39804
39810
39810
39816
39822
39843
39846
39855
39858
39861
39861
39864
39870
39873
39873
39873
39879
39879
39882
39882
39885
39885
39888
39900
39903
39909
39909
39912
39912
39915
39930
39933
39936
39939
39939
39948
39951
39951
39954
39960
39960
39963
39975
39975
39981
39984
39984
39987
39990
39993
39999
40002
40005
40005
40008
40020
40020
40023
40026
40029
40035
40038
40038
40038
40041
40044
40044
40044
40047
40047
40065
40068
40083
40083
40089
40092
40092
40104
40104
40104
40107
40110
40113
40122
40122
40125
40128
40134
40137
40140
40143
40143
40146
40146
40152
40158
40158
40161
40164
40164
40170
40170
40176
40179
40182
40182
40185
40188
40191
40194
40194
40194
40200
40200
40203
40209
40209
40212
40221
40227
40230
40230
40233
40233
40236
40236
40239
40239
40242
40245
40245
40248
40248
40251
40254
40263
40266
40266
40269
40275
40278
40278
40278
40281
40284
40284
40284
40287
40296
40299
40305
40308
40311
40311
40314
40317
40320
40323
40332
40332
40335
40338
40338
40341
40344
40353
40359
40362
40365
40368
40368
40368
40368
40371
40371
40371
40377
40380
40380
40392
40392
40392
40392
40395
40398
40401
40404
40404
40407
40407
40416
40416
40428
40428
40434
40434
40440
40440
40440
40440
40446
40446
40452
40452
40455
40458
40458
40464
40470
40470
40473
40473
40476
40476
40476
40476
40479
40485
40485
40488
40488
40491
40494
40497
40497
40503
40509
40509
40512
40515
40518
40521
40524
40530
40539
40539
40542
40545
40545
40545
40548
40548
40554
40554
40560
40566
40566
40569
40569
40572
40572
40575
40575
40575
40578
40581
40581
40584
40587
40593
40593
40599
40602
40602
40602
40605
40605
40611
40611
40617
40620
40623
40626
40626
40626
40629
40629
40629
40635
40635
40647
40653
40659
40662
40665
40671
40674
40674
40677
40680
40683
40692
40698
40698
40698
40701
40701
40701
40704
40707
40707
40707
40710
40710
40713
40713
40713
40713
40719
40722
40725
40725
40728
40734
40740
40740
40743
40746
40746
40752
40752
40758
40767
40767
40770
40770
40773
40776
40785
40788
40788
40791
40794
40794
40806
40806
40818
40821
40824
40824
40827
40830
40833
40836
40836
40836
40839
40842
40845
40848
40848
40857
40860
40860
40863
40866
40872
40872
40875
40878
40878
40878
40881
40881
40884
40884
40890
40896
40896
40899
40908
40911
40911
40914
40914
40917
40920
40920
40920
40926
40935
40947
40953
40956
40962
40965
40965
40968
40971
40971
40974
40977
40980
40980
40980
40983
40986
40989
40998
40998
41004
41007
41013
41013
41019
41019
41022
41022
41025
41025
41034
41043
41043
41043
41043
41043
41046
41049
41049
41058
41061
41067
41070
41070
41073
41079
41079
41079
41088
41091
41094
41097
41097
41100
41103
41103
41106
41109
41112
41118
41121
41124
41127
41133
41133
41133
41139
41139
41145
41148
41154
41163
41166
41169
41172
41172
41175
41178
41202
41205
41208
41208
41208
41214
41214
41217
41217
41220
41223
41226
41229
41229
41238
41241
41244
41250
41250
41253
41256
41256
41256
41262
41265
41277
41280
41280
41283
41286
41292
41292
41298
41298
41298
41298
41298
41304
41304
41307
41307
41307
41310
41319
41331
41334
41337
41337
41337
41337
41340
41349
41349
41352
41352
41352
41355
41355
41355
41355
41358
41361
41361
41364
41367
41367
41367
41370
41373
41373
41373
41376
41379
41382
41388
41391
41397
41397
41403
41409
41412
41412
41412
41421
41427
41427
41430
41436
41436
41442
41442
41448
41448
41448
41454
41460
41460
41472
41478
41481
41481
41484
41484
41484
41484
41484
41487
41487
41493
41502
41502
41508
41508
41508
41511
41511
41511
41511
41526
41526
41529
41541
41541
41550
41553
41553
41559
41565
41568
41574
41574
41574
41577
41580
41580
41583
41589
41595
41595
41595
41601
41601
41604
41610
41610
41613
41613
41616
41616
41616
41619
41619
41625
41625
41628
41634
41634
41637
41640
41643
41643
41643
41646
41649
41652
41652
41652
41655
41655
41658
41661
41670
41694
41694
41697
41703
41706
41706
41706
41709
41712
41715
41721
41736
41739
41742
41745
41745
41748
41748
41751
41751
41754
41754
41760
41763
41766
41766
41769
41769
41772
41781
41784
41790
41793
41796
41799
41799
41802
41802
41805
41808
41814
41814
41817
41817
41817
41820
41820
41820
41823
41826
41826
41829
41829
41832
41832
41838
41838
41847
41850
41850
41856
41859
41862
41865
41868
41868
41871
41874
41877
41880
41880
41880
41883
41883
41886
41889
41898
41898
41901
41901
41904
41907
41907
41907
41907
41907
41910
41916
41919
41922
41934
41934
41937
41937
41940
41940
41946
41952
41952
41955
41958
41964
41967
41967
41970
41970
41970
41979
41982
41982
41985
41985
41985
41988
41988
41988
41991
41991
41994
41997
42003
42006
42006
42009
42009
42009
42012
42012
42015
42018
42018
42018
42018
42021
42024
42024
42024
42030
42033
42039
42039
42048
42048
42051
42051
42054
42054
42060
42063
42066
42069
42069
42069
42075
42075
42078
42078
42078
42081
42081
42084
42090
42090
42093
42096
42096
42102
42108
42108
42108
42111
42111
42114
42117
42126
42126
42129
42135
42135
42138
42147
42147
42153
42153
42156
42159
42165
42174
42177
42183
42201
42201
42210
42213
42216
42219
42219
42222
42225
42231
42234
42237
42246
42246
42252
42252
42258
42258
42264
42270
42270
42273
42282
42282
42285
42285
42291
42294
42297
42300
42300
42303
42309
42312
42315
42315
42321
42321
42327
42333
42333
42336
42336
42339
42339
42345
42348
42351
42357
42357
42357
42360
42369
42369
42372
42384
42384
42387
42390
42390
42390
42393
42396
42399
42402
42402
42408
42411
42411
42414
42417
42420
42423
42426
42429
42432
42435
42438
42438
42441
42444
42447
42447
42447
42450
42450
42450
42453
42459
42462
42462
42462
42465
42468
42471
42477
42480
42483
42483
42489
42492
42492
42495
42495
42498
42501
42504
42504
42504
42513
42516
42516
42522
42522
42525
42528
42534
42537
42537
42540
42540
42546
42549
42552
42555
42555
42558
42561
42570
42576
42579
42579
42582
42585
42585
42585
42585
42588
42588
42591
42591
42591
42591
42594
42597
42603
42612
42615
42618
42621
42621
42627
42627
42627
42630
42633
42633
42636
42642
42648
42654
42660
42660
42660
42663
42663
42669
42669
42672
42672
42672
42675
42675
42675
42678
42681
42681
42681
42684
42687
42690
42696
42702
42705
42711
42711
42714
42720
42720
42723
42726
42726
42741
42750
42759
42759
42768
42768
42771
42777
42777
42780
42780
42783
42786
42792
42795
42795
42795
42798
42804
42807
42807
42810
42810
42813
42816
42822
42822
42831
42834
42834
42834
42837
42837
42837
42840
42840
42846
42846
42852
42855
42855
42855
42867
42867
42870
42873
42873
42876
42879
42882
42885
42885
42888
42891
42897
42897
42897
42900
42903
42906
42909
42912
42915
42921
42921
42924
42924
42927
42930
42930
42933
42933
42942
42945
42957
42957
42957
42957
42963
42972
42972
42975
42975
42981
42984
42984
42993
42993
42999
43002
43002
43005
43005
43011
43011
43014
43017
43017
43017
43017
43020
43023
43026
43029
43029
43035
43035
43038
43038
43044
43047
43047
43050
43059
43059
43059
43059
43065
43065
43068
43071
43074
43074
43083
43092
43092
43092
43095
43098
43098
43101
43110
43110
43116
43116
43119
43119
43125
43125
43137
43137
43146
43149
43155
43155
43161
43164
43167
43170
43173
43176
43185
43185
43188
43191
43191
43194
43203
43203
43209
43212
43215
43215
43215
43218
43221
43227
43233
43233
43236
43248
43248
43257
43260
43263
43263
43263
43266
43266
43272
43275
43278
43278
43278
43284
43284
43287
43290
43293
43293
43299
43305
43305
43308
43311
43314
43317
43317
43317
43329
43335
43335
43335
43335
43338
43338
43341
43347
43350
43350
43356
43356
43362
43362
43362
43365
43365
43368
43371
43371
43374
43380
43383
43383
43395
43395
43395
43401
43407
43410
43413
43416
43422
43428
43428
43431
43431
43440
43443
43449
43452
43452
43455
43458
43458
43458
43458
43458
43461
43464
43464
43467
43470
43473
43473
43473
43473
43476
43476
43485
43485
43485
43488
43518
43518
43521
43524
43530
43539
43539
43545
43545
43548
43554
43554
43557
43557
43557
43563
43566
43566
43569
43569
43572
43575
43575
43575
43578
43584
43584
43584
43587
43587
43593
43596
43599
43602
43611
43611
43620
43620
43620
43620
43620
43623
43626
43626
43644
43644
43650
43650
43653
43653
43659
43677
43677
43680
43680
43683
43683
43683
43683
43686
43689
43689
43698
43698
43701
43707
43707
43710
43722
43728
43728
43731
43740
43743
43743
43746
43749
43755
43758
43758
43758
43761
43761
43764
43764
43767
43767
43776
43779
43782
43782
43788
43791
43794
43794
43797
43800
43800
43803
43806
43806
43806
43812
43821
43836
43839
43839
43839
43839
43845
43845
43851
43851
43851
43851
43854
43854
43857
43857
43860
43866
43869
43875
43881
43884
43893
43896
43899
43902
43905
43908
43911
43917
43917
43920
43920
43923
43929
43932
43932
43938
43941
43941
43941
43941
43947
43950
43950
43953
43953
43956
43959
43962
43962
43962
43968
43971
43977
43980
43980
43986
43986
43989
43989
43992
43998
43998
44001
44007
44010
44016
44016
44016
44022
44022
44028
44028
44028
44031
44040
44046
44046
44049
44049
44052
44052
44055
44055
44058
44061
44061
44064
44067
44067
44073
44079
44079
44082
44088
44091
44091
44091
44091
44094
44097
44100
44100
44103
44103
44103
44106
44112
44115
44121
44124
44130
44130
44142
44145
44148
44148
44154
44157
44157
44157
44163
44166
44166
44169
44172
44181
44181
44190
44190
44190
44196
44196
44199
44214
44223
44226
44232
44235
44238
44241
44259
44262
44262
44262
44265
44271
44277
44277
44280
44280
44283
44286
44286
44286
44286
44289
44292
44301
44304
44304
44316
44316
44319
44319
44319
44319
44322
44322
44325
44331
44331
44334
44337
44340
44346
44349
44352
44358
44358
44361
44364
44364
44370
44370
44370
44376
44379
44382
44385
44388
44400
44403
44403
44406
44415
44421
44424
44427
44436
44436
44436
44436
44436
44439
44439
44439
44448
44451
44454
44454
44457
44457
44457
44460
44463
44463
44466
44466
44478
44481
44484
44484
44487
44490
44490
44490
44496
44499
44499
44505
44514
44517
44517
44523
44529
44529
44532
44538
44538
44541
44544
44550
44550
44553
44559
44562
44571
44574
44577
44577
44577
44580
44583
44583
44586
44586
44589
44592
44595
44595
44604
44610
44616
44616
44619
44619
44622
44628
44634
44634
44637
44646
44646
44649
44649
44649
44649
44652
44655
44655
44655
44658
44661
44661
44661
44661
44664
44676
44679
44679
44688
44688
44694
44694
44697
44703
44709
44712
44712
44721
44721
44724
44724
44724
44727
44727
44727
44730
44739
44742
44742
44751
44754
44754
44754
44754
44757
44769
44772
44775
44778
44784
44784
44787
44787
44799
44799
44802
44802
44808
44808
44811
44814
44817
44823
44826
44826
44826
44829
44832
44832
44835
44838
44838
44838
44841
44841
44847
44847
44847
44853
44859
44859
44862
44862
44865
44868
44871
44871
44874
44874
44874
44880
44886
44886
44889
44892
44895
44898
44901
44904
44907
44907
44910
44916
44916
44919
44928
44928
44931
44937
44940
44946
44952
44952
44955
44955
44958
44970
44970
44982
44988
