16000
0
3
6
15
18
18
21
24
27
30
30
36
42
45
48
51
51
54
54
57
60
63
66
72
75
78
81
81
84
84
87
87
90
93
93
96
114
114
114
117
120
120
123
126
126
126
129
132
132
132
138
138
147
147
159
159
165
168
168
171
174
177
180
183
183
189
192
195
195
201
210
213
213
216
216
216
216
222
222
222
222
231
231
234
243
246
249
249
258
258
264
264
264
264
270
270
273
276
282
282
282
285
285
285
288
294
294
297
297
300
300
303
303
303
312
315
318
321
327
327
327
330
330
333
342
345
345
348
354
357
360
360
360
369
372
375
387
390
393
396
396
399
402
405
408
408
408
414
420
426
426
432
435
438
438
444
450
453
456
456
456
456
456
459
462
465
465
474
474
474
483
483
489
489
492
495
504
504
507
516
516
519
522
522
525
525
528
531
531
546
546
549
549
552
555
558
561
561
561
570
570
573
582
585
591
594
594
600
603
606
609
615
615
615
621
624
624
627
627
630
633
636
642
645
648
648
648
648
657
657
663
663
663
663
669
669
669
669
675
675
675
678
681
684
684
687
702
705
705
711
714
720
726
726
726
726
729
738
741
744
747
750
750
759
762
765
774
777
780
780
789
792
792
798
807
810
813
813
813
813
816
819
819
825
828
828
831
834
837
837
840
846
846
852
852
855
861
864
867
870
870
873
873
873
876
876
876
879
885
885
888
891
897
897
900
903
906
915
921
924
930
933
933
936
939
939
939
939
951
951
954
966
969
969
969
975
975
978
984
999
1002
1005
1005
1005
1011
1020
1026
1032
1038
1041
1041
1044
1044
1047
1047
1050
1065
1068
1074
1077
1080
1080
1083
1086
1095
1098
1101
1104
1104
1110
1113
1113
1122
1128
1137
1146
1146
1152
1155
1158
1158
1158
1164
1167
1167
1173
1176
1179
1185
1188
1194
1194
1203
1203
1218
1221
1227
1230
1230
1242
1248
1257
1269
1272
1275
1275
1275
1287
1290
1290
1293
1302
1302
1305
1305
1314
1320
1323
1329
1332
1338
1338
1341
1344
1347
1356
1359
1362
1362
1368
1368
1380
1383
1395
1398
1398
1404
1404
1410
1416
1416
1416
1419
1419
1425
1428
1428
1431
1434
1437
1440
1446
1446
1449
1449
1452
1455
1455
1455
1458
1461
1461
1464
1470
1473
1473
1476
1476
1476
1476
1479
1479
1482
1488
1494
1494
1497
1497
1497
1500
1503
1506
1509
1509
1515
1515
1518
1524
1527
1530
1530
1533
1539
1539
1545
1545
1554
1557
1557
1566
1566
1566
1569
1569
1569
1572
1575
1578
1578
1581
1581
1584
1587
1587
1590
1590
1593
1596
1596
1599
1599
1599
1605
1608
1611
1611
1620
1620
1629
1629
1632
1635
1635
1641
1641
1641
1641
1644
1647
1647
1647
1653
1656
1659
1659
1662
1665
1677
1677
1680
1680
1680
1683
1683
1686
1686
1689
1689
1692
1698
1707
1710
1722
1722
1731
1737
1743
1743
1746
1749
1752
1755
1758
1758
1761
1767
1767
1770
1773
1779
1782
1782
1785
1788
1788
1794
1794
1797
1800
1800
1800
1806
1812
1815
1815
1815
1815
1821
1827
1830
1830
1833
1836
1839
1839
1842
1848
1848
1851
1854
1854
1854
1860
1869
1869
1878
1878
1878
1884
1884
1887
1893
1899
1899
1899
1905
1905
1908
1908
1908
1914
1917
1926
1926
1929
1929
1932
1935
1938
1938
1938
1941
1944
1950
1950
1950
1962
1968
1971
1971
1983
1986
1986
1989
1992
2001
2004
2007
2007
2013
2019
2022
2034
2037
2040
2040
2043
2043
2043
2049
2052
2055
2058
2058
2061
2061
2061
2064
2073
2076
2079
2079
2085
2091
2097
2097
2100
2106
2121
2121
2124
2127
2127
2133
2133
2136
2139
2142
2148
2151
2151
2154
2157
2157
2160
2163
2169
2172
2175
2181
2187
2187
2193
2202
2202
2202
2208
2211
2211
2211
2214
2214
2214
2217
2223
2223
2226
2229
2229
2232
2238
2238
2244
2253
2265
2265
2271
2271
2271
2274
2274
2277
2283
2286
2286
2289
2289
2289
2292
2292
2295
2298
2301
2304
2304
2310
2310
2310
2310
2322
2322
2328
2328
2331
2331
2331
2334
2337
2340
2340
2340
2343
2352
2352
2355
2358
2361
2361
2364
2364
2364
2367
2370
2373
2382
2385
2391
2397
2403
2403
2406
2415
2415
2418
2424
2424
2436
2439
2442
2448
2448
2451
2454
2454
2457
2457
2457
2463
2466
2472
2475
2478
2481
2484
2487
2487
2490
2490
2493
2502
2505
2505
2505
2505
2505
2508
2508
2514
2514
2517
2520
2523
2523
2529
2535
2535
2541
2541
2550
2553
2553
2556
2562
2562
2562
2565
2565
2571
2580
2580
2583
2583
2583
2589
2592
2592
2601
2601
2607
2607
2610
2610
2610
2613
2613
2616
2616
2619
2622
2628
2634
2637
2637
2640
2646
2649
2649
2655
2667
2670
2688
2691
2691
2691
2691
2694
2694
2694
2703
2709
2712
2715
2715
2718
2724
2724
2730
2733
2733
2739
2742
2742
2748
2751
2757
2757
2757
2760
2763
2769
2775
2778
2781
2781
2781
2796
2799
2799
2799
2802
2805
2817
2817
2820
2820
2826
2826
2832
2832
2838
2841
2841
2841
2847
2847
2850
2862
2862
2865
2868
2868
2874
2874
2877
2877
2880
2886
2886
2892
2892
2895
2898
2901
2901
2901
2907
2910
2910
2913
2916
2925
2928
2931
2931
2931
2934
2934
2937
2940
2940
2943
2952
2958
2958
2961
2964
2967
2967
2967
2979
2985
2985
2988
2991
2994
2994
2997
2997
2997
3000
3000
3000
3000
3003
3006
3012
3015
3018
3018
3021
3036
3036
3039
3045
3045
3045
3045
3045
3051
3054
3054
3054
3060
3060
3063
3069
3072
3075
3075
3081
3084
3087
3090
3093
3117
3123
3129
3138
3138
3138
3141
3153
3156
3156
3159
3159
3162
3165
3165
3171
3171
3171
3171
3174
3177
3180
3180
3183
3186
3189
3192
3192
3201
3201
3210
3210
3216
3216
3216
3225
3231
3234
3234
3237
3237
3240
3240
3240
3243
3246
3246
3249
3249
3252
3252
3252
3258
3267
3270
3273
3273
3273
3273
3279
3282
3282
3285
3288
3291
3294
3294
3300
3300
3315
3318
3321
3336
3342
3342
3345
3351
3354
3354
3360
3360
3363
3366
3369
3369
3369
3375
3381
3384
3384
3387
3393
3396
3399
3402
3405
3405
3405
3408
3420
3423
3429
3438
3438
3438
3438
3441
3441
3441
3447
3453
3456
3459
3459
3459
3462
3471
3477
3480
3480
3483
3483
3498
3498
3501
3504
3504
3510
3516
3519
3522
3525
3528
3531
3531
3531
3534
3537
3543
3549
3552
3552
3555
3555
3561
3561
3564
3567
3570
3573
3576
3588
3594
3594
3597
3597
3597
3603
3603
3606
3609
3609
3612
3615
3615
3615
3615
3618
3621
3624
3627
3627
3630
3630
3630
3633
3645
3648
3651
3657
3660
3660
3660
3672
3672
3675
3675
3675
3681
3687
3687
3690
3690
3699
3708
3708
3708
3714
3714
3714
3717
3723
3723
3732
3732
3732
3735
3738
3738
3741
3741
3759
3765
3771
3771
3771
3777
3792
3795
3804
3804
3807
3810
3813
3813
3813
3819
3822
3825
3831
3834
3840
3843
3846
3849
3852
3855
3858
3858
3861
3861
3864
3873
3876
3876
3885
3891
3891
3894
3894
3894
3897
3903
3909
3912
3915
3918
3924
3930
3933
3939
3945
3951
3960
3963
3969
3975
3975
3978
3978
3978
3981
3981
3984
3996
3996
3996
4005
4008
4008
4008
4020
4023
4026
4032
4038
4041
4041
4041
4044
4059
4059
4065
4071
4071
4074
4083
4086
4086
4089
4089
4092
4095
4098
4101
4104
4104
4107
4119
4122
4125
4131
4131
4134
4134
4137
4137
4140
4143
4149
4152
4152
4155
4155
4155
4158
4161
4161
4167
4167
4170
4173
4176
4191
4194
4200
4200
4206
4206
4206
4215
4215
4215
4215
4215
4218
4224
4224
4224
4230
4230
4233
4233
4233
4236
4239
4239
4239
4239
4242
4248
4251
4254
4263
4266
4275
4278
4278
4278
4281
4284
4284
4284
4284
4287
4290
4293
4296
4305
4305
4311
4314
4314
4317
4317
4317
4326
4329
4332
4338
4338
4341
4350
4353
4353
4356
4362
4362
4362
4365
4368
4371
4374
4374
4377
4380
4380
4380
4383
4389
4392
4392
4401
4404
4407
4410
4413
4416
4425
4431
4431
4434
4434
4434
4440
4440
4443
4443
4449
4455
4455
4455
4458
4458
4458
4461
4461
4461
4464
4470
4470
4470
4473
4476
4479
4482
4485
4491
4491
4497
4497
4500
4500
4503
4503
4503
4509
4509
4509
4509
4512
4515
4524
4536
4536
4542
4545
4545
4554
4554
4557
4560
4563
4563
4566
4566
4572
4575
4581
4611
4614
4614
4617
4623
4647
4650
4665
4668
4668
4677
4680
4680
4680
4683
4686
4692
4692
4692
4695
4698
4701
4701
4701
4701
4704
4707
4707
4710
4710
4713
4731
4734
4734
4740
4749
4752
4752
4761
4764
4764
4767
4773
4773
4779
4791
4791
4791
4794
4794
4809
4809
4812
4815
4818
4830
4833
4836
4836
4842
4842
4845
4848
4851
4854
4854
4857
4863
4863
4866
4869
4872
4875
4878
4881
4884
4887
4887
4890
4890
4890
4896
4899
4902
4908
4914
4920
4923
4926
4926
4926
4929
4932
4932
4935
4938
4938
4941
4944
4950
4953
4953
4962
4962
4965
4968
4971
4971
4971
4977
4977
4980
4980
4980
4983
4983
4983
4986
4989
4995
4998
5001
5007
5007
5007
5016
5019
5019
5022
5025
5028
5028
5028
5028
5031
5037
5037
5040
5046
5046
5049
5049
5049
5058
5064
5070
5070
5073
5073
5076
5076
5082
5085
5088
5094
5094
5100
5100
5100
5103
5103
5103
5103
5106
5106
5106
5109
5109
5109
5115
5115
5121
5121
5124
5127
5136
5139
5148
5148
5154
5154
5154
5157
5157
5160
5163
5169
5172
5175
5178
5178
5181
5181
5184
5190
5193
5193
5196
5199
5208
5211
5214
5214
5217
5220
5220
5232
5235
5235
5235
5238
5253
5253
5253
5259
5259
5262
5265
5265
5265
5274
5274
5277
5286
5286
5289
5292
5292
5292
5292
5295
5295
5298
5298
5304
5304
5313
5316
5316
5316
5319
5319
5325
5328
5328
5328
5328
5340
5346
5352
5355
5358
5364
5373
5376
5379
5385
5391
5391
5391
5397
5397
5400
5403
5403
5409
5415
5415
5415
5415
5424
5424
5427
5427
5433
5436
5436
5439
5445
5451
5451
5451
5454
5457
5457
5457
5460
5460
5460
5463
5466
5466
5466
5469
5475
5475
5475
5481
5481
5484
5487
5487
5487
5493
5499
5505
5514
5520
5523
5523
5526
5532
5532
5535
5538
5541
5550
5553
5556
5556
5559
5568
5568
5568
5571
5571
5580
5583
5583
5586
5589
5595
5601
5601
5607
5610
5619
5622
5625
5625
5628
5628
5631
5631
5631
5634
5637
5649
5649
5649
5652
5658
5658
5661
5664
5664
5664
5670
5673
5676
5682
5685
5685
5691
5694
5703
5703
5706
5712
5715
5718
5718
5724
5739
5739
5742
5742
5748
5748
5748
5751
5751
5754
5754
5754
5760
5763
5766
5769
5769
5772
5775
5781
5784
5793
5802
5802
5811
5811
5820
5820
5823
5829
5832
5838
5841
5841
5847
5850
5850
5850
5850
5856
5862
5862
5862
5862
5868
5871
5871
5871
5892
5895
5895
5895
5898
5901
5904
5907
5910
5913
5913
5913
5916
5916
5925
5928
5928
5937
5955
5958
5958
5961
5964
5967
5970
5970
5973
5976
5982
5982
5982
5985
5988
5991
5994
6000
6000
6000
6003
6006
6009
6012
6015
6021
6021
6024
6030
6033
6033
6033
6036
6036
6036
6042
6042
6048
6051
6051
6051
6054
6054
6063
6063
6066
6069
6069
6069
6069
6075
6078
6078
6087
6090
6093
6096
6096
6096
6096
6099
6099
6102
6105
6105
6108
6108
6111
6111
6114
6114
6114
6117
6117
6120
6120
6126
6129
6129
6132
6135
6138
6138
6144
6147
6147
6150
6150
6153
6153
6159
6159
6159
6171
6174
6177
6180
6186
6186
6189
6189
6192
6192
6201
6204
6210
6210
6210
6219
6234
6234
6237
6240
6243
6246
6249
6252
6252
6252
6258
6261
6264
6273
6276
6282
6288
6291
6291
6291
6294
6294
6300
6303
6306
6309
6309
6318
6318
6321
6321
6321
6321
6324
6330
6333
6342
6342
6348
6348
6348
6348
6351
6351
6357
6360
6366
6366
6366
6369
6372
6375
6378
6381
6384
6390
6393
6393
6393
6399
6408
6411
6414
6414
6414
6417
6420
6423
6423
6423
6423
6426
6432
6438
6438
6438
6441
6444
6447
6447
6450
6465
6471
6474
6477
6480
6483
6489
6492
6492
6492
6495
6498
6498
6507
6513
6519
6522
6522
6525
6525
6531
6531
6534
6534
6543
6546
6549
6558
6558
6561
6567
6570
6570
6576
6579
6582
6582
6585
6585
6588
6588
6588
6591
6591
6591
6597
6600
6615
6618
6618
6618
6624
6639
6645
6645
6645
6648
6654
6654
6654
6663
6672
6672
6672
6672
6675
6678
6678
6681
6684
6684
6687
6702
6705
6708
6723
6723
6729
6732
6732
6735
6735
6735
6738
6741
6744
6747
6750
6750
6750
6753
6753
6753
6756
6759
6762
6765
6765
6765
6768
6768
6771
6771
6771
6777
6780
6780
6780
6789
6792
6792
6792
6807
6807
6810
6810
6816
6816
6816
6822
6822
6825
6828
6840
6840
6846
6846
6855
6855
6858
6858
6861
6864
6867
6867
6870
6870
6873
6882
6882
6885
6891
6891
6894
6909
6909
6909
6912
6918
6918
6921
6927
6933
6933
6936
6939
6942
6948
6948
6957
6963
6966
6975
6975
6975
6978
6978
6981
6981
6981
6990
6993
6993
7002
7005
7008
7011
7011
7011
7011
7011
7014
7017
7017
7017
7017
7023
7026
7029
7029
7032
7035
7038
7038
7041
7041
7047
7056
7056
7059
7062
7068
7068
7074
7074
7080
7080
7086
7086
7089
7089
7089
7092
7095
7095
7107
7110
7119
7131
7131
7140
7146
7146
7152
7158
7158
7158
7164
7164
7167
7173
7173
7173
7182
7188
7191
7194
7197
7200
7209
7215
7218
7218
7224
7227
7230
7230
7239
7248
7251
7251
7254
7254
7260
7263
7266
7266
7266
7272
7281
7281
7281
7284
7290
7293
7293
7293
7293
7296
7299
7299
7308
7308
7311
7320
7320
7320
7320
7326
7326
7332
7332
7332
7332
7335
7335
7338
7338
7338
7344
7344
7353
7356
7356
7359
7365
7371
7371
7371
7374
7380
7380
7380
7380
7380
7383
7383
7383
7383
7392
7395
7398
7401
7401
7401
7407
7416
7419
7419
7428
7434
7440
7443
7446
7446
7449
7452
7458
7470
7470
7473
7473
7473
7473
7476
7479
7482
7488
7488
7497
7497
7500
7500
7500
7509
7512
7518
7518
7518
7521
7521
7524
7524
7524
7527
7527
7527
7536
7536
7542
7545
7548
7554
7557
7560
7560
7566
7569
7575
7581
7587
7590
7593
7596
7605
7611
7611
7611
7614
7614
7614
7623
7626
7626
7629
7629
7635
7638
7644
7653
7656
7656
7662
7665
7668
7671
7671
7671
7671
7680
7686
7689
7689
7695
7698
7701
7701
7704
7707
7710
7710
7713
7719
7719
7719
7722
7722
7725
7725
7728
7728
7731
7740
7743
7746
7752
7752
7752
7758
7758
7761
7767
7767
7767
7767
7770
7776
7779
7779
7782
7782
7788
7788
7788
7788
7791
7794
7800
7800
7800
7800
7803
7806
7809
7818
7821
7821
7830
7836
7839
7839
7845
7857
7857
7857
7860
7860
7863
7866
7866
7869
7875
7875
7875
7878
7878
7881
7881
7881
7881
7887
7887
7890
7890
7893
7893
7905
7905
7908
7914
7917
7917
7920
7920
7923
7935
7941
7944
7950
7950
7950
7956
7959
7965
7965
7965
7968
7971
7971
7977
7980
7989
7992
7992
8001
8004
8007
8010
8013
8013
8031
8034
8034
8037
8043
8043
8043
8046
8046
8049
8052
8058
8058
8070
8076
8079
8085
8088
8091
8091
8091
8094
8097
8100
8103
8103
8103
8106
8112
8112
8112
8112
8112
8112
8118
8127
8130
8136
8139
8145
8151
8151
8154
8154
8157
8157
8160
8160
8166
8172
8172
8178
8178
8178
8178
8178
8187
8190
8196
8196
8202
8208
8211
8214
8214
8217
8217
8217
8220
8223
8226
8226
8229
8241
8241
8244
8244
8253
8256
8262
8262
8262
8277
8286
8286
8301
8310
8313
8316
8319
8325
8325
8328
8331
8334
8337
8337
8340
8343
8346
8355
8364
8364
8364
8367
8367
8370
8373
8376
8379
8379
8382
8382
8391
8391
8394
8403
8403
8409
8412
8418
8424
8427
8430
8430
8433
8433
8433
8436
8442
8445
8445
8448
8448
8454
8463
8463
8463
8466
8469
8469
8469
8475
8481
8484
8490
8493
8493
8493
8502
8517
8520
8538
8541
8547
8547
8550
8553
8556
8559
8559
8559
8565
8568
8568
8568
8571
8571
8577
8577
8580
8583
8583
8586
8586
8589
8592
8592
8595
8595
8604
8607
8607
8610
8616
8616
8616
8616
8631
8634
8634
8637
8637
8643
8646
8646
8652
8652
8652
8658
8658
8664
8667
8688
8694
8697
8700
8706
8706
8709
8712
8724
8724
8727
8736
8739
8745
8745
8748
8748
8751
8751
8754
8757
8757
8757
8769
8772
8775
8781
8781
8793
8796
8808
8811
8817
8817
8817
8820
8823
8823
8826
8829
8832
8835
8835
8835
8838
8841
8847
8850
8853
8853
8856
8856
8862
8862
8865
8868
8871
8871
8874
8874
8877
8877
8880
8883
8892
8895
8901
8901
8904
8907
8907
8913
8919
8922
8925
8925
8928
8928
8931
8937
8940
8940
8943
8949
8952
8952
8952
8952
8952
8955
8958
8964
8967
8967
8976
8976
8979
8982
8982
8985
8985
8988
8994
9000
9000
9000
9003
9009
9021
9027
9033
9036
9036
9039
9039
9042
9045
9045
9048
9051
9051
9051
9057
9057
9057
9063
9066
9072
9075
9078
9081
9084
9087
9099
9108
9108
9108
9114
9117
9117
9117
9126
9129
9135
9138
9141
9144
9147
9150
9150
9150
9153
9159
9159
9159
9165
9183
9189
9198
9201
9207
9207
9210
9213
9213
9213
9216
9216
9219
9222
9228
9228
9228
9231
9231
9231
9237
9237
9240
9243
9243
9243
9246
9249
9249
9252
9252
9255
9255
9258
9261
9261
9264
9264
9264
9270
9270
9273
9276
9279
9282
9282
9282
9291
9297
9300
9300
9303
9306
9306
9306
9309
9309
9318
9318
9318
9321
9324
9327
9333
9333
9333
9339
9342
9342
9345
9348
9351
9351
9354
9357
9366
9372
9375
9375
9375
9375
9381
9381
9384
9384
9384
9384
9387
9396
9402
9405
9408
9408
9411
9414
9414
9414
9426
9438
9441
9444
9447
9447
9453
9456
9456
9459
9462
9462
9462
9465
9465
9468
9480
9480
9480
9483
9486
9489
9489
9492
9495
9504
9510
9513
9513
9513
9516
9516
9522
9522
9528
9528
9534
9537
9540
9540
9540
9543
9543
9543
9549
9552
9552
9555
9555
9558
9561
9561
9561
9564
9564
9570
9573
9573
9576
9576
9579
9579
9579
9585
9585
9591
9594
9597
9597
9600
9606
9606
9609
9612
9612
9615
9615
9618
9618
9621
9624
9627
9627
9633
9636
9651
9654
9654
9657
9657
9660
9663
9663
9669
9678
9678
9684
9690
9693
9693
9699
9699
9702
9702
9705
9705
9705
9708
9708
9711
9714
9720
9720
9726
9729
9729
9732
9735
9735
9738
9747
9747
9750
9753
9756
9759
9762
9762
9765
9765
9771
9777
9780
9780
9780
9780
9783
9795
9804
9807
9807
9810
9810
9813
9816
9825
9831
9831
9834
9840
9852
9855
9870
9870
9870
9879
9885
9888
9891
9894
9900
9912
9912
9912
9912
9915
9915
9918
9921
9924
9927
9933
9936
9945
9945
9948
9954
9960
9960
9963
9963
9969
9972
9975
9978
9984
9987
9987
9993
9993
9996
9999
9999
10002
10002
10002
10002
10005
10008
10011
10017
10023
10023
10026
10029
10032
10035
10038
10050
10056
10056
10059
10059
10062
10065
10068
10074
10080
10083
10083
10089
10095
10098
10098
10098
10101
10101
10101
10104
10104
10107
10110
10110
10113
10116
10116
10119
10125
10128
10134
10143
10146
10146
10146
10155
10155
10158
10158
10161
10161
10164
10167
10170
10176
10179
10182
10182
10191
10191
10194
10197
10200
10206
10215
10224
10224
10227
10227
10230
10230
10233
10236
10236
10236
10236
10239
10242
10242
10245
10245
10251
10260
10266
10266
10272
10275
10278
10278
10281
10284
10284
10284
10290
10290
10290
10290
10290
10296
10296
10299
10302
10302
10305
10305
10305
10308
10308
10311
10311
10314
10314
10317
10317
10320
10323
10326
10326
10335
10335
10335
10344
10347
10347
10359
10359
10362
10362
10362
10362
10365
10365
10368
10374
10380
10386
10389
10389
10395
10398
10404
10410
10413
10416
10416
10422
10428
10428
10434
10437
10440
10443
10443
10449
10452
10455
10455
10458
10461
10467
10467
10467
10467
10473
10473
10476
10482
10485
10485
10485
10494
10497
10503
10506
10506
10509
10509
10509
10518
10518
10524
10530
10539
10539
10542
10545
10545
10545
10548
10557
10557
10557
10566
10569
10569
10572
10578
10581
10581
10584
10584
10587
10590
10590
10593
10596
10596
10599
10611
10617
10620
10623
10629
10629
10638
10638
10647
10653
10653
10653
10659
10662
10662
10662
10665
10668
10674
10674
10677
10680
10683
10686
10686
10689
10695
10701
10701
10704
10707
10707
10713
10713
10716
10722
10722
10728
10731
10734
10740
10746
10749
10752
10752
10752
10755
10755
10761
10764
10767
10770
10776
10779
10779
10788
10791
10794
10794
10797
10800
10806
10809
10809
10809
10812
10815
10821
10824
10839
10839
10845
10845
10848
10851
10854
10857
10863
10863
10866
10869
10869
10872
10875
10878
10884
10887
10890
10893
10899
10899
10905
10911
10914
10914
10914
10920
10929
10929
10929
10929
10932
10932
10935
10935
10941
10941
10947
10953
10953
10956
10962
10962
10971
10974
10983
10986
10998
10998
10998
10998
11001
11001
11004
11007
11016
11016
11019
11031
11031
11031
11031
11034
11040
11040
11049
11052
11052
11052
11067
11067
11070
11070
11073
11082
11085
11091
11094
11100
11103
11106
11109
11109
11112
11115
11118
11118
11118
11124
11124
11130
11133
11148
11154
11160
11160
11160
11166
11169
11175
11178
11181
11184
11190
11193
11199
11205
11205
11208
11211
11214
11214
11229
11229
11229
11229
11235
11235
11241
11247
11247
11247
11250
11259
11259
11262
11271
11274
11277
11280
11283
11286
11289
11295
11298
11301
11301
11301
11301
11304
11310
11313
11313
11319
11322
11322
11328
11328
11328
11328
11328
11328
11334
11334
11340
11343
11349
11355
11358
11361
11367
11367
11373
11379
11382
11382
11382
11391
11391
11391
11394
11397
11397
11400
11400
11403
11403
11406
11409
11412
11415
11421
11421
11427
11433
11436
11439
11442
11442
11445
11445
11460
11463
11466
11478
11487
11487
11490
11490
11490
11490
11493
11496
11499
11499
11502
11520
11520
11526
11529
11529
11538
11541
11541
11541
11544
11544
11553
11553
11556
11559
11559
11562
11568
11568
11568
11574
11574
11574
11580
11580
11580
11580
11580
11583
11583
11583
11586
11589
11589
11589
11595
11595
11595
11601
11601
11610
11613
11616
11619
11628
11631
11634
11634
11634
11637
11637
11643
11646
11649
11649
11652
11652
11652
11667
11667
11670
11673
11673
11676
11682
11685
11685
11688
11688
11691
11694
11694
11703
11706
11706
11709
11709
11727
11727
11733
11742
11745
11751
11751
11769
11769
11772
11778
11778
11778
11778
11781
11781
11784
11784
11790
11796
11799
11802
11802
11802
11805
11808
11811
11814
11814
11820
11823
11826
11832
11832
11835
11844
11847
11850
11853
11853
11859
11859
11859
11859
11862
11865
11868
11871
11874
11874
11877
11880
11889
11892
11895
11901
11904
11904
11907
11910
11910
11913
11913
11916
11916
11916
11919
11925
11928
11931
11931
11934
11937
11937
11940
11946
11949
11952
11952
11955
11955
11955
11958
11958
11964
11964
11964
11967
11970
11973
11976
11985
11991
11994
11994
11997
11997
12003
12009
12012
12012
12012
12015
12021
12024
12030
12033
12036
12036
12042
12045
12054
12060
12063
12069
12072
12075
12081
12084
12084
12084
12087
12087
12090
12090
12093
12093
12096
12096
12102
12108
12108
12111
12117
12120
12123
12123
12126
12129
12135
12147
12150
12159
12159
12162
12168
12177
12180
12183
12183
12195
12198
12198
12204
12207
12207
12207
12216
12219
12219
12222
12225
12225
12228
12231
12231
12243
12243
12246
12246
12246
12249
12255
12255
12258
12270
12270
12270
12270
12273
12273
12273
12273
12273
12276
12276
12282
12282
12291
12294
12297
12309
12315
12315
12318
12318
12321
12321
12321
12324
12324
12330
12333
12336
12336
12339
12342
12348
12351
12354
12357
12360
12360
12363
12363
12363
12366
12366
12369
12372
12372
12375
12378
12381
12381
12381
12381
12381
12384
12387
12387
12390
12390
12393
12393
12411
12414
12417
12420
12423
12429
12438
12444
12444
12444
12447
12447
12447
12450
12453
12453
12453
12459
12462
12468
12471
12474
12474
12477
12480
12483
12486
12492
12495
12495
12504
12504
12510
12510
12510
12513
12516
12525
12528
12531
12534
12534
12537
12540
12543
12543
12549
12558
12567
12582
12591
12600
12600
12606
12627
12627
12633
12633
12636
12639
12639
12639
12642
12642
12645
12651
12654
12663
12669
12672
12678
12678
12678
12681
12687
12687
12687
12696
12696
12699
12702
12702
12705
12708
12711
12711
12714
12714
12717
12717
12717
12726
12732
12741
12753
12756
12759
12762
12762
12765
12768
12771
12774
12777
12777
12780
12789
12792
12792
12792
12798
12798
12801
12804
12807
12813
12813
12816
12816
12819
12819
12822
12831
12831
12831
12837
12846
12855
12858
12858
12858
12864
12867
12867
12870
12873
12876
12876
12876
12879
12888
12888
12888
12891
12894
12894
12897
12900
12900
12903
12903
12909
12912
12915
12915
12918
12921
12924
12930
12939
12939
12942
12945
12957
12957
12960
12963
12963
12966
12966
12969
12969
12972
12981
12981
12987
12987
12990
12993
13002
13002
13002
13005
13005
13005
13008
13008
13011
13014
13014
13017
13023
13026
13026
13026
13029
13035
13038
13038
13044
13047
13047
13050
13053
13056
13059
13059
13062
13062
13062
13065
13071
13071
13071
13080
13086
13086
13092
13098
13101
13101
13104
13110
13110
13113
13116
13122
13125
13125
13128
13137
13152
13158
13161
13164
13173
13182
13185
13185
13185
13188
13188
13197
13197
13197
13197
13200
13200
13203
13209
13212
13212
13221
13221
13230
13236
13242
13245
13251
13254
13254
13260
13263
13266
13269
13272
13275
13275
13281
13284
13293
13293
13293
13299
13305
13305
13311
13311
13317
13320
13332
13332
13335
13338
13344
13350
13359
13362
13368
13368
13371
13371
13380
13383
13383
13383
13392
13392
13392
13392
13401
13401
13404
13407
13410
13413
13413
13413
13413
13419
13422
13422
13425
13428
13434
13440
13443
13443
13443
13452
13452
13458
13458
13458
13458
13458
13461
13461
13464
13470
13470
13473
13476
13476
13479
13479
13485
13488
13488
13494
13497
13503
13503
13503
13506
13509
13512
13512
13512
13518
13518
13518
13518
13527
13527
13530
13530
13533
13536
13539
13542
13551
13563
13563
13566
13566
13572
13575
13575
13575
13578
13593
13599
13602
13614
13614
13614
13614
13617
13620
13620
13626
13626
13626
13629
13629
13635
13644
13650
13650
13650
13653
13662
13665
13668
13668
13671
13683
13689
13689
13692
13698
13698
13701
13701
13707
13710
13710
13713
13713
13713
13719
13722
13728
13728
13737
13740
13746
13746
13746
13752
13752
13755
13758
13767
13767
13776
13776
13779
13782
13782
13785
13785
13785
13788
13788
13788
13797
13797
13797
13803
13803
13806
13812
13812
13812
13818
13818
13818
13818
13830
13830
13830
13833
13845
13848
13848
13851
13851
13857
13863
13869
13869
13872
13875
13875
13878
13884
13884
13884
13884
13887
13893
13896
13899
13902
13902
13905
13908
13911
13926
13932
13935
13938
13941
13941
13944
13947
13947
13950
13953
13959
13959
13962
13965
13968
13971
13971
13971
13974
13974
13977
13980
13980
13980
13983
13992
13995
13995
14004
14007
14007
14007
14007
14016
14016
14016
14016
14019
14025
14028
14037
14040
14040
14043
14043
14046
14046
14049
14049
14055
14061
14061
14064
14085
14088
14088
14088
14088
14094
14097
14097
14097
14100
14103
14109
14115
14118
14118
14121
14130
14136
14136
14139
14139
14142
14145
14145
14148
14148
14151
14154
14157
14160
14163
14163
14166
14166
14169
14169
14169
14172
14172
14175
14175
14181
14184
14184
14187
14196
14205
14208
14208
14211
14226
14226
14229
14232
14235
14238
14250
14253
14256
14259
14268
14268
14271
14271
14274
14274
14280
14280
14283
14283
14286
14286
14286
14289
14289
14304
14310
14313
14319
14319
14322
14325
14325
14331
14331
14337
14340
14340
14340
14346
14346
14349
14349
14352
14352
14352
14352
14355
14358
14364
14364
14364
14367
14367
14370
14373
14376
14376
14379
14382
14382
14385
14388
14394
14397
14400
14400
14406
14409
14412
14412
14412
14415
14418
14418
14421
14424
14430
14433
14436
14436
14436
14436
14439
14442
14445
14445
14448
14448
14448
14451
14457
14457
14457
14463
14466
14466
14472
14475
14478
14478
14484
14496
14499
14499
14505
14505
14508
14511
14511
14511
14511
14514
14514
14514
14517
14520
14529
14529
14532
14535
14535
14538
14541
14541
14541
14544
14547
14547
14550
14553
14565
14565
14571
14571
14571
14586
14589
14592
14595
14595
14595
14595
14598
14607
14613
14616
14619
14619
14625
14625
14625
14634
14637
14649
14652
14658
14664
14664
14670
14676
14676
14682
14682
14688
14691
14691
14694
14697
14697
14700
14703
14703
14706
14712
14715
14727
14727
14733
14733
14736
14742
14742
14748
14748
14757
14763
14766
14766
14766
14769
14769
14769
14769
14772
14772
14775
14778
14784
14787
14787
14790
14805
14808
14808
14808
14811
14814
14817
14823
14823
14823
14826
14826
14832
14835
14844
14847
14847
14850
14850
14850
14850
14853
14856
14856
14868
14871
14871
14871
14877
14880
14883
14886
14889
14895
14895
14898
14898
14901
14901
14901
14901
14904
14910
14913
14919
14922
14922
14925
14931
14934
14940
14940
14940
14940
14943
14943
14946
14949
14952
14955
14961
14967
14973
14973
14976
14979
14979
14982
14985
14988
14988
14988
14988
15000
15006
15006
15006
15009
15009
15012
15012
15018
15021
15021
15024
15024
15027
15027
15030
15030
15033
15039
15042
15042
15045
15048
15051
15054
15063
15063
15066
15066
15066
15069
15069
15075
15078
15081
15081
15081
15087
15087
15096
15096
15096
15099
15099
15102
15105
15117
15120
15123
15126
15153
15156
15159
15159
15159
15162
15165
15165
15177
15183
15186
15186
15189
15189
15192
15192
15195
15198
15201
15201
15204
15207
15207
15207
15210
15213
15219
15222
15225
15231
15237
15243
15243
15246
15246
15252
15258
15258
15258
15258
15261
15261
15264
15267
15267
15276
15276
15279
15282
15282
15282
15282
15288
15288
15294
15300
15300
15303
15306
15315
15318
15318
15321
15321
15324
15327
15333
15339
15339
15345
15345
15354
15354
15369
15372
15372
15378
15384
15384
15384
15387
15390
15390
15399
15402
15405
15405
15405
15408
15411
15411
15414
15414
15417
15420
15420
15423
15423
15423
15426
15429
15432
15435
15438
15441
15441
15447
15450
15450
15453
15453
15456
15459
15459
15465
15465
15468
15474
15477
15477
15480
15480
15483
15483
15486
15489
15489
15492
15501
15501
15504
15516
15516
15516
15519
15522
15522
15531
15534
15552
15555
15555
15555
15558
15561
15567
15576
15579
15585
15585
15588
15588
15591
15594
15594
15597
15597
15597
15597
15603
15603
15606
15606
15609
15609
15612
15612
15615
15621
15630
15633
15633
15639
15645
15648
15648
15648
15651
15654
15657
15657
15666
15666
15666
15669
15675
15678
15684
15693
15696
15699
15699
15702
15708
15708
15711
15711
15714
15720
15729
15732
15735
15738
15738
15738
15738
15738
15741
15741
15747
15747
15747
15747
15765
15771
15774
15774
15777
15777
15780
15780
15786
15795
15801
15804
15807
15807
15810
15813
15813
15813
15819
15819
15819
15822
15837
15843
15843
15849
15855
15858
15861
15867
15870
15873
15879
15882
15882
15882
15891
15897
15900
15903
15903
15906
15906
15906
15906
15912
15915
15921
15927
15936
15939
15939
15948
15960
15960
15963
15969
15972
15975
15978
15981
15987
15987
15993
15996
15999
16005
16008
16011
16011
16014
16017
16017
16017
16020
16020
16026
16029
16029
16029
16041
16053
16059
16062
16062
16068
16080
16083
16083
16083
16086
16092
16098
16107
16110
16116
16119
16122
16125
16125
16125
16128
16140
16143
16146
16146
16149
16149
16158
16158
16164
16167
16170
16170
16173
16176
16179
16188
16188
16191
16194
16197
16200
16203
16206
16206
16209
16212
16212
16215
16227
16227
16233
16233
16242
16245
16248
16254
16254
16260
16263
16284
16287
16290
16293
16302
16305
16305
16308
16314
16317
16320
16320
16323
16329
16329
16332
16338
16338
16344
16344
16344
16350
16353
16353
16365
16368
16371
16371
16371
16374
16380
16380
16383
16386
16386
16392
16395
16401
16401
16404
16404
16413
16416
16416
16419
16428
16437
16443
16443
16446
16449
16455
16455
16455
16458
16458
16464
16473
16476
16482
16488
16488
16491
16497
16500
16500
16503
16506
16506
16509
16512
16518
16524
16524
16527
16527
16533
16536
16539
16545
16545
16545
16545
16548
16548
16551
16560
16560
16560
16566
16566
16572
16575
16575
16584
16584
16587
16596
16596
16599
16599
16602
16605
16611
16611
16611
16611
16611
16614
16614
16617
16617
16620
16620
16623
16623
16623
16626
16626
16626
16629
16629
16629
16629
16632
16632
16635
16635
16644
16647
16653
16656
16659
16662
16662
16662
16662
16662
16665
16668
16668
16671
16674
16677
16680
16680
16686
16686
16689
16695
16698
16698
16701
16704
16707
16719
16722
16725
16725
16728
16731
16734
16734
16734
16743
16743
16761
16767
16767
16767
16767
16770
16773
16776
16779
16785
16785
16788
16794
16803
16809
16809
16812
16815
16815
16818
16818
16821
16821
16827
16827
16830
16830
16830
16833
16836
16848
16851
16851
16857
16860
16860
16860
16872
16878
16881
16890
16896
16902
16902
16902
16905
16908
16908
16920
16923
16926
16926
16932
16935
16938
16938
16944
16944
16947
16947
16950
16956
16956
16956
16956
16959
16965
16965
16971
16977
16977
16983
16986
16986
16986
16989
16989
16992
16995
16995
16998
16998
17001
17001
17001
17001
17004
17004
17007
17007
17007
17013
17016
17019
17025
17025
17037
17043
17046
17049
17055
17055
17055
17061
17067
17079
17079
17079
17082
17082
17082
17091
17097
17100
17109
17112
17130
17130
17136
17139
17142
17142
17145
17151
17160
17160
17163
17169
17169
17172
17181
17181
17187
17187
17187
17190
17190
17193
17193
17193
17196
17199
17199
17199
17202
17202
17205
17208
17211
17214
17214
17214
17217
17220
17223
17223
17229
17229
17232
17244
17244
17244
17244
17247
17253
17256
17256
17268
17271
17271
17274
17280
17280
17280
17280
17289
17289
17289
17292
17295
17307
17313
17313
17319
17322
17325
17325
17325
17328
17328
17328
17334
17340
17343
17349
17349
17358
17358
17370
17373
17376
17376
17376
17385
17388
17391
17391
17394
17403
17409
17418
17421
17424
17427
17430
17430
17430
17433
17433
17442
17451
17454
17460
17460
17466
17472
17481
17481
17484
17490
17496
17496
17496
17499
17502
17508
17508
17517
17520
17526
17529
17532
17544
17544
17547
17547
17547
17550
17550
17553
17553
17553
17556
17559
17562
17568
17571
17574
17577
17577
17583
17586
17601
17613
17619
17625
17628
17628
17628
17631
17631
17631
17634
17652
17652
17652
17658
17661
17661
17664
17664
17664
17667
17670
17670
17679
17682
17682
17682
17685
17688
17694
17697
17697
17703
17706
17712
17715
17718
17721
17727
17733
17733
17742
17745
17748
17748
17751
17754
17754
17754
17766
17781
17787
17790
17790
17793
17793
17796
17799
17802
17805
17808
17811
17811
17814
17814
17823
17826
17829
17832
17832
17838
17838
17838
17838
17844
17844
17847
17847
17850
17853
17865
17865
17865
17871
17874
17874
17874
17880
17880
17886
17886
17889
17892
17898
17913
17919
17922
17928
17937
17937
17940
17952
17964
17970
17973
17973
17973
17979
17979
17988
17988
17988
17988
17991
17991
17991
17991
18000
18003
18006
18006
18009
18015
18018
18021
18027
18030
18030
18030
18033
18039
18039
18042
18045
18045
18051
18051
18051
18051
18054
18054
18057
18057
18060
18063
18066
18069
18069
18072
18078
18081
18090
18093
18093
18093
18096
18096
18096
18099
18102
18102
18105
18105
18105
18108
18111
18111
18114
18114
18117
18117
18120
18123
18123
18126
18126
18126
18129
18132
18132
18135
18138
18138
18141
18144
18144
18147
18147
18150
18165
18165
18165
18168
18174
18174
18177
18183
18186
18186
18192
18192
18198
18201
18204
18207
18207
18207
18210
18210
18210
18213
18216
18216
18216
18219
18219
18222
18222
18225
18225
18228
18234
18234
18246
18246
18255
18255
18261
18261
18264
18267
18270
18273
18276
18282
18282
18285
18285
18288
18291
18294
18294
18297
18300
18300
18306
18306
18309
18309
18312
18315
18318
18321
18321
18321
18327
18330
18333
18333
18336
18345
18348
18360
18369
18372
18372
18375
18381
18381
18384
18390
18390
18390
18393
18396
18402
18402
18405
18408
18414
18417
18420
18423
18429
18429
18435
18438
18441
18441
18444
18447
18447
18447
18450
18453
18462
18462
18465
18465
18471
18474
18474
18483
18486
18489
18492
18492
18495
18498
18504
18504
18504
18507
18513
18519
18522
18522
18525
18525
18531
18537
18537
18540
18540
18540
18543
18543
18543
18543
18546
18549
18549
18552
18552
18552
18555
18558
18558
18567
18567
18567
18573
18579
18588
18588
18591
18594
18597
18600
18600
18606
18606
18609
18612
18618
18618
18618
18618
18624
18627
18630
18633
18636
18636
18639
18642
18642
18645
18648
18651
18651
18657
18657
18657
18660
18663
18663
18666
18669
18669
18678
18678
18678
18681
18681
18684
18687
18687
18690
18690
18696
18696
18696
18702
18705
18705
18711
18714
18720
18723
18723
18723
18723
18726
18729
18735
18744
18747
18753
18756
18756
18762
18762
18762
18765
18768
18768
18771
18774
18780
18792
18795
18795
18798
18801
18804
18810
18813
18813
18813
18816
18822
18822
18825
18825
18825
18828
18837
18837
18840
18846
18846
18849
18852
18855
18858
18858
18861
18864
18864
18867
18876
18885
18885
18888
18891
18897
18900
18906
18906
18909
18915
18921
18924
18927
18930
18930
18933
18942
18945
18945
18951
18951
18957
18957
18960
18960
18960
18969
18969
18969
18969
18969
18978
18981
18984
18984
18993
18993
18996
18999
19002
19011
19011
19011
19011
19014
19020
19020
19026
19026
19029
19029
19038
19047
19050
19056
19059
19065
19065
19065
19080
19092
19092
19092
19095
19095
19098
19098
19104
19104
19110
19113
19122
19122
19128
19128
19131
19143
19143
19146
19149
19149
19152
19155
19158
19158
19161
19164
19164
19167
19170
19173
19176
19176
19179
19182
19185
19191
19197
19206
19209
19209
19209
19212
19212
19218
19221
19239
19242
19242
19245
19251
19251
19254
19260
19263
19266
19266
19272
19275
19275
19278
19278
19278
19284
19284
19284
19293
19293
19296
19305
19308
19311
19311
19317
19320
19323
19326
19329
19329
19329
19329
19329
19332
19335
19335
19347
19347
19350
19353
19365
19368
19371
19371
19374
19383
19383
19383
19383
19386
19395
19395
19398
19401
19410
19413
19422
19431
19434
19437
19446
19455
19455
19458
19464
19467
19470
19473
19476
19479
19482
19485
19488
19488
19494
19497
19503
19506
19512
19512
19515
19518
19521
19524
19524
19524
19527
19530
19536
19548
19548
19560
19560
19563
19569
19569
19572
19572
19575
19575
19578
19581
19587
19590
19590
19590
19596
19599
19608
19611
19611
19614
19617
19620
19623
19623
19626
19629
19635
19641
19641
19644
19647
19656
19656
19659
19677
19677
19680
19683
19683
19686
19689
19695
19695
19698
19698
19701
19704
19710
19713
19719
19731
19737
19740
19743
19749
19758
19758
19758
19764
19767
19770
19770
19776
19776
19776
19779
19782
19788
19806
19806
19812
19812
19815
19818
19827
19827
19833
19836
19836
19839
19842
19845
19848
19854
19857
19860
19869
19872
19881
19881
19884
19884
19890
19893
19896
19896
19899
19902
19905
19908
19911
19911
19917
19917
19917
19920
19920
19926
19929
19932
19932
19932
19938
19938
19941
19941
19947
19950
19953
19956
19968
19968
19971
19977
19980
19980
19983
19986
19989
19992
19995
19995
19998
20001
20001
20004
20007
20007
20019
20025
20028
20031
20031
20031
20034
20040
20043
20043
20046
20049
20049
20049
20061
20064
20067
20070
20076
20079
20085
20088
20091
20091
20091
20091
20094
20097
20097
20097
20100
20103
20103
20103
20106
20106
20106
20112
20112
20112
20118
20118
20130
20130
20130
20133
20133
20133
20136
20139
20139
20142
20145
20145
20145
20154
20160
20160
20160
20160
20163
20175
20184
20187
20196
20196
20196
20196
20196
20202
20211
20220
20223
20226
20235
20241
20247
20247
20250
20253
20253
20256
20259
20259
20259
20259
20262
20262
20262
20265
20268
20277
20277
20280
20280
20289
20295
20295
20295
20298
20298
20298
20298
20298
20298
20307
20313
20313
20319
20319
20319
20322
20325
20328
20328
20337
20337
20337
20340
20340
20340
20340
20343
20349
20349
20358
20361
20361
20367
20367
20370
20373
20376
20379
20382
20385
20391
20391
20394
20397
20397
20397
20397
20400
20400
20403
20403
20406
20406
20412
20412
20418
20424
20427
20436
20442
20448
20448
20451
20451
20457
20457
20457
20460
20463
20463
20463
20466
20469
20472
20472
20475
20478
20481
20493
20493
20493
20496
20499
20502
20517
20517
20517
20520
20520
20523
20532
20535
20538
20541
20541
20541
20550
20550
20553
20553
20553
20553
20556
20556
20556
20559
20559
20562
20562
20568
20571
20574
20574
20577
20589
20589
20592
20595
20595
20595
20601
20601
20604
20610
20610
20610
20613
20616
20619
20619
20619
20625
20625
20631
20631
20631
20634
20637
20637
20640
20646
20646
20646
20649
20652
20652
20652
20655
20673
20679
20682
20682
20688
20691
20691
20694
20694
20694
20706
20706
20706
20712
20712
20715
20715
20724
20727
20727
20730
20730
20733
20736
20736
20742
20748
20748
20754
20754
20754
20760
20760
20763
20766
20769
20772
20781
20781
20793
20796
20799
20799
20799
20802
20808
20808
20808
20817
20820
20823
20826
20826
20826
20829
20832
20835
20835
20838
20838
20841
20844
20850
20853
20853
20856
20856
20859
20862
20862
20862
20865
20868
20871
20877
20880
20883
20892
20901
20904
20907
20913
20913
20919
20922
20931
20931
20931
20934
20937
20937
20943
20949
20955
20955
20958
20958
20970
20970
20970
20970
20970
20976
20976
20979
20985
20985
20988
20991
20994
21000
21003
21006
21012
21015
21018
21018
21021
21024
21039
21039
21045
21051
21051
21051
21054
21054
21057
21060
21063
21063
21063
21066
21069
21075
21081
21081
21081
21081
21084
21090
21090
21090
21126
21126
21129
21132
21132
21135
21138
21138
21138
21141
21141
21144
21147
21156
21159
21159
21165
21165
21168
21168
21171
21171
21174
21174
21174
21177
21180
21180
21183
21192
21195
21207
21213
21213
21222
21222
21222
21225
21228
21228
21228
21234
21234
21246
21249
21252
21252
21258
21258
21264
21267
21267
21270
21276
21276
21279
21282
21282
21282
21285
21288
21288
21288
21291
21291
21294
21297
21297
21300
21300
21312
21324
21324
21327
21327
21330
21336
21336
21339
21339
21351
21357
21357
21360
21360
21363
21375
21375
21378
21378
21384
21384
21384
21384
21390
21393
21399
21411
21411
21414
21414
21414
21417
21417
21420
21423
21423
21423
21426
21426
21435
21435
21438
21441
21447
21447
21450
21456
21462
21465
21471
21471
21474
21474
21480
21480
21483
21483
21486
21486
21489
21489
21492
21498
21501
21507
21510
21513
21513
21516
21516
21516
21516
21519
21519
21519
21522
21531
21531
21531
21534
21537
21540
21540
21543
21543
21546
21546
21549
21549
21552
21558
21558
21567
21567
21567
21567
21570
21570
21573
21573
21576
21579
21579
21579
21585
21585
21585
21588
21588
21591
21594
21594
21597
21606
21606
21606
21609
21615
21615
21618
21621
21645
21648
21654
21657
21660
21660
21663
21666
21666
21669
21669
21669
21672
21675
21675
21675
21678
21681
21684
21684
21687
21687
21693
21696
21696
21708
21708
21711
21711
21714
21714
21714
21720
21720
21723
21723
21747
21747
21747
21750
21753
21753
21756
21756
21759
21759
21765
21771
21777
21777
21780
21780
21789
21792
21795
21795
21798
21798
21807
21810
21813
21822
21825
21825
21831
21831
21837
21840
21843
21846
21846
21849
21849
21849
21852
21852
21858
21861
21861
21864
21873
21879
21882
21885
21888
21891
21894
21894
21900
21900
21903
21903
21909
21915
21915
21918
21921
21924
21927
21927
21927
21930
21933
21942
21945
21954
21957
21960
21960
21966
21969
21972
21975
21975
21978
21978
21981
21981
21981
21984
21984
21990
21990
21996
21996
21999
21999
22002
22002
22005
22008
22011
22014
22014
22017
22017
22023
22023
22026
22029
22029
22032
22035
22035
22035
22038
22038
22041
22044
22047
22053
22056
22056
22059
22062
22062
22065
22065
22065
22065
22065
22068
22068
22071
22074
22074
22074
22077
22080
22080
22083
22083
22083
22086
22092
22101
22101
22101
22104
22110
22110
22119
22122
22122
22125
22125
22125
22134
22137
22140
22140
22143
22143
22146
22146
22149
22155
22167
22167
22176
22179
22179
22182
22182
22188
22188
22194
22194
22203
22206
22209
22209
22212
22218
22221
22221
22227
22230
22230
22233
22233
22233
22233
22239
22242
22245
22245
22248
22257
22257
22260
22263
22266
22266
22266
22269
22269
22275
22278
22281
22284
22284
22287
22287
22293
22293
22299
22299
22302
22305
22308
22320
22323
22323
22329
22332
22332
22335
22335
22338
22338
22341
22341
22350
22350
22350
22353
22353
22356
22362
22365
22368
22368
22374
22374
22377
22386
22389
22392
22395
22395
22398
22398
22407
22407
22410
22416
22416
22422
22425
22425
22446
22446
22449
22449
22455
22458
22461
22461
22470
22470
22473
22476
22482
22482
22485
22485
22491
22491
22491
22497
22497
22500
22500
22506
22509
22509
22512
22527
22527
22527
22530
22530
22542
22542
22542
22545
22554
22554
22554
22554
22554
22563
22566
22569
22569
22572
22575
22578
22581
22587
22587
22590
22590
22590
22593
22593
22593
22596
22602
22602
22605
22605
22608
22611
22611
22614
22614
22614
22617
22620
22620
22620
22620
22623
22626
22632
22632
22635
22635
22638
22653
22656
22662
22662
22674
22677
22677
22677
22680
22683
22683
22683
22686
22692
22692
22695
22698
22701
22701
22701
22704
22704
22707
22707
22710
22716
22719
22719
22722
22722
22725
22728
22728
22728
22731
22734
22737
22737
22740
22740
22746
22746
22746
22749
22755
22761
22764
22770
22770
22770
22773
22779
22785
22785
22788
22791
22800
22800
22803
22803
22806
22815
22824
22827
22827
22833
22836
22836
22839
22839
22842
22842
22848
22857
22857
22863
22863
22875
22875
22878
22881
22881
22884
22890
22893
22893
22893
22893
22893
22893
22899
22899
22899
22902
22905
22908
22908
22911
22911
22911
22911
22914
22914
22917
22920
22929
22929
22935
22944
22959
22962
22965
22977
22980
22980
22983
22986
22986
22989
22992
23001
23001
23004
23010
23010
23013
23016
23019
23022
23025
23028
23028
23028
23028
23034
23037
23040
23040
23046
23052
23055
23055
23058
23058
23064
23064
23064
23067
23070
23079
23082
23085
23085
23085
23097
23097
23100
23100
23100
23100
23106
23109
23115
23115
23118
23121
23124
23124
23124
23130
23133
23145
23148
23148
23148
23154
23154
23157
23157
23157
23160
23166
23166
23166
23169
23172
23172
23175
23178
23181
23184
23187
23190
23193
23193
23193
23196
23199
23202
23211
23217
23217
23220
23223
23226
23229
23232
23232
23235
23235
23235
23238
23238
23238
23244
23244
23247
23247
23250
23253
23256
23256
23259
23265
23271
23274
23277
23280
23283
23283
23292
23298
23298
23301
23301
23304
23307
23307
23307
23310
23310
23313
23316
23319
23325
23328
23328
23331
23331
23337
23340
23340
23343
23343
23346
23349
23352
23352
23355
23358
23358
23364
23367
23370
23379
23382
23382
23382
23388
23394
23394
23412
23412
23412
23412
23415
23421
23421
23424
23427
23427
23430
23430
23436
23436
23436
23442
23445
23454
23454
23457
23460
23463
23475
23475
23481
23484
23484
23484
23487
23487
23499
23499
23499
23514
23523
23526
23529
23532
23532
23532
23532
23535
23538
23541
23541
23541
23541
23541
23547
23553
23553
23556
23556
23568
23580
23586
23589
23592
23595
23595
23598
23601
23604
23607
23610
23616
23616
23619
23619
23619
23628
23628
23631
23631
23637
23637
23640
23646
23649
23649
23652
23655
23661
23664
23670
23670
23673
23679
23679
23682
23685
23694
23694
23694
23694
23697
23697
23703
23706
23718
23721
23724
23724
23724
23724
23727
23730
23733
23751
23751
23754
23754
23754
23757
23757
23757
23760
23763
23763
23772
23772
23775
23781
23784
23784
23784
23796
23799
23799
23799
23802
23805
23808
23808
23814
23817
23823
23829
23829
23832
23832
23832
23835
23844
23847
23850
23853
23868
23868
23871
23871
23874
23874
23880
23880
23883
23895
23901
23904
23907
23910
23916
23922
23922
23922
23925
23931
23937
23943
23946
23946
23949
23952
23952
23958
23961
23964
23967
23967
23967
23970
23970
23979
23982
23985
23988
23991
23994
23994
24000
24000
24003
24015
24018
24024
24027
24030
24036
24039
24039
24042
24057
24057
24057
24060
24063
24069
24069
24084
24084
24084
24087
24090
24090
24093
24096
24099
24105
24108
24108
24108
24108
24114
24114
24117
24120
24120
24129
24132
24132
24132
24141
24141
24150
24150
24150
24153
24156
24165
24168
24168
24171
24174
24174
24177
24177
24180
24183
24183
24186
24186
24192
24192
24198
24198
24204
24210
24213
24213
24213
24213
24216
24219
24225
24225
24228
24228
24231
24231
24237
24243
24249
24258
24270
24273
24273
24279
24279
24285
24285
24288
24288
24294
24297
24300
24309
24312
24312
24318
24321
24321
24327
24327
24330
24330
24336
24339
24348
24348
24348
24348
24351
24357
24357
24360
24363
24366
24372
24372
24381
24381
24384
24387
24390
24390
24390
24393
24396
24396
24399
24402
24402
24405
24408
24411
24414
24417
24423
24426
24432
24435
24435
24441
24444
24447
24450
24450
24459
24462
24462
24462
24462
24465
24465
24465
24474
24480
24480
24480
24480
24483
24486
24492
24501
24504
24504
24504
24507
24507
24510
24513
24513
24516
24516
24516
24522
24522
24525
24528
24528
24528
24534
24534
24537
24537
24540
24540
24546
24546
24549
24552
24558
24561
24564
24567
24570
24576
24582
24588
24600
24600
24609
24612
24618
24621
24624
24627
24627
24639
24639
24645
24645
24654
24654
24660
24660
24663
24666
24672
24678
24681
24684
24684
24684
24687
24696
24699
24702
24702
24705
24705
24708
24714
24717
24720
24726
24729
24732
24735
24738
24747
24747
24750
24762
24762
24762
24765
24765
24768
24771
24774
24774
24777
24777
24780
24780
24783
24783
24786
24786
24789
24789
24789
24789
24789
24792
24798
24798
24798
24798
24801
24801
24807
24807
24819
24822
24822
24822
24825
24825
24825
24831
24831
24834
24837
24837
24840
24840
24843
24843
24849
24855
24858
24867
24867
24867
24867
24870
24870
24873
24876
24876
24876
24879
24879
24879
24888
24888
24891
24894
24894
24894
24897
24900
24915
24921
24924
24924
24927
24960
24960
24969
24972
24972
24972
24975
24981
24981
24981
24984
24993
25002
25005
25005
25008
25014
25017
25017
25017
25017
25020
25023
25023
25026
25029
25029
25032
25035
25035
25038
25038
25041
25041
25047
25047
25047
25050
25050
25059
25059
25059
25062
25062
25074
25074
25074
25080
25083
25083
25083
25092
25092
25101
25107
25110
25110
25110
25119
25122
25125
25128
25128
25128
25134
25134
25134
25137
25137
25137
25140
25143
25143
25152
25152
25155
25158
25161
25167
25167
25170
25173
25176
25176
25179
25182
25185
25185
25188
25188
25188
25194
25200
25200
25203
25203
25203
25209
25209
25212
25215
25215
25218
25218
25221
25221
25221
25230
25233
25233
25233
25236
25236
25242
25242
25245
25245
25248
25257
25263
25263
25266
25269
25269
25272
25272
25272
25275
25278
25281
25284
25287
25287
25290
25293
25296
25296
25299
25302
25305
25308
25311
25317
25317
25323
25332
25338
25341
25341
25344
25347
25350
25353
25353
25356
25356
25356
25362
25377
25380
25380
25380
25383
25386
25392
25395
25395
25398
25404
25404
25407
25410
25413
25419
25422
25425
25428
25428
25428
25431
25431
25431
25443
25455
25455
25461
25461
25461
25464
25467
25467
25470
25473
25473
25476
25482
25482
25482
25485
25485
25488
25488
25488
25491
25494
25494
25497
25500
25506
25512
25512
25515
25515
25515
25518
25521
25521
25524
25530
25536
25536
25536
25545
25548
25548
25551
25554
25554
25560
25560
25572
25572
25575
25578
25578
25581
25590
25593
25596
25608
25614
25614
25614
25614
25617
25617
25617
25626
25626
25629
25638
25644
25644
25647
25647
25647
25650
25650
25659
25662
25662
25662
25665
25671
25674
25683
25692
25695
25698
25701
25701
25707
25710
25716
25719
25722
25722
25725
25728
25731
25737
25740
25746
25749
25752
25752
25755
25755
25755
25758
25764
25764
25773
25773
25776
25782
25785
25791
25797
25809
25809
25812
25818
25818
25821
25827
25836
25836
25839
25839
25842
25845
25851
25854
25857
25860
25860
25863
25863
25866
25869
25869
25869
25872
25878
25881
25890
25890
25890
25896
25902
25902
25905
25905
25908
25908
25914
25917
25920
25920
25923
25923
25941
25947
25953
25953
25956
25959
25959
25968
25971
25974
25974
25977
25983
25986
25986
25992
25992
25998
26001
26013
26016
26016
26016
26019
26022
26022
26025
26028
26031
26031
26037
26043
26043
26043
26043
26046
26052
26055
26055
26055
26058
26058
26064
26064
26064
26070
26076
26094
26097
26100
26100
26103
26106
26106
26109
26109
26115
26118
26127
26127
26127
26130
26133
26136
26142
26142
26154
26154
26172
26175
26175
26178
26178
26184
26184
26187
26190
26193
26193
26196
26199
26202
26205
26205
26205
26205
26205
26211
26211
26217
26217
26223
26226
26235
26235
26238
26238
26238
26241
26241
26250
26250
26253
26256
26259
26262
26262
26268
26268
26271
26280
26280
26289
26292
26292
26298
26298
26307
26316
26319
26319
26322
26322
26325
26328
26328
26331
26331
26331
26331
26334
26349
26352
26352
26358
26361
26361
26361
26364
26364
26367
26370
26373
26373
26376
26376
26379
26382
26388
26391
26397
26400
26403
26403
26409
26409
26412
26412
26415
26415
26415
26421
26427
26430
26433
26436
26436
26439
26451
26460
26460
26460
26463
26466
26466
26466
26469
26469
26475
26475
26484
26487
26487
26487
26490
26490
26493
26496
26511
26511
26514
26517
26526
26529
26529
26529
26529
26544
26547
26550
26553
26556
26559
26559
26562
26568
26568
26568
26571
26571
26574
26574
26574
26577
26580
26586
26586
26592
26595
26595
26601
26604
26604
26604
26610
26610
26613
26616
26619
26625
26625
26628
26628
26628
26634
26637
26640
26643
26643
26658
26661
26664
26664
26676
26679
26679
26679
26685
26685
26688
26688
26691
26691
26697
26697
26703
26709
26709
26709
26718
26718
26718
26721
26724
26724
26730
26730
26733
26739
26745
26754
26754
26754
26754
26763
26763
26769
26769
26769
26778
26778
26778
26781
26784
26790
26793
26793
26796
26796
26796
26796
26799
26814
26814
26817
26820
26823
26823
26829
26832
26832
26835
26841
26844
26853
26856
26859
26862
26868
26868
26868
26871
26874
26877
26877
26895
26898
26898
26916
26922
26922
26928
26928
26934
26934
26940
26940
26940
26943
26949
26949
26952
26952
26961
26961
26961
26964
26967
26967
26967
26970
26970
26973
26976
26979
26988
26991
26991
26991
26997
27003
27006
27006
27012
27015
27024
27030
27030
27030
27039
27042
27042
27048
27051
27051
27057
27066
27069
27069
27072
27081
27084
27084
27090
27090
27099
27102
27102
27102
27102
27108
27108
27111
27114
27117
27117
27117
27120
27120
27123
27126
27129
27132
27132
27141
27153
27153
27153
27156
27159
27159
27159
27162
27177
27177
27186
27189
27189
27189
27192
27195
27201
27207
27207
27210
27222
27225
27231
27234
27237
27240
27243
27243
27246
27249
27255
27264
27264
27267
27267
27270
27273
27273
27276
27276
27285
27291
27297
27297
27300
27306
27306
27309
27315
27321
27321
27324
27324
27324
27336
27339
27339
27339
27342
27342
27342
27345
27351
27357
27360
27360
27360
27366
27366
27366
27369
27369
27372
27375
27378
27381
27384
27384
27384
27384
27384
27390
27399
27405
27411
27414
27420
27420
27429
27429
27435
27453
27456
27462
27465
27468
27468
27471
27477
27477
27483
27489
27489
27492
27495
27495
27495
27501
27507
27507
27507
27513
27513
27513
27516
27516
27525
27528
27531
27531
27537
27543
27546
27549
27552
27552
27552
27558
27561
27564
27567
27570
27570
27576
27579
27582
27585
27585
27588
27591
27609
27609
27618
27621
27621
27627
27633
27636
27636
27639
27639
27639
27642
27648
27648
27651
27654
27654
27660
27660
27660
27669
27675
27675
27681
27681
27687
27687
27690
27699
27702
27708
27708
27714
27714
27714
27714
27720
27723
27726
27726
27729
27729
27732
27738
27741
27750
27762
27765
27765
27765
27765
27768
27768
27768
27771
27771
27774
27777
27777
27780
27783
27783
27789
27792
27792
27795
27795
27798
27798
27798
27801
27801
27807
27807
27819
27822
27825
27831
27843
27843
27846
27846
27849
27849
27852
27861
27861
27864
27870
27870
27870
27870
27870
27876
27882
27885
27888
27891
27891
27897
27897
27903
27906
27909
27915
27918
27924
27924
27924
27924
27927
27927
27936
27936
27945
27945
27954
27957
27957
27957
27966
27969
27969
27975
27975
27975
27978
27978
27981
27981
27984
27987
27990
27993
27999
27999
27999
28002
28005
28011
28017
28017
28017
28020
28026
28026
28032
28038
28038
28041
28044
28044
28044
28050
28050
28053
28062
28062
28065
28068
28071
28074
28074
28080
28080
28080
28092
28092
28095
28095
28098
28101
28104
28104
28104
28107
28107
28110
28110
28110
28113
28113
28113
28119
28125
28125
28125
28131
28131
28137
28143
28146
28146
28155
28158
28161
28164
28167
28173
28173
28173
28176
28179
28179
28185
28185
28188
28188
28191
28194
28200
28203
28206
28209
28209
28212
28212
28215
28218
28221
28224
28227
28236
28242
28248
28248
28251
28251
28251
28251
28254
28263
28263
28269
28269
28269
28278
28281
28284
28284
28287
28296
28296
28299
28299
28302
28305
28308
28308
28311
28314
28314
28317
28320
28323
28323
28326
28326
28326
28338
28341
28344
28350
28350
28353
28356
28356
28371
28374
28377
28386
28386
28386
28392
28392
28401
28401
28404
28404
28410
28416
28416
28419
28419
28419
28425
28434
28440
28440
28449
28449
28452
28461
28461
28464
28467
28467
28470
28473
28476
28476
28482
28488
28488
28491
28494
28494
28497
28497
28500
28500
28503
28506
28509
28509
28512
28515
28515
28518
28533
28533
28536
28536
28539
28542
28545
28548
28554
28554
28554
28557
28563
28563
28566
28566
28566
28569
28569
28569
28572
28572
28575
28578
28578
28581
28581
28584
28584
28584
28584
28587
28590
28590
28593
28596
28599
28602
28611
28611
28617
28617
28620
28620
28623
28623
28623
28626
28632
28638
28647
28650
28653
28656
28662
28662
28662
28662
28665
28668
28671
28671
28677
28677
28677
28677
28680
28683
28689
28689
28695
28695
28701
28704
28707
28707
28710
28713
28716
28719
28722
28722
28737
28737
28746
28752
28752
28755
28758
28764
28767
28767
28767
28770
28773
28776
28779
28782
28791
28791
28794
28794
28800
28803
28806
28806
28815
28818
28821
28830
28833
28833
28839
28842
28842
28845
28845
28854
28860
28863
28866
28869
28872
28881
28881
28887
28890
28893
28896
28908
28914
28914
28914
28914
28917
28920
28926
28926
28926
28926
28929
28929
28932
28935
28935
28938
28941
28941
28944
28956
28956
28959
28962
28962
28965
28971
28971
28977
28977
28977
28980
28983
28983
28989
28989
28992
28992
28998
28998
28998
29004
29004
29016
29016
29016
29016
29016
29019
29022
29022
29025
29025
29028
29031
29031
29031
29031
29043
29046
29049
29049
29052
29055
29055
29058
29064
29067
29067
29070
29070
29070
29076
29079
29082
29082
29091
29091
29097
29097
29103
29103
29103
29106
29109
29118
29118
29121
29121
29127
29130
29130
29136
29139
29139
29139
29145
29148
29151
29151
29154
29154
29157
29166
29172
29178
29187
29190
29190
29196
29199
29202
29205
29208
29208
29208
29208
29211
29211
29214
29217
29220
29220
29220
29223
29223
29232
29235
29238
29238
29244
29244
29247
29247
29250
29250
29253
29253
29256
29256
29265
29265
29271
29274
29280
29286
29289
29289
29289
29292
29292
29301
29304
29304
29307
29307
29310
29310
29310
29310
29319
29319
29331
29346
29346
29349
29355
29355
29358
29361
29361
29361
29367
29367
29367
29370
29370
29373
29376
29382
29388
29388
29388
29391
29394
29400
29403
29406
29406
29406
29412
29412
29415
29418
29421
29424
29424
29427
29427
29430
29433
29442
29445
29448
29448
29448
29448
29466
29466
29469
29469
29472
29484
29487
29496
29499
29499
29502
29502
29502
29505
29508
29508
29511
29511
29514
29514
29517
29517
29520
29520
29526
29529
29529
29529
29535
29535
29538
29538
29538
29544
29547
29547
29550
29550
29556
29559
29568
29571
29574
29574
29577
29580
29583
29583
29589
29595
29601
29601
29604
29604
29610
29613
29613
29616
29619
29619
29619
29619
29628
29631
29631
29634
29637
29643
29643
29643
29646
29646
29646
29646
29652
29652
29652
29655
29655
29658
29664
29667
29667
29676
29679
29682
29682
29694
29694
29697
29700
29706
29712
29712
29712
29715
29715
29721
29721
29721
29724
29733
29733
29736
29736
29736
29739
29742
29742
29745
29748
29751
29751
29751
29763
29766
29769
29775
29778
29778
29787
29787
29796
29799
29799
29802
29808
29814
29817
29820
29823
29826
29829
29832
29835
29838
29844
29844
29847
29847
29847
29847
29856
29856
29859
29862
29868
29874
29874
29874
29877
29880
29883
29883
29889
29889
29892
29892
29898
29904
29904
29907
29907
29910
29910
29913
29916
29916
29919
29922
29925
29928
29934
29937
29937
29937
29937
29943
29943
29946
29949
29949
29952
29952
29955
29961
29967
29970
29970
29973
29976
29982
29982
29985
29985
29991
29991
29991
29994
29997
30000
30003
30003
30012
30012
30015
30015
30015
30018
30024
30027
30036
30048
30051
30057
30060
30063
30069
30075
30075
30078
30081
30090
30096
30096
30096
30096
30096
30096
30099
30102
30105
30108
30108
30111
30111
30111
30114
30117
30126
30129
30132
30135
30135
30138
30141
30144
30144
30150
30150
30150
30153
30156
30162
30165
30168
30171
30171
30171
30171
30171
30174
30177
30180
30180
30183
30183
30183
30198
30201
30204
30207
30207
30207
30207
30213
30213
30213
30216
30219
30222
30225
30225
30225
30225
30228
30243
30246
30252
30255
30264
30267
30267
30267
30267
30270
30273
30276
30276
30279
30282
30294
30309
30309
30309
30312
30318
30321
30321
30327
30330
30330
30333
30336
30345
30345
30345
30348
30354
30354
30354
30357
30357
30360
30360
30363
30366
30369
30369
30369
30369
30372
30378
30378
30378
30381
30384
30387
30387
30390
30390
30390
30393
30393
30396
30399
30402
30405
30420
30423
30432
30435
30441
30447
30456
30462
30465
30471
30471
30477
30480
30480
30483
30486
30489
30489
30489
30489
30489
30492
30495
30495
30495
30495
30501
30501
30501
30504
30510
30513
30516
30516
30519
30528
30528
30531
30540
30540
30540
30543
30543
30552
30552
30555
30558
30561
30570
30573
30573
30576
30582
30588
30588
30591
30591
30591
30591
30594
30600
30600
30603
30606
30615
30618
30621
30624
30624
30627
30627
30627
30630
30630
30633
30636
30636
30645
30651
30666
30669
30672
30675
30675
30675
30678
30693
30696
30705
30705
30705
30708
30708
30714
30720
30723
30726
30726
30732
30732
30735
30747
30750
30756
30762
30762
30762
30762
30762
30762
30765
30768
30768
30768
30771
30777
30780
30780
30783
30783
30786
30804
30807
30810
30810
30810
30810
30813
30816
30816
30819
30819
30822
30828
30828
30831
30834
30837
30837
30843
30843
30849
30852
30852
30855
30855
30864
30867
30870
30870
30873
30873
30876
30876
30879
30879
30882
30885
30885
30894
30897
30900
30903
30906
30906
30906
30912
30915
30918
30918
30918
30921
30924
30927
30933
30948
30948
30951
30951
30951
30957
30957
30960
30963
30963
30966
30972
30972
30975
30978
30978
30984
30984
30984
30987
30990
30999
30999
30999
31002
31002
31005
31005
31008
31008
31011
31014
31017
31020
31020
31023
31023
31026
31026
31029
31035
31044
31044
31044
31047
31047
31047
31047
31050
31053
31056
31062
31062
31068
31074
31074
31080
31083
31086
31086
31089
31092
31095
31098
31104
31113
31122
31125
31134
31137
31137
31140
31140
31140
31143
31143
31146
31152
31152
31155
31155
31158
31161
31167
31170
31170
31173
31176
31182
31182
31182
31182
31185
31188
31191
31191
31191
31194
31194
31194
31200
31200
31206
31209
31212
31212
31215
31215
31218
31221
31224
31227
31227
31227
31230
31233
31236
31236
31239
31239
31242
31242
31242
31245
31245
31248
31248
31251
31251
31251
31254
31263
31266
31269
31272
31275
31275
31281
31281
31284
31287
31287
31293
31296
31302
31305
31305
31308
31314
31317
31320
31320
31332
31332
31335
31341
31341
31341
31344
31350
31356
31362
31362
31365
31365
31368
31368
31371
31377
31380
31380
31386
31386
31389
31395
31395
31398
31398
31398
31398
31398
31401
31401
31404
31410
31413
31416
31416
31416
31425
31428
31428
31434
31434
31434
31440
31440
31443
31443
31449
31458
31461
31464
31467
31470
31470
31473
31473
31476
31479
31485
31488
31488
31491
31494
31500
31500
31500
31500
31503
31506
31506
31509
31512
31512
31512
31515
31518
31518
31518
31521
31524
31527
31527
31536
31536
31539
31542
31542
31548
31560
31563
31569
31572
31572
31572
31575
31578
31581
31584
31584
31584
31590
31593
31596
31596
31596
31599
31605
31605
31605
31608
31611
31617
31617
31623
31623
31623
31629
31632
31632
31635
31650
31650
31653
31653
31659
31659
31665
31668
31671
31674
31677
31686
31692
31692
31692
31701
31701
31704
31704
31707
31707
31707
31710
31713
31722
31722
31731
31737
31746
31749
31755
31761
31761
31764
31767
31770
31770
31773
31776
31779
31779
31785
31785
31806
31809
31812
31812
31812
31815
31815
31818
31818
31818
31821
31821
31824
31830
31836
31839
31845
31845
31848
31848
31857
31860
31863
31866
31869
31872
31890
31893
31893
31896
31899
31899
31908
31914
31923
31932
31935
31935
31938
31941
31944
31947
31947
31947
31953
31953
31956
31956
31956
31956
31956
31962
31965
31965
31974
31977
31977
31980
31983
31986
31986
31989
31992
31995
31998
32001
32001
32004
32004
32007
32007
32013
32016
32019
32019
32019
32022
32022
32025
32025
32028
32028
32052
32052
32052
32055
32055
32055
32058
32061
32061
32067
32067
32067
32070
32073
32076
32079
32079
32094
32097
32097
32100
32103
32106
32109
32109
32112
32118
32121
32124
32124
32130
32133
32133
32133
32142
32142
32142
32148
32151
32151
32151
32160
32160
32160
32166
32166
32169
32172
32178
32178
32181
32184
32193
32199
32199
32199
32202
32208
32208
32208
32208
32214
32223
32223
32229
32238
32244
32250
32253
32253
32256
32256
32256
32256
32262
32271
32271
32271
32274
32280
32283
32283
32286
32286
32286
32286
32289
32292
32298
32298
32304
32310
32310
32313
32313
32316
32316
32316
32319
32322
32325
32328
32331
32340
32340
32346
32349
32349
32352
32355
32355
32361
32367
32367
32370
32370
32370
32373
32373
32376
32379
32379
32397
32400
32400
32400
32400
32403
32406
32409
32412
32415
32418
32424
32424
32427
32436
32436
32442
32442
32445
32448
32448
32448
32451
32454
32457
32460
32463
32463
32463
32469
32469
32475
32475
32478
32484
32487
32493
32499
32502
32502
32502
32505
32505
32508
32520
32523
32532
32535
32535
32535
32535
32538
32541
32547
32550
32550
32550
32550
32556
32559
32565
32568
32571
32574
32577
32580
32583
32586
32586
32589
32589
32592
32595
32595
32604
32604
32604
32616
32616
32616
32619
32625
32631
32631
32634
32643
32646
32652
32655
32655
32655
32655
32658
32661
32661
32661
32661
32661
32667
32676
32676
32679
32679
32679
32682
32685
32685
32688
32694
32700
32706
32706
32709
32712
32712
32712
32715
32718
32721
32721
32724
32724
32727
32730
32733
32736
32745
32748
32748
32751
32766
32766
32769
32772
32775
32778
32784
32787
32790
32793
32796
32796
32802
32802
32805
32811
32814
32820
32823
32823
32823
32826
32838
32841
32841
32847
32847
32847
32853
32856
32856
32856
32862
32868
32868
32868
32868
32874
32877
32877
32877
32880
32880
32883
32883
32886
32898
32904
32907
32907
32907
32910
32913
32916
32922
32928
32928
32928
32931
32931
32937
32937
32940
32940
32943
32946
32946
32946
32952
32952
32952
32955
32961
32964
32967
32973
32973
32976
32982
32982
32985
32988
32988
32991
33000
33006
33006
33009
33009
33012
33015
33018
33021
33021
33024
33027
33030
33033
33036
33039
33039
33039
33042
33042
33042
33048
33048
33051
33051
33051
33057
33063
33066
33066
33069
33081
33081
33090
33093
33093
33102
33102
33102
33108
33108
33108
33111
33111
33111
33114
33114
33114
33123
33123
33126
33126
33126
33126
33129
33129
33138
33153
33153
33159
33159
33159
33162
33168
33171
33174
33177
33177
33183
33201
33201
33204
33207
33222
33222
33228
33228
33228
33231
33237
33246
33246
33252
33252
33252
33255
33261
33261
33267
33267
33270
33273
33273
33273
33276
33288
33291
33297
33297
33300
33303
33312
33312
33315
33321
33321
33324
33327
33327
33345
33351
33354
33357
33357
33360
33369
33369
33372
33372
33375
33378
33381
33387
33390
33393
33393
33396
33402
33402
33402
33402
33408
33414
33414
33417
33426
33441
33444
33447
33450
33459
33462
33465
33468
33471
33471
33474
33477
33486
33486
33489
33492
33495
33498
33501
33504
33510
33516
33519
33525
33528
33534
33540
33543
33546
33558
33561
33561
33561
33567
33570
33570
33576
33576
33576
33579
33579
33582
33585
33594
33594
33600
33600
33600
33603
33603
33603
33606
33606
33612
33612
33615
33615
33615
33621
33627
33627
33642
33648
33660
33660
33669
33669
33678
33681
33681
33684
33687
33690
33690
33696
33699
33699
33699
33702
33702
33705
33714
33723
33738
33741
33753
33756
33756
33759
33759
33759
33759
33762
33768
33768
33774
33777
33780
33780
33780
33783
33795
33795
33798
33801
33807
33807
33813
33813
33816
33816
33816
33822
33828
33831
33837
33840
33840
33843
33843
33843
33843
33846
33858
33858
33858
33858
33861
33864
33864
33870
33873
33876
33879
33882
33891
33894
33897
33897
33897
33909
33909
33909
33909
33909
33912
33915
33915
33921
33930
33939
33945
33945
33945
33948
33948
33948
33957
33960
33960
33966
33966
33969
33972
33972
33975
33975
33978
33981
33981
33990
33993
33993
33993
33999
34002
34008
34008
34014
34014
34017
34023
34023
34029
34029
34038
34047
34053
34053
34053
34056
34056
34062
34062
34068
34083
34086
34092
34098
34101
34104
34104
34107
34107
34110
34116
34116
34119
34125
34128
34131
34137
34137
34140
34140
34143
34155
34155
34155
34161
34164
34167
34170
34170
34173
34173
34173
34176
34179
34179
34182
34185
34191
34194
34194
34200
34203
34206
34209
34209
34215
34224
34227
34230
34230
34236
34236
34239
34242
34248
34257
34266
34266
34278
34281
34281
34287
34290
34290
34293
34299
34299
34302
34311
34323
34323
34329
34332
34338
34338
34341
34341
34341
34347
34347
34353
34353
34356
34356
34359
34362
34365
34368
34371
34374
34380
34383
34383
34383
34386
34392
34395
34395
34398
34401
34401
34401
34404
34404
34410
34410
34416
34416
34419
34422
34422
34425
34425
34425
34428
34428
34431
34437
34440
34440
34440
34446
34452
34452
34455
34458
34458
34461
34461
34464
34470
34476
34479
34479
34479
34488
34491
34491
34491
34491
34494
34497
34500
34503
34506
34512
34512
34518
34521
34521
34524
34527
34533
34533
34533
34536
34545
34548
34554
34554
34557
34560
34560
34563
34572
34572
34575
34578
34581
34587
34590
34590
34599
34602
34605
34608
34608
34608
34614
34614
34614
34620
34620
34620
34626
34629
34632
34632
34635
34638
34650
34653
34653
34653
34668
34668
34668
34671
34674
34677
34677
34683
34686
34686
34689
34689
34689
34689
34695
34698
34701
34704
34704
34710
34713
34713
34716
34719
34722
34725
34728
34731
34734
34737
34746
34746
34746
34749
34749
34758
34758
34761
34761
34761
34764
34773
34776
34776
34779
34779
34782
34782
34785
34788
34791
34794
34794
34800
34800
34803
34806
34812
34815
34818
34818
34821
34821
34824
34824
34824
34827
34827
34830
34836
34839
34842
34848
34848
34854
34854
34869
34872
34878
34887
34890
34890
34899
34899
34902
34905
34911
34911
34911
34911
34914
34914
34917
34917
34917
34920
34923
34923
34929
34935
34938
34941
34944
34950
34950
34959
34968
34968
34977
34980
34980
34980
34983
34986
34995
35001
35004
35007
35007
35013
35028
35031
35031
35034
35034
35037
35040
35040
35043
35043
35046
35046
35058
35064
35067
35073
35076
35076
35082
35091
35094
35097
35103
35112
35112
35112
35115
35115
35115
35118
35118
35121
35124
35127
35130
35142
35148
35148
35169
35169
35172
35172
35175
35178
35178
35181
35181
35184
35187
35193
35193
35196
35199
35199
35199
35205
35205
35205
35205
35208
35211
35214
35217
35217
35217
35223
35223
35223
35223
35229
35229
35229
35232
35235
35235
35238
35238
35238
35238
35238
35241
35241
35250
35250
35250
35250
35250
35253
35256
35256
35256
35256
35256
35265
35268
35268
35271
35274
35277
35277
35280
35280
35280
35280
35283
35286
35289
35292
35295
35298
35301
35304
35316
35319
35322
35325
35328
35328
35337
35349
35352
35352
35358
35358
35361
35361
35361
35367
35367
35370
35370
35373
35382
35382
35388
35388
35391
35400
35406
35406
35409
35424
35427
35439
35442
35442
35445
35448
35448
35454
35454
35457
35460
35460
35469
35469
35472
35478
35481
35484
35490
35502
35511
35511
35511
35517
35517
35520
35520
35520
35529
35532
35535
35538
35541
35550
35553
35553
35556
35556
35559
35565
35565
35571
35571
35574
35583
35592
35592
35595
35595
35601
35601
35604
35607
35607
35616
35619
35625
35625
35628
35634
35637
35640
35640
35643
35643
35643
35652
35652
35655
35655
35655
35655
35658
35664
35670
35670
35676
35679
35682
35685
35685
35688
35697
35700
35703
35706
35709
35712
35712
35724
35727
35730
35733
35736
35739
35748
35748
35751
35757
35757
35760
35760
35763
35766
35769
35772
35772
35772
35772
35775
35775
35778
35781
35781
35781
35784
35784
35784
35787
35787
35793
35796
35799
35808
35808
35811
35814
35817
35823
35823
35826
35829
35838
35847
35850
35850
35853
35856
35859
35859
35865
35865
35868
35868
35868
35871
35871
35874
35877
35886
35892
35892
35895
35895
35901
35907
35907
35907
35910
35913
35916
35919
35922
35925
35925
35925
35934
35943
35943
35946
35946
35946
35949
35949
35955
35955
35958
35958
35964
35964
35970
35973
35976
35985
35985
35991
35991
35991
35991
36003
36006
36009
36009
36015
36018
36018
36018
36024
36024
36024
36030
36033
36036
36039
36042
36042
36048
36048
36051
36054
36057
36060
36063
36063
36069
36069
36072
36072
36075
36075
36075
36078
36081
36084
36087
36087
36096
36096
36099
36099
36102
36102
36105
36105
36108
36108
36111
36111
36114
36117
36117
36126
36126
36126
36126
36132
36132
36135
36135
36138
36138
36144
36147
36147
36156
36156
36159
36162
36165
36168
36186
36189
36189
36192
36192
36198
36201
36201
36204
36213
36213
36213
36216
36216
36219
36222
36222
36228
36228
36240
36243
36243
36249
36249
36252
36261
36264
36270
36282
36294
36294
36297
36300
36300
36300
36303
36303
36303
36309
36312
36312
36321
36321
36333
36333
36342
36348
36357
36357
36363
36369
36369
36372
36375
36378
36381
36387
36387
36390
36393
36396
36399
36399
36408
36414
36417
36417
36417
36423
36426
36426
36429
36429
36429
36432
36435
36438
36438
36441
36450
36453
36456
36459
36465
36468
36468
36471
36471
36471
36477
36480
36480
36483
36483
36483
36492
36501
36501
36504
36507
36507
36510
36510
36510
36510
36513
36516
36516
36516
36519
36519
36522
36522
36528
36540
36546
36546
36549
36549
36552
36558
36567
36570
36570
36570
36573
36573
36573
36579
36579
36588
36588
36591
36597
36597
36606
36606
36609
36618
36624
36630
36636
36639
36639
36642
36645
36645
36648
36648
36651
36651
36660
36663
36666
36672
36672
36672
36678
36681
36681
36684
36684
36690
36693
36693
36699
36702
36702
36705
36711
36714
36717
36717
36717
36720
36720
36732
36741
36747
36750
36753
36753
36762
36765
36765
36768
36774
36777
36777
36780
36780
36783
36783
36789
36801
36801
36810
36810
36813
36813
36819
36822
36828
36828
36834
36840
36861
36861
36867
36876
36879
36879
36882
36882
36885
36897
36900
36903
36906
36909
36909
36909
36915
36915
36924
36924
36927
36927
36930
36930
36930
36930
36933
36933
36933
36936
36936
36939
36942
36945
36945
36948
36951
36951
36954
36957
36960
36969
36978
36999
37002
37005
37008
37011
37011
37011
37014
37017
37020
37032
37035
37035
37041
37041
37047
37050
37050
37050
37053
37056
37059
37062
37083
37086
37089
37092
37095
37095
37098
37101
37101
37107
37110
37116
37119
37122
37128
37131
37131
37140
37143
37143
37158
37161
37161
37167
37173
37176
37179
37179
37179
37182
37185
37185
37188
37191
37194
37197
37197
37197
37200
37206
37209
37212
37221
37227
37227
37227
37233
37239
37245
37254
37263
37263
37266
37266
37269
37269
37275
37278
37281
37281
37284
37284
37284
37284
37284
37284
37284
37287
37287
37287
37293
37293
37296
37299
37302
37305
37305
37311
37314
37317
37317
37320
37320
37326
37326
37329
37332
37335
37341
37341
37344
37344
37344
37347
37347
37353
37353
37359
37362
37365
37374
37374
37377
37377
37380
37389
37392
37395
37398
37404
37410
37410
37416
37416
37419
37422
37437
37440
37440
37440
37440
37446
37449
37449
37455
37458
37458
37458
37464
37467
37467
37467
37473
37476
37476
37476
37482
37488
37491
37491
37494
37494
37497
37497
37506
37509
37509
37512
37515
37518
37518
37521
37527
37545
37545
37557
37560
37566
37566
37572
37578
37578
37581
37581
37581
37584
37584
37584
37584
37587
37587
37593
37602
37614
37620
37620
37629
37632
37635
37644
37644
37644
37644
37644
37647
37653
37659
37662
37662
37665
37668
37674
37677
37692
37698
37701
37707
37707
37713
37713
37719
37722
37728
37737
37740
37740
37740
37743
37746
37746
37746
37752
37755
37755
37761
37761
37773
37782
37782
37788
37791
37797
37803
37809
37809
37812
37812
37812
37812
37815
37818
37821
37824
37827
37833
37839
37839
37839
37839
37842
37848
37851
37851
37854
37854
37857
37860
37860
37863
37863
37866
37866
37869
37872
37872
37875
37878
37881
37881
37884
37890
37890
37893
37893
37893
37896
37896
37902
37902
37902
37908
37911
37911
37920
37920
37923
37923
37923
37929
37932
37935
37935
37938
37941
37947
37950
37950
37953
37953
37956
37959
37962
37965
37968
37968
37974
37977
37983
37986
37989
37989
37992
37992
37992
37998
38001
38004
38016
38016
38022
38022
38025
38025
38031
38034
38034
38037
38037
38043
38046
38049
38052
38061
38064
38067
38070
38073
38073
38073
38076
38088
38100
38103
38103
38103
38103
38109
38109
38112
38112
38115
38121
38127
38133
38133
38139
38139
38142
38142
38148
38154
38163
38163
38166
38169
38175
38178
38184
38187
38193
38193
38199
38202
38205
38205
38208
38208
38214
38217
38217
38223
38223
38226
38232
38235
38238
38241
38253
38259
38259
38259
38259
38262
38262
38262
38262
38265
38271
38271
38274
38277
38292
38298
38298
38298
38301
38304
38313
38319
38331
38331
38331
38331
38337
38340
38343
38346
38346
38349
38352
38352
38352
38352
38367
38370
38370
38376
38376
38379
38382
38385
38385
38385
38391
38391
38394
38394
38403
38406
38406
38409
38412
38421
38427
38430
38430
38436
38445
38454
38454
38454
38457
38460
38460
38460
38463
38463
38469
38472
38472
38478
38478
38481
38481
38484
38484
38484
38487
38493
38493
38496
38499
38499
38499
38505
38505
38508
38511
38511
38514
38517
38517
38520
38520
38529
38529
38535
38538
38541
38547
38550
38550
38553
38559
38568
38568
38571
38574
38577
38577
38580
38580
38583
38595
38595
38595
38598
38601
38604
38607
38613
38613
38616
38619
38622
38625
38628
38628
38628
38631
38634
38634
38640
38646
38646
38655
38664
38664
38670
38673
38676
38679
38682
38682
38685
38691
38691
38694
38694
38697
38706
38706
38706
38706
38709
38712
38724
38724
38724
38730
38730
38733
38742
38742
38745
38745
38751
38754
38760
38763
38763
38763
38763
38763
38766
38772
38775
38778
38781
38787
38787
38790
38793
38796
38796
38796
38802
38805
38805
38808
38814
38814
38817
38817
38829
38829
38832
38838
38838
38841
38847
38847
38853
38856
38856
38862
38868
38868
38868
38868
38868
38871
38871
38877
38877
38877
38883
38883
38892
38895
38904
38910
38916
38916
38916
38919
38919
38925
38925
38925
38931
38934
38940
38946
38952
38955
38967
38970
38973
38976
38979
38979
38982
38988
38997
38997
39000
39012
39012
39027
39030
39036
39036
39036
39039
39042
39048
39048
39048
39054
39063
39066
39066
39066
39069
39069
39078
39081
39081
39081
39087
39087
39090
39093
39093
39096
39096
39096
39102
39105
39108
39111
39117
39117
39120
39126
39135
39138
39138
39144
39144
39150
39150
39150
39150
39153
39156
39159
39162
39162
39162
39162
39165
39165
39168
39168
39168
39171
39177
39180
39186
39186
39186
39189
39192
39207
39210
39213
39213
39219
39219
39225
39231
39231
39231
39234
39234
39237
39237
39237
39240
39240
39240
39243
39243
39246
39252
39258
39267
39270
39270
39273
39273
39276
39276
39279
39282
39282
39288
39294
39297
39300
39303
39306
39309
39315
39318
39318
39324
39327
39327
39327
39327
39330
39333
39333
39336
39339
39348
39348
39351
39351
39351
39360
39363
39372
39375
39381
39384
39384
39387
39387
39390
39399
39399
39399
39402
39405
39405
39405
39408
39411
39414
39417
39420
39420
39420
39423
39426
39432
39432
39432
39432
39435
39435
39438
39441
39441
39444
39447
39447
39450
39450
39450
39459
39462
39462
39462
39465
39468
39468
39471
39471
39477
39477
39477
39483
39483
39489
39495
39498
39504
39510
39513
39513
39513
39516
39519
39519
39522
39525
39531
39537
39537
39537
39540
39546
39549
39552
39561
39564
39564
39564
39564
39573
39573
39573
39576
39579
39579
39579
39585
39588
39588
39588
39600
39600
39606
39609
39615
39618
39618
39621
39621
39624
39627
39630
39630
39633
39633
39636
39639
39639
39645
39645
39645
39648
39651
39654
39657
39660
39660
39660
39663
39663
39666
39666
39669
39672
39672
39672
39672
39675
39678
39696
39702
39705
39708
39711
39714
39714
39714
39720
39720
39720
39723
39729
39732
39735
39738
39741
39741
39741
39750
39750
39753
39753
39759
39759
39765
39768
39771
39771
39774
39780
39783
39789
39792
39801
39804
39807
39807
39807
39810
39816
39819
39828
39828
39828
39834
39837
39861
39861
39867
39867
39873
39876
39882
39882
39885
39885
39888
39888
39891
39894
39897
39900
39900
39903
39909
39912
39918
39921
39921
39921
39921
39924
39924
39930
39936
39942
39942
39942
39942
39942
39945
39945
39951
39951
39960
39960
39960
39960
39960
39969
39972
39975
39975
39975
39981
39987
39987
39987
39987
39993
40002
40005
40008
40008
40017
40017
40023
40023
40029
40032
40035
40044
40044
40047
40047
40050
40056
40056
40059
40059
40062
40062
40062
40071
40071
40074
40074
40080
40083
40086
40095
40095
40098
40098
40113
40116
40116
40122
40122
40125
40125
40128
40134
40137
40140
40146
40146
40149
40152
40155
40155
40158
40158
40164
40164
40170
40170
40173
40176
40179
40182
40188
40191
40197
40197
40203
40209
40209
40212
40212
40212
40215
40221
40224
40224
40227
40230
40236
40236
40239
40242
40248
40251
40254
40254
40257
40260
40263
40266
40284
40284
40284
40293
40296
40296
40299
40299
40302
40305
40308
40308
40320
40326
40335
40335
40335
40335
40335
40341
40347
40347
40347
40350
40353
40353
40362
40365
40365
40365
40368
40371
40374
40377
40386
40395
40395
40395
40395
40401
40404
40404
40407
40407
40422
40422
40428
40428
40434
40440
40446
40449
40449
40452
40452
40452
40452
40452
40455
40458
40458
40458
40461
40467
40467
40473
40479
40482
40482
40485
40488
40491
40494
40497
40497
40500
40503
40509
40509
40512
40512
40518
40521
40521
40521
40521
40524
40524
40527
40527
40530
40530
40530
40539
40542
40545
40551
40557
40566
40566
40575
40581
40584
40584
40587
40590
40596
40599
40599
40599
40605
40611
40611
40614
40617
40620
40623
40623
40626
40626
40626
40632
40635
40635
40641
40644
40644
40644
40653
40656
40662
40665
40668
40671
40677
40683
40686
40692
40695
40695
40698
40701
40713
40725
40725
40728
40728
40728
40734
40740
40746
40749
40749
40749
40755
40758
40761
40761
40773
40773
40773
40773
40773
40776
40779
40785
40788
40803
40806
40809
40809
40812
40818
40821
40824
40824
40824
40824
40827
40827
40830
40830
40833
40836
40836
40839
40839
40839
40842
40842
40845
40848
40848
40851
40854
40857
40863
40866
40866
40875
40875
40881
40881
40881
40887
40890
40890
40908
40908
40911
40917
40920
40920
40920
40929
40929
40935
40953
40956
40977
40980
40983
40983
40983
40986
40986
40992
40995
40998
40998
41007
41010
41010
41013
41013
41019
41025
41025
41028
41031
41034
41037
41037
41037
41043
41043
41046
41046
41046
41049
41049
41049
41055
41055
41058
41067
41070
41070
41070
41079
41079
41082
41082
41085
41085
41094
41094
41097
41103
41103
41103
41109
41109
41115
41127
41130
41130
41133
41142
41148
41151
41160
41163
41169
41169
41172
41175
41178
41181
41181
41184
41184
41187
41187
41187
41190
41196
41196
41199
41202
41202
41208
41211
41214
41220
41223
41226
41229
41229
41229
41235
41238
41238
41238
41247
41247
41250
41259
41259
41262
41265
41268
41271
41277
41277
41277
41280
41280
41283
41286
41292
41307
41307
41307
41310
41313
41316
41316
41319
41319
41319
41322
41322
41334
41337
41340
41352
41355
41358
41358
41361
41364
41370
41370
41370
41376
41379
41379
41379
41397
41406
41418
41418
41421
41424
41424
41424
41430
41433
41433
41436
41439
41439
41442
41442
41445
41451
41454
41460
41478
41478
41481
41481
41481
41487
41487
41490
41490
41490
41490
41493
41493
41496
41496
41496
41505
41514
41514
41514
41523
41523
41526
41529
41532
41535
41535
41535
41541
41556
41559
41562
41565
41571
41577
41580
41586
41586
41589
41592
41595
41595
41598
41610
41613
41613
41613
41616
41619
41622
41625
41628
41628
41634
41634
41637
41637
41646
41646
41649
41649
41649
41652
41652
41652
41652
41655
41658
41664
41664
41667
41670
41673
41673
41676
41676
41685
41691
41697
41700
41700
41706
41706
41712
41712
41712
41718
41718
41718
41724
41736
41739
41742
41745
41751
41751
41751
41763
41769
41769
41769
41772
41772
41781
41781
41790
41790
41793
41793
41796
41799
41802
41814
41817
41817
41817
41820
41823
41826
41838
41838
41844
41847
41847
41850
41868
41871
41877
41880
41880
41889
41895
41895
41895
41901
41901
41904
41910
41916
41916
41916
41919
41919
41925
41925
41925
41928
41928
41928
41928
41931
41931
41937
41937
41940
41943
41943
41943
41952
41952
41952
41958
41961
41967
41967
41973
41973
41979
41988
41994
41994
42003
42003
42009
42012
42012
42021
42021
42027
42033
42054
42060
42069
42069
42072
42078
42078
42081
42081
42087
42087
42087
42090
42102
42108
42111
42114
42123
42126
42132
42138
42138
42138
42141
42141
42144
42144
42144
42147
42153
42153
42156
42159
42159
42165
42168
42171
42171
42174
42177
42177
42183
42186
42186
42189
42201
42201
42204
42207
42207
42207
42210
42210
42213
42216
42219
42219
42219
42225
42225
42225
42234
42243
42246
42249
42255
42258
42264
42270
42273
42276
42276
42279
42282
42285
42285
42285
42288
42291
42294
42297
42300
42303
42303
42312
42315
42315
42315
42321
42330
42330
42333
42336
42348
42357
42363
42366
42369
42369
42372
42372
42372
42372
42384
42393
42396
42402
42405
42408
42411
42417
42420
42426
42429
42432
42432
42432
42438
42438
42438
42447
42450
42450
42453
42453
42453
42459
42465
42468
42468
42471
42474
42474
42477
42477
42480
42483
42492
42492
42492
42495
42501
42501
42504
42516
42519
42519
42522
42522
42531
42537
42537
42540
42543
42549
42552
42552
42555
42555
42555
42558
42561
42561
42567
42570
42570
42573
42576
42582
42582
42585
42591
42591
42591
42591
42594
42600
42606
42609
42609
42612
42618
42618
42621
42627
42630
42630
42633
42633
42639
42645
42645
42645
42645
42648
42654
42660
42663
42666
42666
42669
42669
42672
42678
42684
42684
42684
42687
42690
42690
42690
42696
42696
42699
42702
42705
42708
42714
42714
42717
42729
42729
42738
42738
42738
42744
42747
42750
42753
42753
42756
42759
42759
42759
42762
42762
42765
42768
42771
42774
42777
42777
42783
42789
42792
42795
42798
42798
42798
42801
42801
42801
42804
42807
42810
42813
42813
42819
42822
42825
42828
42837
42840
42843
42846
42849
42852
42855
42858
42858
42858
42861
42867
42873
42873
42879
42882
42882
42885
42888
42888
42888
42891
42891
42894
42894
42900
42900
42906
42912
42912
42912
42915
42915
42921
42930
42930
42936
42936
42936
42939
42939
42942
42942
42945
42945
42948
42948
42951
42951
42951
42951
42957
42957
42957
42960
42963
42966
42969
42969
42975
42975
42978
42984
42990
42990
42993
42993
42996
43005
43005
43011
43014
43023
43023
43026
43026
43029
43035
43035
43041
43047
43053
43059
43059
43059
43065
43068
43071
43074
43074
43074
43077
43086
43089
43095
43101
43101
43101
43104
43107
43110
43113
43116
43116
43119
43122
43128
43131
43134
43134
43140
43140
43146
43146
43152
43155
43161
43164
43170
43173
43179
43179
43179
43182
43185
43185
43188
43188
43194
43197
43200
43206
43215
43221
43224
43233
43233
43236
43239
43239
43242
43245
43245
43248
43251
43251
43266
43269
43269
43272
43275
43278
43278
43281
43281
43284
43284
43287
43290
43293
43293
43296
43299
43305
43305
43308
43311
43320
43320
43326
43332
43335
43335
43335
43338
43338
43341
43347
43347
43347
43347
43347
43350
43353
43353
43371
43377
43377
43377
43380
43380
43383
43383
43383
43386
43389
43389
43389
43395
43398
43398
43401
43404
43404
43404
43407
43407
43407
43407
43413
43413
43416
43419
43425
43434
43440
43440
43443
43449
43452
43452
43455
43461
43467
43467
43467
43473
43473
43476
43479
43479
43485
43485
43488
43488
43497
43497
43503
43506
43506
43509
43515
43515
43518
43524
43524
43530
43533
43536
43536
43539
43539
43539
43539
43542
43548
43551
43551
43560
43563
43566
43575
43581
43584
43587
43596
43611
43614
43614
43617
43620
43620
43629
43638
43638
43644
43644
43644
43647
43650
43650
43653
43665
43668
43674
43686
43689
43692
43695
43698
43698
43701
43707
43713
43716
43725
43728
43737
43740
43740
43746
43749
43749
43749
43752
43755
43755
43761
43761
43761
43764
43767
43770
43770
43773
43773
43773
43776
43779
43794
43806
43806
43812
43812
43812
43824
43827
43830
43836
43836
43842
43848
43848
43851
43851
43854
43854
43854
43854
43857
43866
43872
43878
43881
43884
43884
43884
43884
43893
43896
43896
43899
43905
43908
43908
43914
43914
43914
43917
43917
43917
43920
43920
43923
43923
43923
43926
43932
43932
43932
43935
43941
43941
43947
43953
43956
43956
43962
43962
43965
43971
43971
43971
43974
43977
43980
43980
43983
43986
43989
43998
43998
43998
44004
44007
44007
44010
44013
44019
44019
44022
44025
44028
44031
44037
44037
44049
44055
44061
44064
44064
44067
44067
44070
44076
44085
44091
44091
44091
44091
44091
44094
44094
44103
44106
44112
44115
44118
44121
44127
44127
44133
44133
44136
44139
44145
44148
44151
44157
44157
44157
44160
44163
44163
44163
44166
44169
44169
44169
44169
44175
44178
44181
44187
44193
44196
44196
44196
44196
44199
44199
44202
44205
44226
44232
44235
44238
44241
44244
44247
44250
44250
44253
44253
44256
44259
44262
44262
44265
44271
44271
44277
44283
44286
44286
44286
44286
44289
44289
44292
44292
44295
44295
44298
44301
44304
44304
44304
44304
44307
44316
44319
44322
44325
44328
44328
44331
44337
44337
44337
44340
44343
44349
44349
44355
44361
44367
44370
44370
44373
44373
44379
44388
44388
44391
44391
44394
44394
44397
44400
44403
44403
44403
44418
44418
44430
44430
44433
44433
44436
44436
44439
44439
44439
44442
44442
44442
44445
44445
44448
44448
44448
44454
44469
44469
44475
44478
44478
44484
44484
44487
44487
44487
44487
44490
44493
44493
44493
44496
44499
44505
44514
44520
44526
44526
44529
44529
44535
44535
44538
44541
44541
44544
44547
44547
44556
44562
44562
44571
44574
44577
44577
44580
44583
44586
44586
44595
44595
44598
44607
44616
44616
44619
44619
44622
44622
44625
44625
44625
44628
44628
44628
44634
44634
44640
44640
44640
44649
44652
44658
44658
44661
44661
44661
44667
44667
44673
44676
44676
44682
44682
44682
44682
44682
44688
44691
44694
44694
44700
44703
44703
44703
44706
44727
44730
44733
44736
44739
44748
44751
44754
44754
44754
44766
44769
44769
44772
44775
44781
44781
44787
44787
44790
44793
44793
44802
44802
44817
44820
44826
44826
44832
44838
44841
44847
44847
44850
44850
44853
44856
44859
44871
44874
44880
44889
44892
44895
44901
44907
44910
44913
44916
44922
44922
44925
44931
44931
44931
44934
44934
44940
44946
44952
44952
44952
44955
44961
44967
44973
44973
44976
44976
44982
44982
44982
44982
44985
44988
44988
44988
44991
44997
44997
44997
45006
45006
45009
45009
45012
45012
45015
45021
45021
45024
45024
45024
45027
45030
45033
45033
45033
45045
45048
45048
45054
45054
45057
45060
45060
45063
45063
45063
45066
45069
45069
45069
45072
45078
45078
45093
45096
45099
45105
45108
45108
45108
45111
45111
45114
45117
45126
45132
45138
45138
45144
45147
45150
45153
45153
45153
45156
45162
45162
45165
45168
45171
45171
45171
45171
45174
45174
45180
45180
45180
45183
45189
45198
45201
45207
45210
45213
45216
45219
45222
45228
45228
45237
45240
45240
45252
45252
45255
45255
45255
45264
45264
45276
45279
45282
45288
45288
45294
45297
45300
45303
45309
45312
45312
45312
45315
45321
45324
45330
45336
45342
45348
45348
45351
45357
45363
45366
45369
45369
45372
45372
45372
45375
45375
45378
45384
45387
45393
45399
45402
45405
45408
45408
45411
45411
45414
45420
45423
45426
45432
45438
45441
45441
45453
45453
45459
45462
45462
45465
45468
45468
45468
45468
45471
45474
45477
45477
45480
45480
45483
45483
45486
45489
45498
45498
45498
45501
45513
45513
45513
45528
45531
45537
45537
45537
45540
45543
45549
45549
45552
45558
45564
45570
45570
45573
45573
45576
45582
45585
45585
45588
45591
45594
45594
45594
45594
45597
45603
45606
45606
45609
45609
45612
45615
45618
45621
45621
45624
45627
45627
45627
45633
45633
45636
45639
45639
45639
45642
45645
45645
45648
45654
45654
45666
45666
45666
45669
45672
45672
45672
45675
45675
45678
45678
45687
45690
45690
45693
45696
45696
45696
45696
45699
45699
45699
45699
45699
45702
45708
45711
45711
45717
45720
45720
45723
45726
45726
45738
45741
45741
45741
45744
45747
45747
45753
45765
45771
45774
45774
45777
45777
45777
45786
45786
45792
45792
45795
45798
45801
45807
45822
45825
45825
45831
45831
45834
45834
45837
45837
45840
45843
45846
45852
45855
45861
45861
45873
45873
45876
45879
45879
45879
45882
45885
45888
45891
45897
45903
45903
45906
45906
45909
45909
45909
45912
45912
45912
45912
45918
45918
45918
45921
45924
45924
45933
45933
45933
45936
45939
45948
45954
45960
45963
45966
45969
45969
45972
45972
45975
45978
45981
45981
45984
45984
45987
45987
45987
45990
45990
45996
45996
46011
46014
46014
46017
46017
46017
46020
46020
46023
46029
46035
46041
46044
46044
46044
46050
46053
46053
46077
46083
46086
46089
46089
46098
46098
46098
46101
46107
46116
46116
46122
46122
46125
46128
46128
46131
46137
46140
46140
46143
46143
46146
46152
46152
46158
46161
46164
46167
46170
46170
46176
46179
46182
46182
46182
46185
46185
46185
46188
46188
46191
46191
46194
46200
46206
46209
46209
46209
46209
46215
46215
46218
46221
46224
46227
46227
46230
46236
46236
46239
46242
46245
46245
46251
46263
46263
46266
46266
46272
46272
46275
46278
46278
46278
46278
46278
46281
46287
46287
46293
46296
46305
46311
46311
46317
46320
46329
46332
46335
46335
46335
46338
46341
46344
46350
46356
46365
46368
46368
46374
46374
46380
46383
46383
46386
46386
46401
46407
46413
46413
46416
46422
46431
46434
46434
46434
46434
46440
46440
46449
46449
46452
46452
46458
46458
46461
46470
46473
46479
46479
46485
46485
46491
46494
46500
46503
46506
46506
46512
46512
46515
46521
46536
46539
46539
46542
46557
46557
46557
46557
46566
46572
46572
46578
46584
46587
46587
46590
46593
46599
46599
46602
46602
46602
46605
46605
46611
46611
46617
46620
46626
46629
46632
46638
46638
46638
46641
46644
46644
46644
46644
46650
46653
46656
46665
46665
46674
46674
46686
46689
46689
46695
46698
46701
46707
46707
46710
46713
46716
46728
46728
46728
46734
46734
46755
46758
46770
46773
46779
46779
46785
46788
46791
46791
46797
46800
46800
46806
46806
46809
46809
46812
46815
46818
46818
46821
46824
46827
46830
46830
46836
46842
46848
46851
46857
46857
46863
46866
46878
46878
46890
46890
46896
46899
46899
46902
46908
46908
46911
46911
46917
46917
46917
46917
46917
46920
46920
46920
46923
46932
46935
46941
46953
46953
46956
46956
46956
46959
46962
46965
46968
46968
46971
46971
46974
46977
46980
46986
46986
46986
46992
46992
46992
46995
46998
47001
47004
47004
47007
47007
47007
47010
47010
47016
47016
47019
47019
47022
47022
47025
47025
47034
47040
47040
47043
47046
47049
47052
47052
47067
47070
47070
47070
47079
47082
47082
47088
47094
47106
47109
47109
47112
47112
47115
47118
47121
47124
47127
47130
47130
47130
47133
47142
47157
47163
47163
47163
47169
47172
47181
47181
47184
47187
47187
47187
47196
47196
47205
47208
47220
47220
47223
47226
47226
47226
47226
47226
47226
47232
47235
47235
47241
47241
47247
47247
47250
47253
47253
47256
47256
47262
47262
47268
47271
47271
47277
47277
47289
47292
47295
47295
47301
47304
47310
47310
47310
47313
47316
47322
47325
47325
47328
47331
47331
47337
47343
47343
47346
47352
47355
47358
47358
47361
47364
47364
47373
47379
47379
47382
47385
47388
47391
47394
47403
47406
47406
47409
47415
47421
47427
47427
47433
47436
47436
47436
47439
47442
47445
47451
47454
47454
47460
47460
47460
47463
47469
47469
47475
47475
47478
47478
47481
47484
47484
47484
47487
47490
47493
47493
47505
47508
47508
47523
47523
47526
47529
47529
47535
47547
47550
47550
47550
47553
47562
47571
47571
47571
47574
47577
47580
47583
47583
47586
47598
47604
47604
47607
47610
47616
47619
47619
47622
47625
47625
47628
47634
47643
47643
47649
47652
47655
47655
47655
47655
47658
47664
47670
47673
47676
47679
47697
47697
47709
47712
47715
47721
47727
47730
47733
47739
47742
47745
47745
47745
47748
47751
47754
47775
47778
47781
47781
47784
47790
47796
47802
47811
47814
47814
47817
47817
47817
47823
47823
47823
47826
47835
47841
47847
47847
47850
47850
47853
47856
47859
47865
47865
47868
47868
47871
47871
47874
47874
47880
47880
47880
47880
47892
47907
47913
47913
47919
47922
47925
47931
47931
47934
47934
47934
47937
47940
47949
47952
47955
47955
47958
47979
47982
47982
47982
47982
47985
47988
47988
47991
47991
47991
47991
47997
