17000
0
3
6
21
21
42
45
48
51
51
51
54
57
57
60
63
69
78
78
81
84
87
90
93
96
99
105
105
108
111
111
111
117
123
126
126
132
138
141
144
144
147
147
150
156
156
159
162
162
165
165
171
171
174
174
174
177
180
183
183
183
183
186
186
189
201
204
207
207
207
207
213
216
216
219
222
222
222
225
225
228
231
234
240
243
243
243
243
246
246
249
252
255
255
267
270
276
276
282
282
282
285
288
288
288
294
297
297
300
300
300
303
309
309
309
315
315
318
321
321
321
327
327
327
333
336
345
351
357
357
360
366
369
369
372
375
375
375
375
378
381
381
393
393
396
402
402
402
405
408
414
414
423
423
432
432
432
435
441
441
447
450
453
453
453
456
459
462
462
465
468
468
477
477
480
483
486
489
489
492
498
498
501
501
513
519
519
522
525
525
531
537
537
540
543
549
549
558
558
561
564
564
573
573
579
579
579
582
591
591
594
594
603
606
606
606
609
612
615
615
618
618
618
627
627
627
630
636
636
639
642
645
645
645
657
660
663
663
663
666
669
672
681
690
693
693
696
696
696
702
702
702
705
705
714
714
720
726
732
738
744
747
747
747
750
750
762
765
768
768
771
774
777
777
780
780
783
783
789
792
801
801
801
801
807
810
813
813
816
822
822
825
828
831
837
840
849
852
858
864
867
873
879
882
888
891
897
897
897
900
903
909
912
924
927
927
933
936
942
948
948
951
951
951
954
957
957
957
960
960
963
963
963
969
975
975
975
975
978
978
978
987
987
987
990
993
996
999
1005
1005
1008
1011
1011
1011
1017
1017
1020
1023
1023
1026
1026
1029
1035
1044
1050
1053
1056
1056
1056
1062
1065
1071
1071
1080
1086
1089
1089
1092
1092
1092
1095
1098
1101
1101
1104
1107
1113
1122
1125
1137
1158
1158
1161
1161
1161
1167
1167
1170
1170
1173
1173
1176
1182
1185
1185
1188
1188
1206
1206
1209
1209
1212
1215
1218
1218
1221
1224
1224
1230
1230
1242
1242
1242
1242
1245
1248
1251
1254
1260
1275
1281
1281
1284
1293
1296
1296
1296
1302
1314
1320
1320
1326
1335
1338
1338
1338
1344
1347
1347
1353
1353
1353
1356
1359
1365
1365
1377
1377
1380
1383
1389
1392
1404
1407
1407
1410
1422
1422
1425
1425
1428
1434
1440
1443
1443
1446
1449
1452
1461
1461
1464
1464
1467
1470
1470
1473
1473
1476
1479
1482
1485
1485
1488
1488
1491
1500
1500
1509
1512
1512
1515
1518
1518
1518
1524
1524
1527
1527
1530
1530
1533
1536
1536
1545
1545
1554
1560
1569
1569
1572
1575
1581
1584
1593
1593
1596
1599
1605
1608
1611
1611
1617
1617
1620
1626
1644
1647
1653
1665
1668
1668
1668
1671
1671
1671
1686
1689
1692
1695
1698
1698
1710
1719
1719
1722
1722
1725
1728
1728
1728
1737
1743
1743
1749
1752
1755
1758
1758
1761
1767
1770
1770
1779
1782
1785
1797
1803
1803
1812
1812
1815
1815
1818
1818
1824
1827
1836
1839
1842
1842
1851
1851
1854
1854
1860
1863
1863
1866
1869
1875
1878
1878
1881
1884
1884
1887
1887
1887
1893
1893
1905
1905
1908
1908
1908
1908
1911
1914
1917
1920
1920
1923
1923
1923
1923
1926
1926
1929
1932
1935
1938
1941
1941
1941
1944
1944
1947
1953
1953
1953
1956
1956
1959
1959
1959
1962
1965
1965
1968
1980
1980
1983
1983
1986
1989
1992
1992
1995
1998
1998
1998
2001
2007
2013
2022
2025
2028
2037
2037
2043
2046
2052
2058
2058
2058
2061
2067
2067
2067
2073
2082
2082
2085
2085
2091
2097
2103
2103
2106
2106
2109
2112
2115
2118
2121
2124
2127
2127
2130
2130
2133
2139
2142
2145
2148
2148
2148
2151
2151
2154
2154
2157
2160
2175
2175
2178
2178
2184
2184
2187
2187
2187
2193
2196
2199
2202
2211
2214
2214
2217
2220
2220
2226
2235
2235
2235
2235
2238
2241
2241
2250
2253
2256
2256
2259
2262
2262
2277
2280
2280
2280
2283
2289
2292
2295
2304
2307
2310
2310
2310
2313
2313
2313
2316
2319
2319
2325
2325
2328
2337
2337
2337
2340
2340
2343
2352
2352
2358
2361
2364
2367
2370
2373
2376
2376
2376
2388
2391
2403
2403
2406
2406
2406
2412
2415
2415
2421
2421
2424
2427
2430
2433
2442
2445
2448
2448
2451
2451
2463
2463
2466
2469
2469
2472
2478
2484
2487
2490
2493
2502
2508
2508
2514
2514
2517
2529
2529
2529
2535
2535
2535
2535
2541
2544
2550
2553
2553
2553
2553
2556
2565
2568
2571
2571
2574
2583
2586
2586
2586
2589
2589
2589
2589
2592
2604
2607
2613
2613
2616
2619
2619
2631
2631
2631
2634
2637
2646
2646
2649
2655
2658
2658
2661
2664
2664
2670
2670
2676
2682
2685
2688
2688
2694
2694
2694
2697
2697
2712
2712
2715
2718
2721
2724
2727
2730
2733
2739
2751
2751
2754
2760
2760
2763
2763
2766
2769
2778
2781
2784
2790
2790
2793
2799
2799
2799
2805
2808
2814
2814
2817
2817
2826
2832
2832
2838
2841
2841
2844
2847
2847
2847
2850
2850
2850
2856
2859
2859
2862
2865
2871
2871
2871
2871
2874
2892
2898
2901
2904
2907
2910
2913
2913
2913
2916
2928
2928
2931
2931
2934
2940
2940
2943
2943
2949
2952
2952
2952
2961
2973
2979
2982
2982
2982
2982
2985
2985
2985
2985
2988
2988
2991
2997
3000
3003
3009
3012
3018
3024
3030
3042
3042
3042
3045
3048
3048
3051
3054
3060
3066
3066
3069
3072
3075
3075
3075
3078
3081
3081
3084
3084
3087
3090
3090
3090
3096
3096
3099
3102
3102
3108
3108
3108
3114
3114
3117
3117
3123
3126
3132
3132
3138
3147
3153
3156
3156
3159
3159
3159
3159
3168
3171
3177
3180
3180
3186
3186
3189
3189
3189
3192
3201
3207
3210
3210
3210
3213
3213
3219
3222
3225
3228
3228
3237
3246
3246
3246
3246
3249
3252
3255
3255
3258
3261
3261
3264
3264
3282
3285
3285
3285
3285
3288
3288
3288
3288
3294
3297
3300
3303
3312
3312
3315
3318
3327
3327
3333
3342
3351
3354
3354
3366
3366
3366
3366
3369
3369
3369
3372
3372
3372
3375
3384
3384
3384
3387
3390
3393
3393
3396
3396
3399
3405
3405
3405
3405
3414
3420
3420
3420
3420
3423
3426
3432
3432
3435
3447
3447
3453
3456
3456
3459
3462
3468
3474
3477
3486
3489
3489
3495
3498
3501
3501
3501
3504
3507
3507
3510
3510
3513
3513
3516
3519
3519
3522
3522
3525
3525
3531
3534
3534
3534
3537
3537
3540
3543
3546
3549
3549
3552
3552
3555
3561
3561
3561
3564
3567
3573
3576
3579
3579
3588
3588
3594
3600
3600
3600
3600
3612
3615
3615
3618
3621
3621
3624
3627
3633
3633
3639
3639
3642
3645
3648
3648
3654
3657
3663
3663
3672
3675
3678
3678
3681
3684
3684
3684
3684
3687
3687
3687
3690
3696
3696
3696
3699
3702
3702
3702
3702
3702
3705
3708
3711
3714
3714
3714
3714
3717
3720
3720
3729
3732
3738
3738
3741
3741
3744
3762
3762
3765
3765
3768
3771
3774
3777
3777
3777
3780
3783
3786
3789
3795
3798
3798
3798
3801
3801
3801
3810
3822
3822
3828
3831
3834
3837
3849
3855
3861
3864
3864
3870
3873
3876
3876
3882
3885
3891
3891
3894
3894
3894
3903
3903
3906
3909
3912
3912
3915
3915
3921
3921
3921
3924
3924
3924
3927
3939
3945
3948
3948
3951
3951
3954
3960
3960
3960
3963
3966
3966
3969
3969
3969
3972
3975
3978
3981
3987
3987
3987
3993
3996
4008
4011
4014
4017
4020
4023
4023
4026
4029
4029
4035
4038
4038
4044
4044
4050
4050
4050
4056
4056
4056
4062
4062
4065
4065
4068
4071
4074
4074
4080
4080
4083
4086
4095
4098
4098
4101
4101
4104
4104
4110
4116
4125
4125
4125
4125
4128
4134
4137
4140
4143
4143
4143
4143
4146
4146
4155
4158
4164
4164
4167
4173
4176
4179
4179
4179
4179
4182
4185
4188
4188
4194
4197
4200
4203
4209
4209
4209
4212
4215
4218
4224
4224
4224
4233
4236
4236
4239
4242
4245
4248
4251
4254
4254
4254
4257
4257
4260
4263
4266
4266
4266
4269
4272
4275
4281
4284
4287
4290
4293
4293
4296
4299
4302
4305
4305
4308
4308
4311
4311
4314
4320
4323
4329
4332
4335
4338
4344
4347
4347
4347
4347
4350
4353
4356
4356
4368
4368
4368
4371
4371
4374
4383
4389
4392
4395
4404
4410
4413
4413
4416
4416
4422
4422
4422
4428
4434
4434
4440
4443
4446
4446
4452
4452
4455
4455
4458
4461
4461
4461
4464
4467
4467
4467
4467
4467
4470
4473
4473
4473
4482
4482
4485
4491
4491
4497
4500
4503
4503
4506
4515
4521
4521
4524
4524
4524
4527
4527
4530
4533
4536
4536
4539
4545
4545
4554
4560
4563
4566
4566
4572
4575
4578
4581
4581
4593
4596
4599
4599
4605
4614
4617
4626
4629
4638
4644
4644
4650
4656
4656
4659
4662
4662
4662
4665
4674
4677
4677
4680
4680
4692
4695
4698
4701
4701
4701
4701
4701
4704
4707
4707
4710
4713
4719
4722
4728
4731
4731
4734
4740
4740
4758
4764
4776
4776
4782
4785
4788
4788
4800
4800
4803
4806
4806
4809
4812
4815
4830
4833
4836
4836
4839
4842
4848
4860
4869
4872
4878
4878
4881
4881
4881
4881
4890
4893
4893
4893
4896
4902
4902
4905
4905
4905
4911
4929
4929
4932
4935
4938
4941
4944
4944
4947
4953
4953
4953
4953
4956
4956
4965
4971
4971
4971
4974
4977
4980
4980
4980
4983
4986
4986
4989
4998
4998
5001
5007
5010
5010
5016
5016
5016
5019
5019
5022
5022
5022
5028
5034
5037
5040
5043
5043
5046
5049
5049
5052
5061
5064
5067
5070
5070
5073
5079
5082
5085
5085
5088
5088
5091
5094
5100
5100
5103
5103
5106
5106
5112
5112
5118
5124
5127
5139
5142
5145
5151
5151
5154
5160
5163
5166
5172
5178
5178
5178
5181
5184
5184
5190
5190
5193
5196
5202
5202
5205
5205
5208
5208
5214
5214
5223
5223
5223
5226
5229
5235
5235
5241
5244
5250
5250
5253
5256
5265
5268
5271
5280
5289
5289
5289
5292
5292
5295
5295
5295
5298
5298
5301
5304
5304
5307
5307
5310
5310
5313
5313
5313
5316
5316
5319
5322
5325
5325
5328
5328
5328
5331
5331
5331
5331
5331
5337
5340
5340
5340
5343
5343
5346
5352
5352
5352
5358
5358
5361
5361
5361
5364
5364
5370
5370
5370
5376
5382
5382
5382
5388
5391
5394
5400
5403
5406
5409
5415
5415
5415
5421
5424
5427
5427
5427
5433
5433
5433
5436
5436
5442
5445
5445
5448
5448
5451
5463
5463
5469
5469
5472
5472
5475
5475
5475
5478
5487
5493
5493
5496
5499
5502
5505
5505
5508
5511
5523
5523
5529
5535
5535
5538
5538
5541
5550
5553
5553
5553
5556
5562
5571
5580
5580
5583
5589
5601
5607
5610
5616
5622
5625
5628
5628
5634
5640
5643
5646
5649
5649
5652
5652
5655
5661
5661
5664
5664
5676
5682
5688
5691
5694
5694
5712
5718
5721
5730
5730
5736
5739
5739
5742
5748
5748
5751
5754
5757
5766
5769
5775
5778
5781
5781
5784
5787
5796
5799
5799
5799
5802
5802
5802
5802
5802
5811
5817
5820
5823
5829
5838
5838
5838
5844
5850
5850
5850
5853
5856
5868
5868
5871
5874
5874
5877
5880
5889
5892
5892
5895
5895
5901
5907
5910
5913
5916
5916
5916
5922
5925
5925
5934
5937
5940
5943
5952
5952
5952
5955
5958
5958
5958
5967
5973
5973
5976
5979
5979
5982
5982
5985
5985
5985
5991
5997
5997
6003
6003
6009
6012
6012
6012
6012
6012
6015
6018
6021
6024
6027
6030
6030
6036
6036
6042
6048
6051
6054
6054
6054
6057
6060
6060
6063
6063
6066
6069
6072
6081
6081
6084
6084
6087
6087
6090
6090
6096
6096
6099
6102
6108
6111
6111
6114
6117
6126
6126
6126
6126
6126
6126
6132
6132
6132
6138
6138
6141
6141
6150
6150
6150
6153
6156
6162
6165
6165
6168
6168
6171
6174
6174
6177
6177
6177
6183
6183
6186
6186
6189
6189
6192
6198
6198
6201
6207
6210
6216
6219
6222
6222
6222
6228
6231
6240
6243
6243
6243
6249
6252
6252
6267
6267
6270
6270
6270
6273
6276
6276
6276
6282
6291
6297
6297
6297
6303
6306
6312
6312
6315
6318
6318
6321
6321
6324
6327
6327
6330
6333
6333
6336
6345
6351
6357
6360
6363
6366
6369
6369
6372
6372
6372
6378
6384
6384
6384
6384
6387
6390
6393
6393
6393
6402
6402
6405
6414
6414
6417
6432
6435
6438
6441
6447
6450
6453
6453
6456
6462
6462
6462
6468
6474
6477
6477
6483
6492
6495
6501
6507
6507
6510
6516
6516
6519
6522
6522
6528
6528
6528
6534
6537
6540
6543
6546
6561
6561
6564
6567
6570
6570
6570
6570
6570
6585
6588
6588
6597
6600
6600
6612
6612
6618
6618
6621
6624
6630
6630
6633
6633
6636
6639
6642
6645
6648
6654
6669
6669
6672
6672
6675
6675
6675
6678
6681
6693
6693
6696
6699
6705
6705
6711
6711
6714
6714
6720
6723
6732
6738
6744
6747
6747
6750
6753
6753
6753
6756
6759
6759
6762
6765
6771
6777
6789
6795
6798
6804
6813
6813
6813
6819
6819
6822
6825
6828
6831
6834
6843
6843
6843
6843
6846
6852
6861
6867
6867
6870
6870
6870
6870
6870
6870
6870
6873
6876
6876
6879
6879
6879
6882
6885
6885
6888
6903
6906
6912
6915
6918
6921
6921
6924
6933
6942
6945
6945
6948
6960
6960
6960
6969
6975
6975
6978
6987
6996
6999
6999
7002
7002
7005
7005
7005
7008
7011
7011
7014
7023
7023
7026
7026
7026
7029
7029
7029
7032
7038
7038
7041
7041
7044
7044
7044
7047
7047
7056
7059
7068
7068
7074
7074
7077
7080
7083
7083
7083
7089
7095
7098
7101
7101
7104
7107
7110
7110
7113
7113
7119
7125
7131
7137
7140
7146
7146
7149
7152
7152
7155
7155
7158
7158
7164
7167
7170
7176
7176
7176
7182
7185
7185
7185
7188
7188
7194
7194
7197
7209
7212
7215
7215
7215
7218
7221
7224
7227
7227
7227
7230
7230
7236
7239
7239
7239
7245
7245
7248
7251
7254
7257
7257
7257
7263
7269
7272
7278
7278
7278
7281
7284
7287
7290
7290
7290
7293
7293
7293
7296
7296
7302
7305
7305
7305
7308
7308
7311
7317
7317
7320
7320
7320
7323
7326
7326
7329
7329
7335
7335
7338
7338
7338
7344
7347
7350
7356
7365
7368
7371
7371
7374
7380
7380
7380
7380
7386
7389
7389
7395
7395
7401
7404
7404
7416
7416
7425
7428
7428
7431
7431
7434
7455
7461
7461
7470
7473
7476
7476
7476
7485
7494
7494
7497
7497
7500
7503
7506
7506
7512
7512
7515
7521
7524
7524
7527
7527
7530
7542
7545
7548
7554
7557
7557
7566
7575
7575
7575
7578
7581
7581
7581
7584
7596
7614
7614
7614
7617
7617
7620
7623
7623
7623
7623
7626
7629
7632
7632
7641
7644
7650
7653
7653
7662
7662
7665
7668
7677
7695
7698
7698
7701
7707
7716
7719
7722
7722
7731
7746
7746
7752
7761
7761
7764
7770
7770
7770
7773
7776
7782
7785
7788
7800
7806
7809
7812
7815
7818
7821
7827
7830
7830
7836
7839
7839
7842
7848
7851
7857
7857
7860
7860
7860
7863
7869
7869
7872
7872
7872
7878
7884
7887
7890
7890
7893
7896
7899
7902
7908
7908
7914
7914
7914
7917
7920
7920
7923
7929
7932
7935
7938
7941
7941
7953
7956
7956
7956
7956
7959
7962
7965
7971
7977
7977
7983
7986
7986
7986
7986
7992
7998
8001
8004
8007
8007
8013
8016
8019
8022
8025
8031
8031
8037
8037
8043
8046
8052
8055
8055
8061
8061
8067
8070
8076
8088
8088
8088
8091
8091
8091
8097
8097
8100
8103
8106
8118
8118
8121
8121
8121
8130
8133
8133
8133
8142
8145
8145
8148
8148
8157
8160
8166
8166
8187
8187
8193
8196
8196
8199
8199
8202
8202
8205
8205
8205
8211
8211
8211
8211
8214
8214
8217
8217
8217
8217
8220
8226
8235
8238
8238
8241
8247
8253
8253
8256
8259
8262
8262
8262
8265
8268
8268
8283
8289
8292
8295
8304
8310
8313
8313
8316
8319
8322
8328
8328
8328
8331
8334
8340
8346
8346
8349
8352
8355
8358
8358
8361
8370
8370
8373
8379
8379
8397
8397
8403
8403
8403
8403
8424
8427
8430
8433
8436
8436
8439
8442
8445
8451
8451
8454
8454
8460
8460
8463
8472
8487
8490
8493
8493
8496
8496
8505
8511
8511
8511
8511
8514
8517
8520
8523
8526
8526
8532
8532
8532
8532
8532
8541
8547
8550
8553
8556
8562
8565
8568
8574
8574
8577
8583
8583
8586
8586
8589
8598
8604
8616
8616
8619
8628
8637
8646
8652
8655
8658
8664
8667
8667
8667
8673
8676
8676
8679
8682
8682
8685
8685
8688
8691
8691
8691
8703
8706
8709
8718
8718
8718
8721
8721
8724
8730
8733
8733
8736
8742
8745
8748
8751
8751
8754
8769
8772
8775
8781
8781
8796
8796
8796
8796
8799
8799
8802
8805
8808
8808
8817
8820
8820
8823
8823
8823
8826
8829
8832
8832
8841
8847
8847
8853
8856
8856
8856
8859
8859
8862
8862
8871
8874
8877
8883
8886
8886
8907
8907
8913
8919
8922
8928
8931
8934
8934
8937
8937
8937
8940
8940
8940
8946
8949
8949
8952
8952
8952
8961
8967
8967
8976
8976
8982
8985
8985
8988
8988
8991
8991
8991
9000
9003
9006
9018
9024
9024
9027
9027
9027
9027
9030
9030
9042
9048
9051
9060
9063
9066
9072
9072
9075
9078
9087
9090
9090
9096
9096
9099
9108
9108
9108
9111
9117
9123
9126
9126
9132
9132
9132
9135
9135
9135
9138
9138
9141
9144
9147
9150
9150
9150
9162
9165
9168
9171
9171
9174
9174
9180
9183
9183
9186
9186
9186
9186
9192
9207
9210
9213
9216
9222
9225
9225
9225
9228
9228
9231
9231
9231
9231
9234
9237
9240
9243
9243
9246
9249
9252
9264
9270
9270
9273
9273
9273
9273
9276
9276
9282
9288
9288
9294
9294
9294
9300
9303
9303
9303
9306
9309
9312
9312
9318
9318
9327
9330
9336
9339
9339
9342
9348
9348
9351
9354
9354
9357
9360
9372
9372
9372
9375
9378
9381
9384
9384
9387
9387
9387
9390
9390
9390
9390
9393
9393
9396
9396
9402
9408
9408
9408
9411
9411
9417
9420
9420
9423
9426
9429
9435
9438
9441
9444
9444
9444
9444
9447
9453
9456
9459
9462
9465
9465
9468
9468
9471
9471
9474
9474
9474
9474
9480
9480
9480
9483
9492
9492
9495
9495
9495
9504
9510
9513
9519
9522
9525
9525
9528
9531
9531
9531
9534
9537
9540
9540
9543
9543
9549
9549
9552
9552
9561
9570
9570
9582
9585
9585
9585
9591
9591
9594
9597
9597
9600
9606
9618
9618
9618
9618
9624
9624
9627
9627
9630
9630
9636
9639
9645
9648
9654
9663
9663
9666
9666
9666
9669
9672
9675
9678
9681
9687
9687
9696
9705
9705
9708
9708
9711
9711
9717
9717
9726
9726
9729
9732
9732
9732
9735
9738
9738
9738
9738
9741
9747
9750
9750
9753
9759
9762
9765
9765
9765
9768
9768
9771
9771
9774
9774
9777
9780
9780
9780
9780
9783
9792
9795
9798
9801
9807
9810
9813
9816
9816
9819
9819
9819
9831
9831
9831
9837
9837
9843
9846
9855
9855
9855
9858
9861
9861
9861
9861
9861
9867
9870
9870
9873
9876
9879
9879
9882
9885
9888
9891
9894
9894
9894
9900
9900
9900
9903
9906
9909
9909
9912
9912
9915
9915
9915
9924
9927
9927
9933
9933
9936
9939
9939
9939
9942
9945
9945
9945
9948
9951
9954
9957
9957
9963
9963
9969
9969
9972
9978
9981
9981
9981
9984
9987
9990
9990
9993
9993
10005
10008
10011
10011
10017
10017
10017
10020
10023
10023
10023
10035
10035
10035
10041
10041
10044
10047
10050
10053
10056
10056
10059
10065
10065
10068
10068
10074
10080
10080
10083
10083
10083
10083
10086
10086
10092
10092
10092
10095
10098
10098
10104
10107
10110
10110
10113
10113
10119
10122
10125
10125
10128
10131
10131
10137
10140
10140
10143
10146
10152
10152
10152
10152
10155
10158
10161
10164
10164
10173
10173
10173
10176
10176
10182
10182
10182
10185
10185
10185
10191
10194
10194
10203
10206
10215
10218
10221
10230
10236
10236
10242
10245
10248
10254
10257
10260
10263
10266
10266
10266
10275
10278
10281
10284
10284
10287
10299
10299
10305
10308
10308
10311
10311
10311
10314
10317
10332
10335
10335
10341
10341
10350
10350
10353
10362
10362
10365
10368
10371
10374
10374
10380
10383
10392
10392
10395
10395
10395
10395
10395
10398
10398
10404
10407
10410
10410
10413
10413
10425
10428
10437
10437
10437
10437
10440
10443
10446
10449
10449
10449
10452
10455
10458
10461
10461
10467
10467
10470
10473
10476
10476
10482
10485
10485
10488
10491
10491
10494
10503
10506
10506
10509
10512
10521
10524
10548
10551
10554
10557
10557
10560
10563
10569
10572
10584
10584
10587
10590
10590
10593
10596
10596
10596
10602
10605
10611
10614
10614
10617
10617
10617
10620
10623
10626
10626
10629
10641
10644
10644
10650
10650
10653
10656
10656
10659
10662
10662
10662
10665
10668
10668
10674
10686
10689
10689
10698
10698
10701
10704
10704
10707
10710
10710
10713
10713
10716
10716
10722
10722
10728
10734
10734
10737
10740
10749
10752
10752
10755
10761
10764
10773
10773
10773
10776
10776
10779
10779
10779
10782
10788
10797
10800
10803
10806
10809
10812
10812
10812
10818
10824
10824
10839
10839
10848
10857
10860
10869
10872
10872
10872
10884
10884
10893
10893
10896
10896
10902
10902
10905
10905
10908
10908
10911
10914
10920
10923
10926
10929
10932
10932
10938
10944
10947
10947
10947
10947
10950
10959
10959
10959
10962
10962
10971
10974
10977
10977
10980
10980
10992
10992
10995
10998
10998
11001
11004
11007
11010
11019
11022
11028
11031
11034
11034
11040
11049
11049
11055
11055
11061
11070
11070
11070
11079
11079
11079
11085
11091
11094
11097
11100
11103
11106
11109
11109
11109
11109
11118
11124
11127
11139
11139
11148
11148
11151
11157
11160
11163
11169
11169
11172
11172
11172
11178
11181
11184
11187
11193
11199
11199
11199
11208
11211
11214
11217
11217
11217
11220
11220
11223
11223
11223
11226
11229
11229
11232
11232
11238
11244
11247
11250
11250
11253
11253
11253
11259
11265
11268
11271
11280
11280
11286
11286
11289
11295
11301
11301
11301
11304
11304
11304
11307
11307
11307
11316
11319
11322
11325
11328
11328
11337
11349
11352
11355
11358
11364
11373
11379
11379
11379
11379
11382
11382
11388
11391
11391
11391
11391
11394
11394
11397
11403
11412
11412
11412
11415
11421
11424
11427
11430
11430
11436
11436
11439
11439
11445
11445
11448
11448
11451
11457
11460
11463
11466
11466
11466
11469
11469
11478
11478
11484
11484
11487
11487
11487
11493
11496
11499
11505
11520
11520
11520
11529
11529
11532
11535
11535
11538
11547
11550
11550
11556
11556
11556
11559
11559
11562
11562
11571
11574
11574
11583
11583
11586
11589
11592
11595
11595
11595
11601
11601
11607
11610
11610
11613
11613
11616
11619
11619
11622
11625
11625
11625
11628
11628
11628
11631
11631
11637
11637
11637
11640
11643
11643
11646
11646
11649
11655
11664
11664
11667
11676
11679
11682
11682
11688
11688
11688
11691
11694
11694
11700
11703
11706
11709
11712
11718
11718
11724
11727
11727
11727
11733
11736
11739
11742
11742
11745
11748
11754
11760
11763
11766
11769
11772
11781
11784
11787
11787
11790
11793
11796
11799
11799
11799
11802
11814
11814
11814
11817
11820
11820
11823
11823
11826
11829
11832
11835
11841
11847
11847
11847
11847
11850
11853
11856
11862
11862
11868
11871
11874
11877
11877
11880
11880
11880
11886
11886
11895
11895
11898
11904
11913
11919
11919
11919
11925
11928
11928
11928
11934
11943
11943
11946
11946
11946
11955
11955
11961
11961
11964
11970
11985
11985
11994
12000
12000
12003
12006
12009
12012
12012
12015
12018
12030
12030
12033
12033
12036
12036
12036
12039
12039
12042
12042
12051
12054
12057
12057
12060
12063
12066
12066
12069
12069
12069
12072
12075
12075
12081
12081
12084
12090
12096
12102
12102
12108
12111
12114
12123
12129
12138
12141
12144
12147
12147
12150
12150
12153
12153
12156
12159
12159
12159
12168
12171
12174
12174
12177
12180
12180
12186
12186
12186
12189
12189
12192
12201
12204
12207
12210
12213
12213
12216
12222
12225
12225
12225
12228
12228
12234
12234
12237
12237
12246
12252
12255
12255
12258
12261
12264
12264
12270
12270
12273
12279
12282
12282
12288
12291
12291
12294
12297
12300
12306
12312
12315
12318
12321
12321
12321
12324
12330
12330
12339
12348
12354
12354
12357
12366
12369
12375
12384
12384
12387
12387
12390
12390
12393
12399
12399
12405
12405
12411
12411
12411
12411
12414
12414
12429
12435
12438
12438
12441
12447
12450
12450
12450
12459
12459
12465
12465
12468
12477
12483
12486
12486
12489
12492
12495
12495
12495
12510
12519
12519
12522
12525
12525
12543
12546
12549
12552
12555
12558
12564
12564
12570
12570
12570
12573
12576
12579
12579
12588
12588
12591
12594
12594
12594
12594
12606
12609
12609
12615
12615
12615
12630
12636
12639
12645
12645
12645
12648
12648
12651
12654
12657
12660
12660
12669
12669
12669
12669
12672
12672
12672
12675
12687
12696
12696
12702
12705
12708
12708
12708
12711
12714
12714
12720
12720
12723
12726
12726
12726
12729
12729
12741
12747
12750
12750
12750
12753
12756
12756
12762
12762
12765
12765
12768
12768
12768
12771
12783
12789
12792
12792
12795
12798
12801
12807
12813
12813
12813
12819
12822
12822
12825
12825
12828
12828
12828
12831
12837
12855
12855
12858
12867
12873
12876
12879
12879
12882
12885
12888
12891
12894
12894
12906
12909
12909
12909
12912
12912
12912
12921
12924
12924
12927
12930
12933
12939
12951
12960
12960
12963
12966
12969
12975
12975
12978
12978
12978
12981
12981
12987
12987
12993
12993
12993
12996
12999
13005
13011
13011
13014
13014
13017
13017
13017
13020
13023
13026
13029
13029
13032
13032
13035
13038
13041
13041
13041
13044
13044
13050
13056
13059
13059
13059
13065
13071
13074
13080
13080
13080
13083
13086
13086
13092
13092
13098
13104
13107
13107
13110
13116
13116
13119
13119
13122
13125
13128
13131
13134
13134
13137
13143
13143
13149
13152
13152
13158
13158
13161
13164
13167
13170
13173
13176
13179
13182
13182
13185
13185
13185
13185
13191
13194
13194
13197
13200
13203
13203
13203
13203
13206
13209
13212
13227
13233
13233
13236
13236
13239
13242
13242
13242
13245
13245
13251
13263
13266
13272
13272
13278
13281
13281
13281
13284
13284
13284
13284
13290
13293
13293
13299
13305
13308
13311
13314
13314
13323
13326
13326
13332
13335
13338
13338
13341
13344
13344
13344
13347
13353
13365
13365
13368
13368
13371
13374
13380
13380
13380
13380
13383
13383
13383
13386
13395
13398
13407
13410
13410
13416
13416
13416
13422
13422
13425
13425
13434
13434
13437
13437
13440
13440
13440
13440
13449
13449
13449
13458
13458
13461
13461
13461
13461
13464
13464
13464
13467
13470
13473
13476
13479
13482
13485
13488
13494
13494
13497
13497
13503
13503
13509
13512
13518
13518
13518
13530
13542
13542
13554
13554
13560
13566
13566
13569
13569
13572
13575
13578
13581
13584
13587
13590
13593
13596
13605
13608
13611
13614
13620
13620
13623
13626
13629
13632
13635
13635
13638
13641
13641
13650
13653
13653
13662
13668
13674
13674
13680
13683
13689
13689
13689
13689
13692
13695
13701
13701
13704
13707
13707
13710
13716
13722
13722
13725
13728
13728
13728
13731
13737
13740
13740
13743
13746
13746
13752
13752
13758
13767
13770
13773
13773
13773
13776
13779
13779
13785
13785
13788
13791
13794
13794
13797
13800
13800
13800
13806
13806
13809
13812
13812
13815
13815
13818
13818
13818
13824
13830
13830
13833
13836
13839
13839
13842
13845
13851
13851
13854
13857
13863
13863
13875
13881
13881
13881
13887
13890
13890
13890
13893
13893
13896
13896
13899
13902
13902
13905
13917
13920
13923
13923
13926
13932
13932
13932
13938
13944
13947
13950
13950
13953
13962
13965
13968
13971
13974
13974
13977
13977
13977
13986
13989
13995
13998
13998
13998
13998
14001
14004
14010
14010
14013
14016
14016
14019
14031
14037
14037
14040
14043
14046
14046
14049
14049
14064
14064
14067
14070
14070
14076
14076
14079
14091
14091
14094
14094
14100
14106
14106
14109
14109
14112
14115
14115
14118
14121
14133
14136
14136
14139
14142
14148
14151
14154
14154
14154
14157
14160
14169
14172
14172
14175
14175
14178
14181
14181
14181
14190
14193
14193
14193
14196
14196
14202
14205
14208
14208
14214
14214
14217
14223
14226
14226
14232
14232
14238
14238
14244
14247
14247
14259
14259
14259
14262
14265
14265
14271
14271
14274
14280
14283
14286
14292
14292
14310
14310
14310
14310
14322
14334
14337
14343
14346
14346
14349
14349
14355
14355
14361
14361
14364
14364
14367
14367
14367
14367
14367
14376
14379
14388
14391
14397
14403
14409
14418
14424
14424
14424
14430
14430
14430
14430
14433
14439
14442
14442
14445
14448
14454
14454
14457
14463
14475
14475
14475
14475
14493
14496
14496
14505
14511
14511
14511
14517
14520
14520
14523
14523
14526
14535
14538
14541
14541
14544
14544
14544
14553
14553
14553
14556
14565
14568
14571
14574
14580
14580
14580
14583
14586
14592
14601
14604
14616
14616
14616
14619
14622
14625
14628
14628
14631
14634
14640
14643
14646
14652
14655
14658
14670
14679
14682
14682
14691
14694
14697
14697
14703
14703
14706
14706
14706
14709
14712
14712
14724
14730
14733
14736
14736
14739
14745
14745
14748
14751
14751
14751
14754
14754
14757
14757
14763
14763
14763
14769
14769
14772
14778
14781
14784
14784
14784
14790
14796
14796
14799
14811
14820
14823
14823
14826
14829
14829
14832
14835
14838
14844
14847
14850
14856
14862
14868
14868
14871
14874
14874
14877
14880
14883
14889
14892
14892
14901
14901
14907
14907
14907
14913
14916
14919
14919
14925
14928
14928
14937
14937
14943
14943
14946
14949
14964
14964
14967
14970
14970
14976
14982
14982
14982
14982
14988
14991
14991
14994
14994
14994
15000
15003
15006
15009
15009
15012
15012
15015
15018
15021
15024
15024
15027
15027
15030
15030
15039
15039
15039
15039
15042
15042
15048
15051
15051
15051
15054
15057
15057
15060
15063
15069
15069
15075
15075
15081
15081
15087
15087
15096
15099
15102
15105
15108
15117
15120
15120
15120
15123
15126
15126
15129
15138
15138
15141
15141
15144
15144
15150
15150
15150
15153
15153
15159
15159
15159
15159
15159
15162
15162
15162
15165
15165
15165
15168
15171
15171
15177
15177
15189
15189
15201
15210
15213
15216
15219
15219
15219
15222
15222
15228
15231
15234
15237
15243
15264
15267
15270
15270
15270
15279
15282
15282
15282
15285
15288
15294
15297
15297
15303
15306
15309
15309
15312
15315
15321
15321
15324
15324
15324
15324
15330
15333
15336
15339
15339
15339
15342
15345
15348
15351
15357
15360
15360
15363
15363
15366
15369
15375
15381
15384
15384
15390
15390
15390
15393
15393
15396
15405
15408
15408
15420
15420
15420
15423
15423
15426
15426
15426
15429
15429
15429
15432
15435
15438
15441
15441
15450
15453
15453
15465
15468
15468
15468
15468
15474
15477
15480
15480
15483
15489
15489
15501
15504
15504
15507
15513
15516
15516
15516
15516
15519
15519
15519
15528
15528
15528
15531
15534
15540
15543
15543
15543
15549
15558
15561
15567
15570
15570
15573
15573
15585
15585
15588
15597
15600
15603
15606
15606
15606
15612
15615
15624
15627
15627
15627
15639
15645
15651
15654
15654
15657
15660
15666
15669
15669
15669
15672
15672
15675
15675
15675
15678
15681
15684
15684
15687
15690
15690
15696
15702
15717
15720
15723
15723
15723
15723
15726
15729
15729
15729
15732
15735
15747
15759
15759
15768
15768
15771
15771
15777
15780
15780
15789
15792
15792
15792
15795
15801
15807
15807
15807
15810
15813
15819
15822
15822
15831
15834
15837
15840
15840
15846
15852
15852
15858
15858
15861
15861
15867
15870
15873
15882
15885
15885
15885
15888
15891
15891
15897
15897
15900
15906
15906
15909
15909
15909
15918
15921
15921
15930
15930
15930
15936
15936
15936
15945
15945
15945
15954
15960
15960
15960
15960
15969
15969
15972
15975
15975
15981
15984
15984
16008
16011
16011
16011
16011
16017
16023
16026
16026
16029
16032
16038
16041
16044
16044
16047
16050
16062
16062
16065
16068
16068
16074
16074
16080
16083
16089
16089
16092
16092
16095
16098
16098
16101
16101
16101
16110
16110
16116
16125
16131
16137
16137
16146
16152
16155
16158
16161
16164
16164
16167
16167
16173
16173
16173
16176
16179
16179
16179
16179
16188
16197
16200
16200
16200
16203
16206
16206
16209
16209
16212
16212
16215
16218
16218
16227
16236
16236
16236
16242
16242
16245
16248
16251
16251
16254
16263
16263
16266
16266
16269
16272
16278
16278
16278
16281
16284
16287
16287
16299
16302
16302
16314
16314
16317
16317
16320
16320
16323
16332
16335
16335
16335
16335
16335
16341
16344
16344
16344
16350
16353
16353
16359
16362
16371
16374
16383
16383
16383
16386
16392
16401
16401
16401
16401
16404
16404
16407
16410
16413
16416
16416
16416
16419
16425
16425
16428
16434
16437
16449
16452
16455
16455
16455
16455
16458
16458
16458
16461
16467
16476
16476
16476
16476
16479
16479
16482
16485
16488
16488
16488
16494
16497
16497
16497
16497
16500
16500
16509
16509
16509
16512
16512
16515
16515
16518
16518
16521
16521
16524
16524
16533
16536
16536
16539
16542
16542
16545
16560
16563
16566
16569
16572
16578
16578
16584
16584
16584
16587
16590
16590
16593
16599
16608
16617
16620
16620
16620
16620
16623
16623
16629
16632
16635
16635
16638
16638
16638
16638
16647
16647
16653
16662
16662
16662
16662
16668
16668
16671
16671
16677
16683
16686
16689
16698
16698
16704
16707
16707
16707
16707
16713
16713
16719
16725
16728
16728
16734
16734
16737
16740
16746
16746
16746
16752
16755
16755
16758
16761
16761
16764
16764
16767
16773
16776
16779
16779
16785
16788
16788
16791
16791
16794
16806
16806
16809
16809
16815
16818
16821
16824
16827
16827
16836
16845
16848
16848
16851
16854
16857
16857
16860
16863
16866
16869
16872
16875
16878
16878
16878
16893
16893
16896
16899
16899
16902
16902
16905
16908
16908
16908
16911
16911
16914
16914
16917
16920
16920
16923
16929
16938
16941
16941
16944
16956
16956
16959
16962
16965
16965
16965
16968
16971
16971
16974
16977
16980
16983
16983
16986
16986
16989
16992
16992
16998
17001
17004
17007
17013
17016
17016
17019
17019
17022
17025
17028
17028
17031
17031
17037
17037
17037
17043
17043
17049
17049
17049
17052
17055
17055
17058
17070
17070
17073
17079
17079
17091
17091
17097
17097
17100
17100
17103
17103
17112
17112
17115
17121
17133
17136
17136
17139
17139
17142
17145
17154
17154
17157
17157
17157
17163
17163
17163
17166
17166
17172
17172
17175
17178
17178
17181
17199
17199
17199
17202
17205
17208
17208
17211
17217
17217
17217
17223
17223
17226
17226
17229
17232
17235
17238
17244
17247
17247
17250
17250
17253
17259
17262
17262
17262
17265
17268
17268
17271
17271
17274
17277
17280
17283
17283
17283
17286
17286
17289
17292
17298
17307
17307
17313
17313
17313
17319
17325
17328
17328
17328
17328
17331
17337
17340
17346
17349
17352
17352
17361
17367
17370
17370
17373
17373
17379
17382
17382
17385
17391
17391
17391
17400
17403
17406
17409
17409
17409
17415
17415
17418
17424
17424
17430
17436
17436
17448
17460
17463
17463
17466
17469
17469
17472
17478
17478
17481
17484
17493
17493
17493
17499
17499
17502
17505
17505
17508
17517
17517
17517
17526
17529
17535
17538
17541
17547
17553
17553
17553
17559
17559
17559
17565
17565
17568
17574
17574
17574
17583
17586
17589
17592
17592
17592
17598
17601
17601
17604
17604
17607
17607
17610
17616
17616
17619
17625
17625
17628
17640
17640
17643
17649
17652
17655
17655
17658
17661
17664
17664
17667
17670
17670
17670
17673
17682
17685
17688
17688
17694
17703
17703
17706
17706
17706
17712
17712
17715
17715
17724
17727
17727
17727
17730
17733
17736
17748
17748
17757
17757
17760
17763
17766
17766
17769
17769
17772
17778
17793
17796
17805
17805
17808
17814
17814
17820
17823
17826
17838
17838
17841
17847
17862
17865
17865
17874
17874
17889
17895
17895
17901
17901
17904
17907
17907
17910
17916
17922
17925
17928
17931
17931
17931
17934
17937
17940
17946
17946
17946
17946
17952
17955
17958
17964
17967
17967
17979
17985
17988
17991
17991
17997
18000
18000
18003
18006
18018
18027
18039
18039
18039
18039
18045
18045
18048
18051
18069
18069
18072
18072
18075
18078
18081
18081
18081
18081
18084
18090
18090
18093
18099
18102
18102
18105
18105
18108
18108
18108
18108
18111
18111
18114
18117
18123
18126
18129
18132
18132
18135
18141
18147
18150
18153
18153
18153
18156
18159
18159
18159
18162
18165
18168
18168
18171
18180
18180
18183
18183
18189
18198
18201
18207
18207
18207
18210
18213
18216
18216
18219
18219
18225
18225
18228
18231
18231
18231
18234
18240
18243
18246
18246
18249
18252
18258
18258
18270
18270
18276
18279
18282
18288
18291
18294
18300
18312
18312
18315
18318
18318
18324
18330
18333
18336
18336
18339
18342
18342
18345
18348
18351
18360
18366
18369
18372
18372
18372
18375
18375
18381
18381
18384
18384
18384
18384
18387
18396
18405
18408
18411
18414
18417
18423
18423
18423
18426
18426
18438
18438
18441
18444
18447
18450
18450
18456
18462
18465
18471
18471
18474
18474
18477
18477
18480
18483
18483
18486
18486
18492
18492
18498
18507
18510
18510
18516
18516
18519
18531
18531
18534
18534
18540
18543
18546
18549
18552
18555
18555
18567
18570
18573
18585
18588
18588
18588
18591
18594
18597
18600
18606
18609
18618
18618
18618
18621
18621
18624
18630
18633
18639
18645
18648
18648
18648
18654
18657
18660
18666
18669
18672
18672
18675
18678
18678
18681
18684
18690
18696
18699
18699
18699
18699
18699
18702
18705
18708
18711
18711
18711
18714
18714
18717
18720
18726
18729
18732
18732
18735
18735
18738
18738
18741
18756
18759
18762
18762
18768
18774
18774
18780
18780
18783
18789
18789
18792
18792
18792
18795
18798
18798
18798
18804
18804
18804
18804
18807
18807
18807
18807
18816
18822
18825
18825
18825
18834
18834
18834
18840
18840
18840
18843
18849
18849
18858
18858
18858
18858
18858
18861
18864
18867
18867
18867
18870
18873
18876
18876
18879
18882
18882
18897
18897
18897
18903
18903
18906
18906
18906
18912
18915
18915
18918
18921
18924
18930
18933
18939
18942
18945
18960
18966
18966
18966
18969
18969
18969
18969
18969
18972
18975
18981
18981
18981
18984
18990
18993
18996
18999
18999
19002
19008
19014
19014
19017
19020
19020
19023
19029
19032
19038
19041
19044
19047
19047
19047
19047
19050
19050
19056
19062
19062
19071
19086
19092
19098
19098
19101
19104
19107
19110
19122
19128
19131
19131
19140
19140
19140
19152
19155
19158
19161
19167
19176
19179
19188
19191
19194
19197
19200
19203
19206
19206
19209
19209
19212
19221
19224
19224
19227
19227
19227
19236
19239
19245
19248
19248
19248
19251
19263
19263
19266
19269
19269
19272
19272
19275
19275
19278
19278
19284
19284
19284
19284
19287
19293
19293
19293
19299
19302
19305
19305
19308
19314
19317
19317
19320
19329
19332
19338
19338
19341
19350
19350
19353
19359
19362
19365
19368
19371
19374
19377
19380
19380
19383
19386
19389
19398
19398
19401
19401
19407
19410
19416
19416
19419
19419
19425
19431
19434
19440
19446
19446
19449
19452
19455
19458
19458
19458
19458
19461
19470
19476
19476
19479
19479
19479
19479
19482
19488
19491
19491
19500
19503
19506
19506
19509
19509
19509
19512
19536
19536
19536
19536
19536
19536
19539
19539
19539
19539
19542
19545
19545
19545
19548
19548
19554
19557
19563
19569
19569
19572
19572
19578
19581
19584
19590
19590
19593
19593
19596
19602
19605
19605
19611
19611
19614
19614
19614
19614
19614
19614
19614
19620
19620
19623
19626
19629
19629
19635
19644
19644
19653
19653
19653
19662
19662
19668
19668
19677
19677
19677
19680
19683
19689
19695
19701
19701
19704
19710
19716
19728
19728
19728
19728
19740
19740
19743
19749
19749
19749
19752
19752
19755
19758
19758
19758
19761
19767
19770
19770
19773
19773
19779
19779
19788
19791
19794
19794
19800
19803
19809
19809
19812
19815
19815
19818
19818
19824
19827
19830
19833
19833
19839
19839
19845
19848
19848
19857
19860
19866
19869
19869
19869
19881
19881
19881
19890
19893
19893
19896
19896
19899
19905
19905
19911
19914
19917
19917
19920
19920
19923
19926
19932
19935
19941
19941
19944
19944
19953
19956
19962
19962
19968
19980
19980
19983
19998
20001
20001
20004
20007
20007
20007
20007
20016
20016
20016
20022
20025
20028
20031
20031
20034
20037
20040
20040
20046
20046
20052
20052
20055
20058
20058
20058
20061
20064
20067
20067
20067
20070
20070
20073
20073
20073
20079
20085
20091
20094
20097
20097
20097
20097
20100
20103
20109
20109
20115
20115
20115
20121
20121
20121
20127
20127
20127
20133
20133
20133
20136
20139
20145
20151
20157
20160
20160
20166
20169
20172
20175
20175
20181
20181
20181
20187
20196
20196
20202
20202
20205
20208
20208
20214
20220
20223
20235
20238
20238
20238
20238
20244
20244
20244
20247
20247
20247
20250
20250
20253
20256
20256
20259
20259
20259
20262
20262
20268
20274
20274
20277
20280
20280
20286
20289
20298
20298
20298
20301
20304
20310
20313
20316
20319
20319
20325
20328
20331
20331
20331
20340
20343
20343
20343
20346
20346
20349
20355
20361
20364
20364
20364
20364
20370
20370
20370
20373
20373
20376
20376
20379
20382
20388
20394
20397
20400
20403
20403
20406
20409
20412
20415
20421
20430
20436
20442
20442
20442
20448
20454
20457
20460
20460
20460
20460
20460
20463
20463
20463
20463
20466
20469
20469
20475
20475
20478
20481
20493
20493
20499
20499
20502
20502
20505
20508
20514
20517
20520
20526
20529
20529
20532
20535
20541
20541
20541
20541
20550
20550
20550
20556
20559
20562
20565
20571
20571
20571
20586
20595
20595
20595
20595
20595
20601
20601
20604
20604
20607
20610
20613
20616
20619
20625
20625
20628
20637
20637
20637
20640
20643
20646
20649
20652
20652
20652
20661
20664
20667
20673
20691
20691
20694
20697
20700
20700
20703
20706
20706
20706
20709
20712
20712
20712
20715
20724
20724
20736
20736
20742
20745
20745
20748
20748
20754
20754
20769
20769
20775
20775
20778
20778
20781
20781
20781
20790
20793
20796
20796
20799
20805
20808
20811
20811
20817
20817
20817
20823
20829
20841
20844
20847
20850
20853
20862
20862
20862
20868
20868
20868
20871
20871
20871
20877
20880
20883
20886
20895
20898
20901
20901
20904
20907
20907
20910
20913
20913
20916
20925
20931
20931
20931
20931
20931
20934
20934
20934
20937
20937
20940
20940
20949
20949
20952
20955
20955
20964
20967
20967
20970
20973
20976
20982
20982
20985
20985
20988
20991
20991
20991
21000
21003
21006
21015
21015
21021
21021
21021
21024
21024
21027
21033
21039
21042
21042
21042
21045
21048
21051
21063
21066
21069
21078
21081
21084
21084
21084
21084
21084
21090
21090
21099
21102
21102
21105
21111
21111
21114
21114
21117
21120
21123
21123
21126
21129
21138
21138
21144
21156
21159
21159
21171
21171
21174
21177
21177
21177
21177
21186
21186
21189
21192
21201
21204
21207
21207
21213
21216
21216
21222
21228
21231
21234
21237
21240
21243
21252
21252
21255
21258
21258
21261
21261
21264
21267
21270
21270
21273
21279
21282
21285
21285
21291
21300
21303
21306
21309
21312
21318
21321
21327
21330
21333
21336
21336
21336
21339
21339
21342
21342
21354
21360
21363
21369
21378
21378
21381
21384
21390
21393
21399
21405
21411
21417
21417
21423
21423
21423
21426
21426
21432
21432
21441
21441
21444
21444
21447
21462
21462
21465
21471
21471
21471
21474
21474
21474
21477
21480
21483
21486
21489
21489
21489
21504
21504
21504
21504
21513
21513
21513
21516
21519
21525
21525
21528
21531
21531
21531
21534
21537
21543
21546
21549
21552
21552
21561
21567
21567
21570
21576
21579
21579
21588
21588
21591
21594
21594
21597
21597
21603
21606
21606
21609
21609
21612
21612
21615
21618
21621
21624
21627
21633
21636
21636
21639
21648
21648
21654
21654
21654
21654
21660
21660
21660
21669
21672
21675
21699
21705
21708
21708
21711
21711
21711
21726
21726
21729
21735
21738
21738
21744
21756
21756
21759
21759
21762
21765
21774
21774
21774
21777
21777
21777
21777
21780
21780
21786
21792
21792
21792
21798
21804
21807
21807
21807
21807
21810
21813
21816
21822
21834
21843
21843
21843
21846
21849
21855
21855
21861
21864
21864
21867
21867
21873
21873
21876
21876
21876
21876
21876
21879
21882
21885
21885
21888
21894
21897
21897
21900
21903
21909
21912
21912
21918
21918
21921
21930
21930
21933
21939
21939
21942
21942
21942
21945
21951
21957
21963
21966
21969
21972
21975
21978
21981
21984
21987
21987
21990
21993
21996
21999
21999
22002
22005
22005
22005
22008
22008
22011
22011
22011
22014
22014
22017
22017
22023
22023
22026
22029
22032
22035
22041
22044
22044
22047
22047
22050
22053
22053
22053
22059
22062
22062
22071
22071
22074
22080
22083
22086
22092
22098
22101
22104
22107
22110
22122
22122
22122
22122
22125
22125
22125
22128
22128
22131
22134
22134
22137
22137
22137
22152
22158
22158
22158
22158
22161
22173
22179
22179
22179
22182
22182
22191
22191
22191
22194
22197
22197
22200
22200
22206
22209
22209
22212
22221
22221
22227
22227
22227
22233
22233
22233
22239
22242
22242
22245
22248
22251
22254
22260
22263
22263
22266
22266
22275
22278
22281
22281
22284
22284
22284
22290
22299
22305
22305
22308
22308
22308
22323
22323
22326
22329
22329
22332
22332
22332
22338
22338
22341
22347
22347
22347
22350
22356
22359
22362
22365
22368
22368
22371
22380
22383
22383
22386
22386
22386
22386
22395
22395
22398
22398
22404
22413
22416
22416
22416
22416
22416
22422
22422
22431
22434
22440
22440
22440
22443
22443
22443
22443
22449
22452
22455
22458
22458
22461
22464
22467
22470
22473
22473
22473
22473
22473
22482
22488
22488
22491
22491
22494
22494
22497
22497
22500
22500
22500
22506
22509
22512
22518
22518
22527
22536
22536
22536
22545
22554
22557
22560
22563
22563
22566
22566
22566
22572
22572
22572
22575
22575
22575
22575
22578
22584
22590
22590
22590
22611
22611
22611
22614
22623
22629
22629
22632
22632
22632
22632
22632
22635
22644
22653
22653
22662
22665
22671
22671
22671
22674
22677
22677
22680
22683
22692
22692
22692
22692
22695
22695
22695
22695
22701
22701
22704
22707
22713
22713
22716
22716
22722
22725
22725
22731
22746
22749
22752
22752
22755
22755
22758
22758
22761
22764
22767
22770
22776
22776
22782
22782
22785
22788
22794
22794
22800
22803
22809
22818
22827
22827
22830
22836
22836
22839
22839
22842
22842
22845
22848
22848
22848
22848
22851
22854
22854
22863
22866
22866
22869
22875
22890
22890
22893
22899
22899
22902
22911
22914
22917
22917
22920
22923
22926
22926
22926
22935
22935
22941
22941
22941
22947
22950
22950
22953
22953
22956
22971
22977
22977
22980
22980
22983
22983
22986
22986
22989
22989
22995
22995
22995
22998
23007
23007
23016
23022
23022
23025
23031
23031
23043
23043
23046
23052
23055
23055
23058
23064
23076
23076
23079
23091
23094
23097
23100
23100
23103
23106
23109
23112
23112
23112
23112
23115
23118
23118
23127
23130
23130
23130
23133
23133
23139
23142
23148
23148
23151
23154
23160
23160
23163
23163
23166
23169
23169
23175
23175
23178
23181
23184
23193
23196
23196
23196
23196
23196
23199
23202
23205
23211
23211
23211
23226
23226
23229
23229
23232
23235
23238
23244
23244
23244
23247
23247
23250
23256
23256
23262
23268
23271
23271
23280
23280
23283
23286
23286
23286
23292
23292
23295
23298
23298
23301
23304
23307
23313
23316
23322
23328
23328
23328
23328
23328
23331
23331
23334
23340
23340
23343
23352
23358
23367
23367
23367
23370
23370
23370
23373
23373
23373
23376
23379
23379
23382
23385
23388
23394
23394
23397
23397
23403
23415
23415
23421
23427
23430
23430
23436
23436
23439
23439
23442
23448
23454
23454
23460
23469
23472
23475
23478
23484
23487
23490
23490
23493
23493
23496
23499
23499
23505
23508
23514
23514
23517
23517
23523
23523
23529
23541
23541
23541
23544
23547
23547
23550
23550
23550
23553
23556
23556
23559
23559
23565
23568
23568
23574
23577
23577
23577
23577
23580
23580
23583
23586
23592
23595
23595
23595
23595
23598
23607
23610
23610
23610
23610
23613
23616
23616
23616
23619
23619
23622
23625
23625
23625
23625
23631
23631
23631
23634
23634
23643
23646
23649
23652
23652
23652
23655
23658
23661
23664
23664
23667
23670
23670
23673
23673
23676
23676
23679
23679
23682
23685
23694
23694
23706
23712
23712
23715
23724
23730
23733
23733
23745
23748
23748
23751
23751
23751
23757
23763
23763
23766
23766
23787
23790
23793
23796
23802
23805
23811
23811
23814
23814
23814
23817
23817
23817
23823
23826
23826
23829
23835
23838
23838
23844
23847
23847
23847
23850
23850
23850
23853
23856
23859
23862
23868
23868
23868
23868
23868
23871
23877
23880
23886
23892
23898
23904
23910
23910
23916
23922
23925
23925
23928
23931
23931
23931
23931
23937
23940
23940
23943
23949
23952
23952
23958
23958
23961
23964
23964
23967
23970
23970
23970
23970
23973
23979
23982
23988
23988
23997
23997
24006
24006
24009
24012
24015
24018
24021
24024
24024
24033
24033
24045
24048
24051
24054
24057
24060
24063
24066
24069
24069
24072
24075
24078
24081
24081
24081
24081
24084
24087
24093
24096
24096
24099
24099
24105
24108
24108
24114
24123
24123
24126
24132
24132
24132
24138
24150
24150
24153
24156
24159
24159
24165
24168
24168
24168
24174
24174
24174
24174
24174
24192
24192
24192
24192
24198
24210
24210
24213
24213
24219
24219
24222
24225
24228
24228
24231
24237
24240
24246
24249
24252
24252
24258
24261
24264
24267
24270
24273
24276
24279
24282
24291
24291
24294
24294
24297
24300
24300
24303
24309
24312
24315
24318
24318
24318
24318
24321
24321
24324
24324
24330
24333
24333
24342
24342
24348
24351
24369
24387
24393
24399
24402
24408
24414
24426
24432
24435
24435
24438
24438
24453
24459
24459
24465
24471
24474
24477
24480
24480
24483
24486
24498
24498
24501
24501
24504
24504
24513
24513
24516
24516
24522
24528
24528
24531
24531
24534
24537
24537
24540
24543
24546
24552
24558
24558
24561
24567
24570
24573
24573
24576
24576
24576
24579
24582
24585
24594
24597
24597
24597
24600
24603
24603
24606
24612
24615
24624
24624
24627
24627
24627
24630
24633
24633
24636
24636
24636
24639
24639
24642
24642
24645
24645
24654
24657
24657
24660
24663
24663
24663
24666
24669
24669
24669
24672
24675
24678
24678
24684
24684
24696
24699
24699
24705
24705
24708
24708
24711
24714
24714
24714
24717
24720
24720
24723
24729
24732
24732
24735
24738
24741
24750
24753
24762
24762
24765
24768
24771
24771
24774
24777
24777
24777
24780
24792
24807
24807
24810
24810
24813
24813
24819
24819
24819
24822
24822
24825
24825
24837
24837
24843
24846
24846
24852
24852
24858
24870
24873
24882
24885
24888
24888
24894
24897
24909
24915
24915
24927
24930
24930
24933
24933
24936
24939
24939
24939
24939
24945
24948
24948
24948
24954
24963
24972
24975
24978
24981
24984
24993
24996
25008
25011
25014
25017
25020
25029
25029
25032
25035
25035
25035
25041
25044
25047
25047
25059
25059
25071
25074
25080
25086
25092
25095
25095
25098
25107
25107
25116
25119
25125
25125
25128
25128
25131
25134
25140
25146
25146
25155
25155
25158
25164
25170
25173
25173
25182
25182
25182
25188
25188
25191
25194
25194
25194
25209
25212
25215
25215
25221
25227
25230
25233
25233
25236
25239
25245
25251
25266
25269
25269
25269
25272
25275
25278
25284
25287
25287
25293
25293
25299
25299
25305
25305
25326
25326
25332
25338
25341
25344
25344
25347
25347
25350
25353
25356
25356
25356
25368
25374
25374
25377
25383
25386
25386
25389
25392
25395
25398
25404
25404
25404
25407
25410
25413
25413
25413
25419
25419
25428
25431
25434
25434
25434
25440
25440
25452
25455
25455
25458
25473
25476
25479
25485
25491
25491
25494
25500
25500
25506
25506
25506
25506
25506
25509
25509
25509
25515
25515
25518
25521
25524
25530
25539
25542
25542
25545
25545
25557
25557
25560
25560
25566
25572
25572
25572
25575
25575
25581
25581
25581
25584
25587
25587
25590
25590
25599
25599
25602
25602
25602
25605
25611
25617
25617
25620
25620
25623
25623
25623
25632
25635
25644
25647
25647
25650
25650
25659
25665
25668
25671
25671
25680
25680
25686
25689
25695
25698
25698
25698
25701
25704
25704
25707
25719
25725
25734
25737
25740
25746
25746
25746
25749
25749
25755
25767
25767
25770
25773
25779
25779
25782
25788
25791
25791
25800
25803
25803
25806
25806
25809
25809
25812
25812
25812
25821
25833
25836
25836
25839
25839
25842
25845
25848
25851
25851
25854
25857
25872
25875
25875
25875
25878
25881
25881
25890
25890
25890
25896
25899
25902
25905
25905
25905
25908
25908
25911
25911
25914
25917
25917
25920
25923
25929
25932
25935
25938
25938
25950
25950
25953
25959
25962
25962
25965
25965
25968
25971
25977
25977
25980
25980
25980
25983
25983
25983
25986
25986
25989
25992
25992
25995
25995
25998
26001
26004
26004
26007
26019
26025
26028
26028
26040
26040
26040
26043
26043
26049
26049
26049
26055
26055
26058
26058
26064
26067
26070
26070
26070
26076
26076
26082
26082
26082
26085
26088
26088
26094
26097
26100
26106
26109
26112
26112
26115
26118
26121
26121
26124
26124
26130
26133
26133
26133
26136
26139
26142
26142
26148
26148
26148
26154
26154
26157
26157
26160
26163
26166
26169
26169
26169
26169
26184
26184
26187
26187
26187
26190
26190
26193
26196
26199
26205
26214
26217
26220
26223
26223
26226
26229
26235
26238
26241
26241
26244
26250
26253
26256
26262
26262
26271
26271
26271
26274
26277
26277
26277
26280
26283
26283
26286
26289
26289
26292
26292
26292
26298
26301
26301
26304
26307
26310
26313
26316
26319
26322
26325
26328
26328
26331
26337
26337
26340
26349
26355
26355
26358
26361
26361
26367
26376
26379
26385
26385
26391
26394
26394
26400
26403
26406
26406
26406
26406
26409
26409
26418
26433
26433
26436
26439
26442
26448
26454
26457
26466
26466
26472
26472
26481
26481
26484
26484
26484
26484
26484
26487
26487
26490
26490
26493
26493
26508
26508
26514
26517
26517
26520
26523
26526
26529
26535
26535
26538
26538
26541
26541
26541
26541
26547
26547
26565
26568
26568
26577
26577
26580
26580
26583
26583
26586
26586
26595
26601
26604
26607
26610
26625
26628
26628
26631
26631
26631
26634
26634
26634
26637
26637
26637
26637
26646
26646
26652
26655
26658
26661
26661
26664
26667
26670
26673
26679
26679
26679
26682
26682
26682
26685
26688
26691
26691
26694
26697
26700
26703
26706
26706
26709
26712
26718
26724
26724
26724
26724
26724
26733
26736
26736
26736
26745
26748
26748
26748
26751
26751
26751
26754
26766
26769
26772
26775
26775
26775
26778
26781
26781
26784
26787
26793
26796
26799
26802
26808
26811
26811
26814
26823
26826
26826
26826
26826
26838
26841
26841
26841
26850
26850
26850
26853
26856
26862
26862
26865
26865
26868
26868
26868
26871
26871
26874
26877
26880
26892
26895
26895
26901
26901
26907
26913
26913
26916
26922
26928
26928
26931
26937
26937
26940
26952
26955
26958
26958
26958
26964
26967
26970
26973
26973
26973
26976
26985
26988
26991
26994
26997
26997
27000
27003
27003
27003
27006
27006
27012
27012
27018
27033
27039
27045
27045
27054
27054
27057
27057
27060
27060
27060
27063
27063
27063
27063
27066
27078
27081
27081
27084
27087
27087
27087
27090
27090
27090
27093
27093
27096
27099
27102
27102
27108
27108
27108
27117
27117
27117
27126
27132
27132
27135
27135
27138
27138
27138
27141
27144
27144
27144
27153
27156
27159
27162
27162
27165
27165
27165
27168
27171
27171
27177
27180
27180
27186
27186
27192
27198
27201
27207
27207
27213
27219
27231
27234
27234
27240
27243
27246
27249
27252
27255
27258
27264
27264
27264
27264
27273
27273
27276
27276
27282
27285
27294
27300
27300
27300
27306
27309
27321
27321
27327
27327
27327
27330
27342
27342
27345
27345
27348
27351
27351
27357
27360
27363
27366
27366
27369
27375
27375
27381
27384
27390
27396
27396
27399
27402
27405
27405
27408
27408
27414
27414
27417
27417
27420
27420
27423
27435
27438
27438
27444
27447
27447
27450
27450
27450
27453
27453
27462
27462
27462
27465
27465
27468
27471
27480
27483
27489
27495
27498
27498
27501
27504
27510
27510
27513
27516
27519
27522
27534
27546
27546
27549
27549
27552
27552
27558
27561
27561
27561
27567
27570
27573
27573
27579
27582
27585
27588
27591
27591
27600
27603
27606
27606
27609
27609
27609
27615
27618
27618
27618
27624
27627
27633
27642
27651
27660
27663
27666
27669
27669
27675
27678
27681
27684
27684
27690
27690
27696
27699
27702
27717
27720
27723
27726
27729
27732
27738
27741
27741
27741
27744
27744
27747
27747
27747
27747
27750
27756
27765
27765
27768
27768
27774
27774
27777
27777
27777
27777
27777
27780
27792
27795
27795
27798
27798
27801
27804
27807
27810
27813
27813
27816
27819
27825
27825
27828
27831
27837
27837
27843
27846
27846
27846
27846
27852
27855
27858
27864
27867
27879
27879
27885
27885
27888
27888
27888
27894
27894
27903
27906
27909
27915
27918
27921
27927
27933
27936
27939
27951
27951
27954
27957
27957
27957
27966
27969
27969
27972
27975
27975
27978
27981
27981
27981
27984
27984
27990
27990
27993
27999
28005
28008
28014
28017
28017
28020
28020
28026
28026
28047
28050
28056
28059
28062
28065
28065
28077
28080
28080
28083
28086
28086
28089
28089
28092
28095
28098
28101
28101
28104
28104
28113
28113
28119
28122
28125
28128
28131
28134
28137
28137
28146
28155
28155
28161
28161
28164
28176
28176
28179
28179
28182
28185
28188
28188
28191
28194
28194
28203
28203
28206
28209
28209
28209
28212
28212
28212
28215
28215
28215
28215
28227
28227
28227
28230
28233
28233
28236
28236
28239
28239
28239
28242
28245
28251
28254
28260
28263
28266
28269
28275
28275
28275
28281
28281
28293
28296
28302
28305
28305
28308
28320
28320
28326
28329
28329
28329
28332
28332
28332
28332
28335
28335
28338
28341
28341
28341
28347
28350
28353
28353
28356
28359
28359
28362
28362
28368
28371
28377
28377
28377
28380
28380
28392
28392
28392
28395
28404
28407
28413
28425
28428
28428
28434
28443
28446
28446
28452
28455
28458
28458
28458
28458
28467
28473
28473
28473
28476
28476
28479
28479
28482
28485
28488
28488
28491
28494
28494
28500
28500
28503
28503
28512
28512
28512
28521
28527
28527
28533
28536
28539
28539
28557
28563
28566
28569
28572
28575
28575
28578
28584
28587
28587
28587
28590
28593
28596
28596
28596
28599
28599
28599
28611
28614
28617
28617
28623
28629
28629
28629
28629
28644
28644
28647
28647
28650
28656
28665
28668
28668
28674
28680
28686
28701
28707
28707
28710
28710
28710
28716
28716
28719
28722
28722
28725
28728
28731
28734
28740
28740
28749
28755
28755
28764
28767
28767
28773
28776
28785
28785
28788
28794
28797
28803
28806
28806
28812
28815
28818
28818
28821
28824
28827
28830
28833
28833
28836
28836
28839
28839
28848
28851
28851
28854
28860
28863
28866
28872
28875
28881
28881
28884
28884
28887
28890
28893
28896
28899
28899
28899
28908
28911
28911
28914
28917
28917
28920
28929
28929
28929
28932
28935
28938
28941
28947
28950
28950
28953
28953
28959
28971
28971
28974
28977
28980
28983
28986
28989
28992
28992
28992
28995
29001
29004
29004
29007
29007
29007
29013
29016
29019
29022
29025
29031
29031
29043
29049
29052
29052
29055
29064
29064
29064
29067
29076
29082
29082
29094
29094
29097
29100
29103
29103
29109
29109
29130
29130
29136
29142
29148
29151
29157
29163
29169
29172
29172
29178
29181
29184
29187
29193
29196
29196
29199
29199
29202
29208
29217
29226
29226
29229
29229
29232
29232
29238
29247
29247
29250
29253
29253
29253
29256
29256
29256
29259
29259
29262
29265
29271
29271
29271
29277
29277
29280
29280
29286
29286
29286
29286
29289
29289
29289
29292
29292
29298
29298
29301
29304
29307
29310
29313
29313
29322
29325
29325
29328
29337
29337
29343
29349
29352
29352
29355
29358
29358
29364
29370
29370
29373
29382
29382
29382
29385
29385
29388
29391
29397
29397
29400
29403
29403
29418
29421
29421
29427
29430
29436
29436
29439
29439
29442
29445
29451
29457
29460
29463
29466
29472
29472
29475
29478
29478
29484
29487
29487
29490
29502
29502
29505
29505
29511
29514
29517
29523
29526
29526
29526
29529
29529
29532
29535
29535
29538
29547
29547
29550
29553
29553
29553
29556
29559
29559
29568
29571
29571
29574
29574
29574
29577
29577
29580
29580
29580
29580
29589
29592
29592
29595
29595
29604
29604
29607
29607
29613
29616
29619
29619
29625
29625
29625
29628
29631
29631
29634
29634
29646
29652
29655
29661
29670
29673
29673
29676
29676
29682
29694
29697
29703
29703
29706
29706
29706
29709
29709
29715
29718
29730
29733
29748
29748
29748
29754
29757
29757
29757
29769
29769
29772
29772
29778
29778
29781
29781
29790
29793
29796
29802
29817
29820
29823
29823
29823
29826
29832
29835
29835
29847
29847
29847
29850
29853
29853
29853
29856
29856
29859
29862
29868
29868
29871
29874
29874
29874
29874
29877
29877
29877
29877
29880
29883
29883
29883
29892
29898
29901
29910
29913
29916
29919
29922
29922
29922
29922
29922
29925
29925
29928
29940
29940
29946
29949
29949
29955
29958
29964
29967
29970
29973
29973
29976
29979
29982
29982
29988
29991
29991
29994
29994
29997
29997
30000
30000
30000
30006
30006
30006
30009
30012
30012
30015
30015
30015
30021
30021
30024
30030
30033
30033
30036
30036
30039
30042
30042
30045
30045
30048
30051
30054
30054
30054
30057
30057
30063
30063
30063
30066
30069
30072
30078
30081
30087
30087
30087
30087
30090
30090
30096
30096
30096
30102
30102
30105
30108
30111
30111
30117
30117
30120
30129
30129
30138
30138
30150
30162
30162
30165
30174
30183
30189
30192
30195
30201
30204
30207
30207
30207
30210
30213
30213
30213
30222
30222
30228
30228
30231
30240
30240
30240
30243
30246
30246
30249
30249
30252
30252
30255
30258
30258
30258
30261
30267
30267
30267
30273
30276
30282
30288
30288
30294
30297
30309
30312
30315
30321
30321
30339
30345
30351
30354
30360
30360
30363
30366
30369
30378
30381
30381
30387
30390
30396
30396
30399
30402
30414
30414
30420
30423
30429
30432
30438
30438
30447
30453
30456
30456
30462
30462
30465
30465
30468
30471
30474
30477
30477
30483
30483
30489
30489
30492
30492
30492
30495
30504
30504
30510
30510
30516
30516
30516
30522
30522
30528
30528
30534
30534
30540
30540
30540
30543
30546
30549
30552
30552
30555
30555
30558
30561
30561
30567
30567
30567
30570
30573
30573
30576
30576
30579
30582
30582
30585
30585
30588
30588
30588
30591
30594
30597
30597
30600
30618
30621
30621
30627
30630
30633
30633
30636
30642
30645
30645
30648
30651
30651
30651
30660
30663
30672
30675
30681
30684
30684
30684
30690
30690
30693
30693
30696
30699
30705
30705
30708
30714
30714
30720
30720
30723
30726
30726
30732
30732
30735
30738
30741
30741
30747
30747
30753
30756
30756
30756
30759
30762
30765
30765
30771
30771
30774
30780
30780
30780
30789
30792
30798
30810
30816
30822
30825
30828
30828
30831
30831
30840
30843
30846
30852
30852
30858
30858
30867
30870
30870
30870
30870
30873
30879
30891
30891
30894
30897
30900
30903
30912
30912
30915
30915
30915
30924
30927
30936
30936
30942
30945
30948
30951
30954
30957
30960
30960
30960
30966
30969
30975
30975
30978
30978
30981
30981
30984
30987
30990
30993
31002
31002
31002
31002
31002
31008
31008
31011
31017
31020
31026
31029
31029
31035
31035
31038
31038
31038
31041
31044
31047
31047
31053
31053
31062
31062
31068
31068
31077
31086
31086
31086
31089
31095
31095
31098
31101
31104
31107
31110
31110
31110
31113
31113
31116
31116
31119
31122
31128
31143
31143
31152
31164
31167
31167
31170
31170
31188
31188
31194
31197
31200
31212
31212
31215
31218
31218
31221
31221
31224
31233
31236
31239
31251
31251
31263
31269
31269
31275
31275
31281
31287
31296
31299
31299
31314
31314
31317
31323
31323
31326
31332
31338
31341
31341
31341
31347
31347
31353
31356
31362
31365
31368
31371
31374
31374
31377
31395
31398
31401
31401
31404
31407
31410
31413
31416
31419
31419
31419
31419
31422
31425
31428
31428
31431
31440
31440
31446
31455
31455
31458
31458
31461
31461
31464
31467
31470
31473
31479
31482
31482
31488
31488
31494
31497
31497
31500
31500
31503
31503
31506
31506
31512
31512
31512
31512
31515
31518
31518
31527
31530
31536
31539
31539
31545
31548
31548
31551
31554
31554
31557
31560
31566
31578
31581
31581
31584
31584
31587
31593
31605
31608
31611
31611
31611
31614
31614
31614
31614
31617
31620
31620
31620
31623
31623
31626
31635
31638
31638
31641
31644
31647
31650
31656
31662
31662
31674
31677
31680
31683
31686
31689
31692
31695
31701
31704
31725
31728
31734
31737
31737
31740
31746
31746
31749
31749
31752
31755
31758
31761
31767
31767
31767
31767
31770
31770
31773
31779
31782
31785
31788
31791
31791
31791
31800
31803
31806
31806
31809
31812
31815
31818
31818
31818
31821
31824
31827
31827
31830
31836
31842
31842
31845
31845
31851
31854
31854
31854
31854
31860
31863
31863
31863
31866
31872
31884
31890
31890
31890
31890
31896
31899
31899
31902
31911
31914
31914
31920
31920
31923
31923
31926
31926
31932
31932
31935
31935
31938
31953
31956
31968
31974
31977
31980
31983
31986
31989
31989
31992
31992
31998
32001
32001
32004
32013
32013
32016
32016
32016
32016
32019
32031
32034
32034
32043
32043
32046
32046
32046
32049
32049
32049
32052
32055
32058
32064
32064
32070
32073
32076
32082
32085
32088
32094
32097
32100
32103
32106
32106
32115
32118
32121
32124
32130
32133
32133
32136
32139
32139
32139
32142
32142
32145
32145
32148
32148
32160
32160
32163
32166
32166
32169
32169
32175
32178
32181
32187
32196
32199
32199
32205
32208
32208
32208
32211
32211
32214
32214
32220
32220
32226
32229
32235
32241
32241
32253
32253
32253
32253
32259
32259
32274
32274
32286
32289
32289
32289
32295
32295
32298
32298
32301
32301
32307
32316
32319
32319
32319
32319
32322
32325
32328
32328
32328
32331
32331
32331
32331
32337
32340
32340
32343
32346
32349
32349
32355
32361
32364
32364
32364
32364
32367
32367
32370
32370
32376
32379
32385
32391
32391
32391
32400
32400
32403
32403
32409
32412
32412
32415
32415
32418
32418
32424
32427
32430
32433
32439
32439
32442
32442
32448
32448
32457
32457
32457
32457
32460
32463
32466
32469
32475
32478
32481
32481
32481
32487
32490
32490
32490
32493
32496
32499
32505
32511
32511
32511
32514
32517
32523
32526
32529
32529
32532
32541
32541
32544
32544
32547
32550
32550
32553
32556
32568
32568
32577
32589
32595
32598
32607
32613
32616
32619
32619
32619
32622
32628
32634
32637
32637
32643
32646
32652
32652
32661
32670
32670
32676
32676
32682
32682
32682
32685
32691
32694
32694
32697
32700
32700
32703
32712
32712
32715
32715
32724
32724
32730
32733
32739
32742
32742
32748
32751
32754
32754
32754
32757
32763
32772
32772
32775
32775
32775
32778
32781
32781
32787
32787
32793
32793
32793
32796
32802
32805
32808
32814
32820
32820
32820
32823
32823
32829
32841
32844
32847
32847
32847
32850
32850
32853
32856
32856
32856
32856
32859
32868
32871
32874
32874
32877
32877
32880
32892
32895
32898
32904
32904
32910
32910
32925
32925
32925
32928
32937
32940
32943
32943
32946
32946
32952
32952
32952
32955
32961
32964
32967
32967
32967
32970
32973
32973
32976
32982
32985
32988
32991
32991
32997
32997
33000
33006
33009
33012
33015
33021
33027
33027
33027
33030
33036
33036
33039
33045
33045
33048
33051
33051
33054
33054
33057
33060
33063
33069
33069
33069
33072
33078
33093
33093
33096
33096
33096
33096
33108
33108
33108
33111
33111
33114
33114
33114
33114
33123
33126
33126
33129
33132
33135
33138
33138
33138
33141
33144
33144
33147
33150
33153
33159
33171
33171
33174
33177
33192
33192
33195
33195
33198
33198
33198
33201
33201
33201
33204
33207
33207
33210
33210
33213
33213
33216
33216
33216
33216
33216
33225
33225
33228
33231
33231
33234
33234
33237
33249
33252
33255
33255
33255
33258
33261
33264
33264
33267
33273
33276
33276
33276
33276
33282
33282
33282
33285
33297
33297
33297
33300
33300
33300
33303
33303
33309
33321
33321
33324
33330
33330
33333
33348
33348
33348
33348
33348
33351
33360
33360
33366
33369
33375
33378
33384
33384
33387
33390
33402
33402
33402
33402
33408
33414
33414
33417
33417
33423
33426
33426
33429
33441
33444
33444
33447
33453
33453
33456
33456
33456
33459
33459
33465
33465
33465
33468
33471
33474
33480
33483
33486
33492
33492
33498
33504
33504
33510
33513
33513
33513
33516
33519
33519
33522
33522
33525
33528
33528
33534
33537
33540
33540
33540
33543
33549
33552
33552
33555
33555
33555
33558
33558
33564
33570
33570
33570
33573
33576
33582
33585
33585
33588
33591
33603
33606
33606
33606
33609
33609
33612
33615
33618
33621
33621
33624
33630
33630
33630
33636
33636
33639
33639
33645
33645
33657
33660
33669
33669
33675
33678
33681
33681
33684
33687
33693
33699
33699
33699
33699
33705
33705
33708
33714
33717
33723
33723
33723
33729
33735
33735
33735
33738
33738
33741
33747
33753
33753
33753
33759
33759
33762
33762
33765
33765
33768
33768
33771
33771
33771
33771
33777
33780
33780
33783
33783
33783
33783
33792
33792
33795
33795
33798
33798
33804
33813
33813
33816
33816
33831
33831
33840
33843
33849
33849
33849
33852
33852
33855
33855
33858
33861
33861
33864
33864
33873
33876
33885
33885
33885
33888
33888
33891
33891
33897
33897
33900
33906
33909
33915
33918
33918
33921
33921
33927
33927
33927
33927
33930
33930
33945
33948
33957
33960
33969
33969
33972
33975
33984
33990
34002
34005
34011
34017
34017
34017
34020
34035
34038
34047
34050
34053
34053
34053
34053
34053
34059
34062
34062
34074
34074
34074
34074
34080
34080
34083
34083
34089
34089
34095
34098
34098
34098
34101
34104
34107
34110
34113
34119
34128
34128
34134
34140
34140
34143
34143
34143
34146
34146
34149
34155
34155
34158
34158
34158
34161
34161
34167
34167
34167
34167
34170
34170
34173
34176
34179
34185
34188
34188
34191
34191
34191
34191
34194
34200
34206
34209
34215
34221
34224
34224
34224
34224
34230
34230
34233
34233
34236
34239
34245
34245
34248
34248
34251
34251
34254
34254
34266
34266
34278
34278
34278
34278
34284
34284
34284
34287
34287
34293
34293
34293
34296
34296
34299
34302
34305
34305
34305
34311
34311
34311
34311
34320
34320
34323
34329
34332
34332
34332
34338
34347
34353
34353
34362
34365
34371
34377
34380
34380
34383
34383
34389
34392
34395
34398
34401
34404
34404
34404
34410
34413
34416
34419
34422
34422
34428
34434
34440
34440
34440
34449
34449
34452
34455
34458
34461
34461
34470
34473
34473
34476
34476
34476
34479
34485
34485
34491
34497
34497
34503
34506
34509
34512
34512
34515
34518
34518
34518
34521
34521
34521
34524
34527
34536
34539
34539
34545
34548
34548
34551
34554
34554
34557
34557
34560
34560
34566
34566
34569
34569
34572
34581
34584
34584
34584
34587
34587
34590
34590
34596
34596
34599
34599
34602
34602
34605
34611
34614
34617
34617
34620
34635
34635
34635
34638
34638
34641
34644
34647
34647
34647
34650
34656
34659
34662
34665
34665
34674
34674
34680
34686
34689
34692
34692
34695
34698
34701
34701
34704
34707
34707
34707
34710
34713
34713
34713
34713
34719
34719
34722
34722
34725
34731
34740
34752
34755
34755
34758
34761
34764
34767
34770
34773
34773
34776
34776
34776
34785
34788
34791
34794
34797
34797
34803
34809
34809
34812
34815
34818
34821
34824
34824
34827
34830
34836
34836
34845
34845
34845
34851
34851
34854
34854
34857
34857
34857
34863
34863
34866
34869
34872
34878
34878
34878
34884
34890
34896
34899
34899
34902
34908
34911
34914
34914
34917
34917
34917
34926
34929
34929
34932
34932
34935
34935
34935
34935
34938
34938
34941
34941
34944
34950
34956
34956
34962
34965
34965
34968
34971
34974
34977
34980
34983
34992
34992
34992
34998
34998
35004
35007
35013
35019
35019
35022
35025
35025
35028
35028
35031
35031
35031
35034
35040
35046
35046
35055
35058
35058
35061
35061
35064
35076
35076
35079
35079
35082
35091
35097
35100
35103
35103
35103
35106
35109
35109
35112
35118
35118
35124
35130
35130
35133
35133
35139
35151
35151
35154
35154
35160
35169
35178
35181
35181
35181
35181
35187
35187
35187
35187
35193
35196
35196
35205
35208
35208
35208
35211
35211
35214
35220
35223
35223
35223
35226
35235
35238
35238
35253
35253
35253
35259
35262
35265
35265
35268
35271
35271
35274
35277
35280
35283
35283
35286
35286
35289
35289
35292
35292
35295
35295
35298
35298
35301
35304
35307
35310
35316
35319
35322
35322
35325
35328
35334
35343
35346
35349
35349
35349
35352
35352
35355
35358
35358
35358
35361
35367
35367
35370
35373
35376
35382
35382
35382
35388
35391
35391
35391
35394
35394
35400
35406
35412
35412
35415
35418
35427
35427
35433
35433
35436
35436
35439
35442
35448
35454
35454
35454
35457
35457
35466
35475
35475
35481
35487
35490
35490
35496
35499
35499
35508
35514
35514
35514
35517
35520
35529
35538
35547
35550
35556
35559
35559
35568
35571
35571
35580
35583
35589
35589
35595
35595
35595
35601
35607
35607
35610
35610
35610
35610
35616
35616
35619
35619
35619
35634
35634
35637
35643
35646
35649
35652
35652
35655
35658
35664
35664
35667
35670
35676
35679
35679
35682
35682
35682
35685
35685
35685
35691
35697
35700
35703
35706
35706
35715
35721
35721
35724
35727
35727
35730
35733
35739
35754
35754
35754
35754
35757
35766
35769
35769
35772
35778
35781
35802
35817
35823
35832
35832
35832
35835
35835
35838
35838
35847
35847
35850
35853
35862
35865
35865
35868
35871
35874
35877
35880
35892
35895
35901
35901
35910
35922
35928
35928
35934
35934
35943
35943
35946
35949
35949
35952
35961
35961
35961
35967
35967
35967
35967
35970
35970
35973
35973
35976
35982
35985
35991
35991
35994
35994
36000
36003
36009
36012
36012
36015
36015
36018
36018
36018
36021
36021
36024
36024
36027
36030
36039
36042
36048
36051
36057
36066
36069
36069
36072
36072
36072
36078
36081
36096
36099
36102
36108
36111
36111
36114
36117
36117
36126
36129
36138
36138
36144
36144
36144
36147
36153
36159
36168
36171
36171
36183
36183
36183
36189
36192
36195
36195
36198
36201
36201
36204
36204
36204
36207
36207
36207
36219
36219
36222
36222
36225
36240
36243
36243
36243
36246
36249
36252
36258
36261
36264
36264
36273
36273
36276
36279
36282
36282
36282
36288
36288
36291
36294
36297
36300
36306
36309
36309
36315
36315
36321
36327
36327
36327
36330
36333
36336
36336
36342
36345
36351
36360
36363
36369
36369
36372
36372
36378
36378
36378
36381
36381
36381
36381
36381
36381
36384
36387
36390
36396
36402
36405
36408
36408
36414
36420
36426
36429
36432
36432
36435
36435
36438
36438
36438
36441
36444
36444
36447
36450
36465
36471
36471
36474
36477
36480
36480
36483
36483
36483
36483
36483
36483
36489
36489
36489
36495
36495
36501
36501
36504
36513
36516
36516
36516
36522
36522
36525
36537
36540
36540
36543
36546
36546
36549
36552
36552
36552
36552
36552
36558
36561
36567
36579
36582
36585
36591
36594
36597
36600
36600
36606
36609
36609
36612
36612
36615
36615
36618
36621
36621
36627
36627
36633
36633
36639
36642
36645
36648
36648
36651
36651
36654
36657
36660
36660
36666
36666
36666
36669
36672
36672
36678
36678
36681
36687
36687
36687
36687
36690
36693
36693
36696
36699
36702
36708
36708
36714
36732
36747
36750
36753
36753
36753
36759
36759
36762
36765
36771
36771
36774
36780
36780
36783
36783
36783
36786
36789
36798
36801
36801
36804
36804
36807
36807
36807
36810
36810
36810
36813
36816
36825
36831
36831
36834
36837
36837
36840
36840
36846
36858
36861
36861
36861
36864
36867
36867
36873
36876
36876
36876
36879
36888
36888
36891
36891
36894
36903
36915
36918
36918
36918
36921
36924
36924
36933
36936
36939
36939
36942
36945
36945
36948
36951
36957
36963
36966
36969
36972
36972
36972
36975
36981
36981
36981
36981
36984
36987
36996
36999
36999
37002
37002
37002
37005
37008
37008
37008
37008
37011
37014
37017
37020
37023
37023
37026
37029
37032
37032
37038
37041
37053
37059
37062
37068
37080
37098
37098
37098
37104
37104
37110
37113
37116
37119
37119
37128
37131
37137
37140
37143
37146
37146
37146
37146
37146
37155
37158
37158
37170
37179
37179
37182
37188
37188
37188
37194
37194
37197
37197
37200
37200
37200
37206
37206
37209
37215
37218
37227
37227
37230
37230
37233
37239
37242
37248
37254
37254
37263
37263
37263
37266
37269
37269
37272
37275
37281
37284
37287
37287
37290
37293
37293
37305
37311
37317
37317
37320
37320
37326
37332
37335
37338
37341
37344
37344
37347
37347
37347
37350
37350
37350
37353
37353
37356
37359
37359
37362
37365
37365
37371
37377
37377
37380
37380
37383
37383
37383
37386
37386
37386
37392
37392
37395
37395
37398
37398
37398
37401
37413
37416
37422
37425
37428
37434
37434
37443
37449
37449
37452
37452
37452
37455
37458
37458
37470
37473
37476
37488
37488
37488
37488
37488
37497
37497
37497
37500
37500
37503
37503
37506
37506
37509
37527
37527
37530
37530
37542
37548
37551
37557
37560
37566
37566
37569
37578
37584
37590
37599
37608
37611
37611
37614
37617
37620
37626
37626
37626
37626
37629
37629
37632
37632
37641
37644
37644
37644
37647
37653
37656
37659
37665
37671
37677
37680
37680
37683
37683
37686
37689
37692
37692
37701
37701
37707
37710
37722
37722
37725
37725
37731
37734
37737
37755
37770
37773
37773
37773
37776
37779
37782
37785
37788
37788
37800
37803
37806
37806
37812
37812
37821
37821
37821
37824
37833
37839
37842
37845
37848
37854
37854
37857
37857
37860
37863
37866
37866
37866
37869
37875
37875
37878
37878
37881
37881
37884
37884
37884
37884
37887
37887
37902
37905
37908
37908
37914
37923
37926
37929
37935
37938
37947
37950
37950
37956
37956
37956
37962
37962
37965
37968
37968
37968
37971
37974
37977
37977
37980
37986
37986
37986
37986
37992
37995
37998
38004
38007
38007
38007
38007
38010
38019
38019
38022
38025
38025
38028
38031
38034
38034
38037
38040
38043
38043
38049
38049
38052
38052
38055
38064
38070
38073
38085
38094
38097
38100
38100
38103
38106
38106
38109
38109
38112
38112
38112
38112
38115
38115
38118
38124
38124
38127
38130
38130
38136
38145
38154
38154
38157
38160
38160
38163
38166
38172
38172
38175
38178
38193
38193
38196
38196
38202
38205
38208
38217
38220
38220
38223
38223
38223
38226
38229
38229
38229
38238
38238
38241
38244
38250
38250
38256
38256
38256
38256
38259
38265
38265
38271
38277
38289
38292
38298
38301
38304
38304
38310
38316
38319
38319
38319
38328
38328
38331
38331
38331
38334
38337
38340
38340
38340
38343
38352
38352
38352
38352
38358
38358
38358
38361
38370
38376
38379
38388
38388
38388
38391
38394
38394
38397
38397
38403
38403
38406
38406
38406
38409
38412
38412
38412
38412
38415
38415
38415
38421
38421
38421
38436
38436
38442
38445
38445
38454
38469
38469
38481
38481
38487
38490
38490
38490
38493
38493
38499
38502
38505
38508
38511
38514
38520
38520
38523
38529
38529
38532
38535
38538
38541
38541
38544
38547
38550
38550
38550
38550
38553
38553
38556
38562
38562
38562
38562
38565
38568
38568
38571
38571
38580
38580
38583
38583
38586
38586
38595
38595
38601
38601
38604
38604
38613
38613
38616
38619
38622
38625
38628
38628
38628
38628
38631
38631
38637
38637
38643
38643
38646
38652
38655
38664
38667
38667
38667
38679
38685
38694
38694
38694
38694
38697
38697
38697
38703
38706
38706
38721
38724
38724
38727
38730
38730
38730
38733
38736
38736
38742
38754
38760
38763
38766
38766
38766
38769
38772
38772
38772
38772
38778
38781
38781
38790
38790
38793
38796
38796
38799
38799
38802
38814
38817
38817
38820
38823
38826
38826
38829
38829
38832
38832
38832
38832
38841
38844
38850
38853
38856
38856
38868
38868
38871
38871
38877
38877
38877
38880
38889
38889
38892
38892
38904
38904
38907
38907
38910
38913
38913
38913
38916
38916
38916
38922
38922
38925
38925
38931
38934
38934
38937
38940
38949
38952
38955
38955
38955
38955
38958
38958
38961
38967
38970
38973
38973
38976
38979
38982
38982
38988
38988
38988
38997
39003
39009
39018
39024
39030
39030
39033
39036
39039
39042
39045
39048
39051
39054
39063
39063
39066
39069
39069
39072
39075
39075
39078
39078
39078
39093
39093
39093
39096
39096
39096
39099
39099
39105
39105
39108
39114
39120
39120
39123
39126
39129
39129
39132
39135
39147
39150
39156
39162
39162
39165
39171
39177
39180
39183
39201
39201
39204
39213
39213
39216
39219
39219
39219
39222
39234
39240
39249
39252
39255
39255
39258
39264
39267
39267
39267
39270
39273
39276
39279
39282
39285
39288
39294
39297
39297
39300
39309
39309
39315
39315
39321
39324
39327
39327
39333
39333
39336
39336
39342
39342
39345
39348
39348
39354
39357
39360
39363
39363
39363
39366
39369
39369
39369
39372
39372
39372
39372
39375
39375
39375
39378
39378
39378
39381
39384
39384
39384
39393
39399
39402
39405
39408
39411
39411
39414
39417
39420
39420
39426
39426
39426
39429
39429
39432
39432
39438
39438
39441
39441
39447
39447
39450
39456
39459
39462
39462
39462
39462
39465
39471
39480
39480
39480
39486
39492
39495
39501
39504
39504
39507
39507
39510
39513
39513
39516
39516
39519
39522
39522
39528
39531
39531
39531
39537
39540
39540
39543
39546
39549
39549
39552
39555
39555
39558
39567
39567
39570
39570
39573
39573
39576
39576
39579
39579
39582
39582
39588
39591
39591
39591
39594
39594
39603
39612
39624
39627
39630
39630
39633
39639
39642
39645
39648
39648
39651
39651
39654
39654
39657
39660
39663
39675
39678
39678
39678
39678
39678
39687
39690
39702
39702
39705
39708
39708
39711
39711
39714
39714
39717
39717
39735
39738
39741
39741
39753
39762
39762
39762
39765
39768
39771
39786
39789
39792
39795
39798
39798
39807
39813
39813
39813
39813
39819
39819
39822
39825
39828
39828
39831
39831
39834
39837
39843
39846
39849
39849
39852
39858
39861
39864
39867
39867
39873
39873
39876
39876
39876
39879
39882
39882
39885
39888
39888
39894
39900
39906
39906
39909
39912
39915
39918
39924
39924
39933
39939
39939
39942
39948
39951
39957
39972
39978
39978
39978
39984
39993
39999
39999
40002
40005
40005
40005
40011
40014
40017
40017
40020
40026
40026
40026
40026
40029
40029
40038
40038
40041
40047
40050
40053
40056
40059
40062
40062
40062
40062
40071
40074
40077
40083
40083
40095
40095
40104
40107
40110
40116
40116
40119
40122
40122
40122
40125
40125
40128
40131
40137
40137
40143
40146
40149
40155
40155
40161
40164
40164
40167
40170
40170
40173
40179
40185
40188
40194
40197
40200
40203
40206
40212
40215
40221
40224
40233
40233
40242
40242
40242
40245
40245
40248
40251
40251
40251
40257
40260
40260
40266
40266
40272
40278
40278
40278
40284
40287
40290
40290
40293
40296
40296
40296
40299
40302
40305
40308
40320
40326
40329
40335
40338
40338
40341
40344
40356
40362
40362
40362
40368
40383
40386
40386
40386
40395
40401
40401
40401
40401
40404
40407
40413
40419
40422
40428
40434
40437
40443
40452
40455
40458
40458
40467
40467
40467
40479
40479
40482
40485
40485
40485
40485
40485
40491
40491
40500
40503
40506
40509
40509
40509
40512
40512
40515
40518
40521
40521
40524
40527
40527
40533
40533
40536
40539
40542
40545
40545
40545
40554
40563
40563
40566
40569
40572
40575
40578
40578
40578
40581
40581
40584
40587
40602
40602
40608
40608
40611
40611
40614
40620
40629
40632
40635
40635
40635
40641
40644
40644
40653
40653
40653
40659
40662
40662
40665
40665
40665
40668
40677
40677
40677
40680
40683
40683
40683
40686
40689
40689
40695
40698
40698
40701
40704
40707
40710
40713
40743
40743
40746
40746
40746
40749
40749
40752
40752
40755
40758
40761
40764
40767
40767
40770
40773
40773
40779
40788
40794
40797
40800
40809
40809
40809
40815
40815
40815
40815
40815
40818
40824
40827
40830
40830
40833
40836
40839
40842
40845
40848
40854
40857
40857
40857
40860
40875
40875
40881
40881
40884
40884
40887
40887
40890
40893
40899
40899
40902
40902
40908
40911
40917
40917
40917
40920
40920
40929
40929
40932
40935
40938
40941
40947
40950
40950
40956
40959
40971
40977
40977
40977
40983
40983
40983
40989
41013
41016
41016
41019
41019
41022
41025
41025
41031
41031
41034
41034
41037
41040
41040
41046
41046
41055
41061
41067
41067
41067
41070
41070
41079
41082
41085
41085
41088
41088
41091
41094
41094
41100
41103
41103
41103
41103
41103
41106
41106
41115
41115
41118
41118
41124
41127
41136
41139
41142
41142
41148
41160
41163
41169
41169
41172
41175
41184
41184
41187
41193
41193
41196
41199
41202
41205
41205
41205
41205
41208
41211
41211
41214
41217
41217
41223
41226
41226
41235
41235
41238
41241
41241
41244
41250
41250
41256
41256
41256
41268
41271
41271
41271
41274
41277
41286
41286
41289
41289
41295
41295
41301
41304
41310
41313
41316
41328
41331
41340
41340
41343
41349
41349
41349
41352
41352
41358
41361
41364
41367
41367
41370
41370
41376
41379
41379
41388
41391
41394
41394
41400
41400
41403
41406
41406
41409
41412
41418
41418
41421
41424
41424
41427
41427
41430
41433
41433
41436
41436
41436
41445
41445
41445
41451
41451
41454
41454
41457
41457
41460
41460
41463
41469
41478
41478
41481
41484
41484
41484
41487
41496
41496
41499
41502
41502
41508
41514
41520
41520
41520
41529
41532
41535
41535
41538
41538
41541
41544
41547
41556
41559
41559
41562
41562
41565
41568
41571
41571
41571
41574
41577
41577
41583
41583
41583
41589
41589
41595
41595
41595
41595
41595
41610
41613
41613
41613
41619
41619
41619
41628
41628
41631
41634
41634
41649
41649
41655
41661
41664
41664
41673
41679
41685
41685
41688
41694
41697
41700
41700
41703
41706
41709
41712
41712
41712
41715
41715
41724
41727
41727
41727
41739
41742
41742
41742
41745
41745
41754
41754
41760
41763
41763
41763
41769
41775
41778
41778
41778
41784
41784
41784
41793
41796
41796
41805
41808
41817
41823
41832
41832
41835
41844
41844
41850
41856
41859
41862
41865
41868
41871
41871
41877
41880
41880
41883
41883
41889
41889
41895
41895
41901
41901
41910
41910
41913
41913
41916
41916
41919
41922
41928
41928
41934
41934
41940
41943
41952
41955
41955
41961
41964
41967
41967
41970
41973
41976
41976
41979
41979
41979
41982
41988
41988
41988
41991
41991
41991
42009
42015
42018
42018
42021
42024
42030
42036
42036
42054
42054
42057
42057
42063
42066
42066
42066
42078
42078
42081
42081
42087
42096
42096
42096
42102
42105
42108
42111
42114
42114
42117
42117
42120
42120
42123
42126
42126
42129
42129
42141
42153
42153
42156
42156
42159
42159
42168
42171
42177
42177
42180
42180
42180
42186
42186
42189
42201
42210
42210
42213
42213
42213
42216
42216
42219
42222
42222
42225
42231
42234
42237
42246
42246
42249
42252
42252
42258
42258
42261
42264
42264
42264
42270
42273
42273
42273
42273
42276
42276
42279
42282
42288
42291
42294
42294
42294
42297
42300
42300
42303
42303
42303
42303
42309
42312
42318
42321
42321
42321
42324
42324
42324
42327
42339
42342
42345
42348
42351
42354
42357
42357
42357
42357
42357
42357
42357
42360
42360
42360
42360
42369
42369
42372
42372
42375
42387
42390
42393
42399
42402
42402
42405
42408
42411
42411
42420
42423
42423
42426
42429
42429
42438
42441
42441
42441
42447
42450
42453
42459
42459
42462
42465
42468
42480
42480
42486
42495
42495
42498
42501
42507
42507
42507
42507
42510
42513
42513
42522
42525
42528
42531
42531
42534
42537
42537
42540
42543
42552
42555
42558
42561
42561
42567
42573
42576
42576
42579
42585
42588
42588
42588
42591
42591
42591
42594
42594
42597
42603
42606
42612
42615
42615
42627
42627
42630
42630
42633
42639
42639
42642
42648
42657
42660
42663
42663
42666
42675
42675
42675
42678
42678
42678
42681
42681
42681
42684
42684
42684
42687
42687
42699
42708
42714
42714
42723
42726
42729
42738
42747
42750
42753
42753
42762
42762
42762
42765
42768
42774
42777
42786
42789
42795
42798
42798
42801
42801
42804
42810
42810
42810
42816
42816
42819
42819
42822
42825
42825
42828
42831
42837
42837
42840
42840
42840
42843
42849
42849
42852
42855
42855
42870
42873
42879
42882
42891
42897
42900
42909
42909
42909
42909
42912
42915
42915
42918
42921
42924
42924
42933
42933
42936
42936
42942
42945
42948
42951
42957
42960
42960
42960
42960
42966
42966
42975
42975
42981
42981
42984
42984
42993
42993
42996
42996
42996
42999
42999
43002
43005
43005
43014
43014
43017
43020
43035
43041
43044
43047
43056
43056
43059
43059
43059
43059
43062
43065
43065
43074
43074
43080
43086
43095
43098
43098
43101
43101
43101
43104
43107
43113
43116
43122
43122
43125
43125
43125
43128
43140
43140
43146
43149
43152
43155
43155
43158
43173
43173
43173
43176
43182
43182
43182
43185
43191
43197
43200
43203
43209
43209
43218
43221
43227
43230
43233
43260
43266
43269
43275
43275
43281
43281
43281
43284
43287
43287
43287
43290
43290
43290
43293
43296
43302
43302
43305
43305
43308
43311
43311
43317
43317
43317
43320
43320
43323
43329
43332
43335
43338
43341
43341
43341
43350
43353
43353
43356
43356
43362
43362
43368
43374
43374
43383
43383
43386
43389
43389
43395
43398
43398
43398
43401
43404
43404
43407
43410
43413
43416
43416
43419
43428
43428
43434
43443
43443
43443
43449
43449
43452
43452
43452
43455
43461
43464
43464
43470
43470
43470
43473
43476
43482
43488
43491
43494
43494
43500
43500
43509
43509
43512
43515
43515
43518
43524
43530
43530
43533
43533
43539
43545
43548
43551
43551
43554
43554
43560
43566
43572
43575
43575
43581
43584
43590
43590
43596
43599
43599
43605
43611
43611
43611
43611
43614
43620
43620
43620
43623
43626
43626
43626
43626
43629
43635
43638
43641
43644
43653
43659
43662
43662
43665
43668
43671
43671
43677
43677
43680
43686
43686
43686
43686
43689
43689
43692
43695
43701
43710
43713
43713
43713
43728
43728
43731
43737
43743
43743
43746
43749
43749
43749
43752
43752
43755
43758
43761
43761
43764
43767
43767
43767
43770
43773
43779
43782
43785
43788
43788
43791
43791
43794
43797
43800
43800
43806
43812
43818
43818
43818
43821
43821
43824
43824
43830
43830
43836
43842
43848
43848
43848
43854
43866
43869
43869
43878
43887
43890
43893
43893
43899
43902
43908
43908
43908
43911
43914
43914
43914
43920
43929
43932
43935
43938
43941
43950
43956
43959
43968
43968
43971
43977
43983
43989
43992
43992
44001
44004
44004
44007
44007
44007
44007
44010
44013
44013
44016
44016
44019
44022
44025
44025
44028
44028
44037
44037
44040
44043
44046
44046
44052
44067
44070
44073
44073
44076
44079
44082
44091
44091
44091
44094
44094
44106
44109
44112
44112
44124
44127
44127
44130
44130
44130
44133
44145
44151
44154
44154
44157
44160
44163
44166
44169
44172
44172
44175
44178
44184
44187
44190
44190
44193
44199
44199
44199
44205
44208
44208
44214
44214
44223
44229
44229
44229
44229
44235
44238
44238
44241
44244
44247
44250
44253
44256
44259
44262
44262
44265
44265
44268
44268
44271
44274
44277
44277
44280
44283
44292
44292
44292
44298
44307
44310
44310
44316
44319
44325
44328
44331
44334
44337
44340
44340
44340
44349
44352
44355
44358
44361
44361
44367
44367
44373
44373
44376
44382
44382
44388
44391
44400
44400
44409
44418
44418
44421
44424
44424
44427
44430
44436
44436
44439
44442
44445
44448
44448
44451
44454
44463
44463
44481
44481
44481
44484
44484
44484
44487
44487
44496
44499
44499
44499
44502
44511
44520
44520
44520
44526
44526
44529
44535
44535
44535
44547
44550
44559
44562
44565
44568
44568
44571
44571
44571
44571
44574
44577
44577
44580
44586
44586
44589
44589
44592
44595
44595
44595
44598
44601
44616
44619
44619
44631
44634
44634
44634
44646
44649
44649
44652
44652
44655
44655
44655
44655
44655
44658
44658
44661
44676
44676
44679
44682
44685
44691
44691
44691
44691
44694
44697
44712
44712
44715
44718
44718
44721
44727
44733
44733
44736
44739
44739
44745
44748
44748
44751
44754
44760
44763
44769
44769
44781
44784
44796
44802
44808
44808
44811
44811
44814
44817
44826
44826
44826
44832
44832
44835
44835
44838
44838
44841
44847
44853
44856
44859
44859
44865
44868
44874
44874
44874
44880
44886
44892
44892
44895
44895
44895
44895
44898
44901
44904
44907
44907
44910
44910
44913
44919
44919
44919
44922
44925
44928
44934
44940
44940
44940
44943
44946
44952
44952
44955
44961
44967
44967
44970
44970
44973
44973
44973
44976
44976
44982
44991
44991
44994
44994
44997
45000
45000
45000
45000
45006
45006
45006
45009
45018
45021
45021
45024
45030
45033
45033
45036
45045
45048
45048
45051
45051
45060
45063
45063
45066
45069
45069
45069
45069
45081
45087
45093
45102
45105
45108
45114
45117
45117
45117
45117
45120
45120
45120
45126
45129
45132
45135
45147
45147
45147
45153
45153
45153
45165
45171
45177
45183
45183
45189
45189
45192
45192
45198
45198
45207
45210
45210
45210
45228
45231
45234
45237
45237
45246
45246
45267
45270
45270
45273
45276
45279
45279
45279
45282
45285
45285
45291
45294
45300
45306
45306
45306
45312
45318
45321
45321
45321
45327
45330
45333
45339
45348
45348
45351
45354
45360
45360
45372
45378
45384
45384
45387
45390
45390
45390
45393
45399
45399
45399
45399
45399
45414
45414
45414
45417
45417
45438
45441
45441
45447
45447
45450
45453
45459
45459
45459
45462
45465
45471
45474
45477
45477
45480
45480
45483
45483
45489
45489
45489
45489
45492
45492
45492
45492
45504
45510
45513
45516
45522
45522
45531
45531
45537
45543
45546
45555
45558
45558
45561
45561
45561
45564
45564
45564
45573
45573
45579
45585
45585
45591
45594
45597
45600
45600
45600
45603
45603
45606
45606
45609
45609
45609
45612
45612
45615
45615
45621
45624
45627
45627
45627
45639
45645
45645
45645
45645
45648
45648
45651
45657
45660
45660
45663
45663
45666
45666
45669
45672
45675
45681
45684
45696
45696
45702
45702
45705
45708
45708
45720
45720
45720
45723
45723
45726
45729
45741
45741
45747
45750
45756
45759
45759
45762
45762
45777
45780
45780
45783
45786
45789
45792
45795
45795
45801
45807
45810
45816
45828
45828
45837
45843
45843
45846
45846
45858
45861
45870
45879
45879
45882
45882
45891
45891
45894
45894
45897
45897
45900
45900
45900
45900
45903
45903
45903
45906
45909
45918
45921
45921
45924
45924
45930
45930
45933
45942
45945
45951
45951
45951
45954
45960
45960
45966
45969
45972
45972
45972
45975
45975
45978
45978
45984
45984
45990
45990
45996
46002
46002
46002
46005
46005
46008
46017
46017
46023
46032
46038
46047
46050
46059
46062
46062
46068
46074
46086
46095
46095
46098
46110
46110
46110
46116
46116
46125
46128
46134
46146
46146
46149
46152
46155
46155
46158
46158
46161
46161
46164
46170
46176
46179
46182
46185
46188
46194
46197
46209
46215
46218
46218
46221
46227
46230
46230
46236
46242
46263
46263
46269
46281
46284
46284
46287
46287
46287
46287
46293
46305
46305
46308
46311
46317
46317
46320
46320
46329
46332
46335
46335
46335
46335
46335
46335
46341
46344
46347
46353
46362
46365
46365
46368
46368
46371
46374
46374
46380
46380
46380
46383
46383
46386
46392
46392
46395
46398
46398
46401
46401
46404
46407
46410
46416
46422
46425
46428
46428
46431
46434
46440
46440
46440
46443
46449
46449
46452
46455
46458
46458
46458
46461
46464
46467
46470
46470
46470
46473
46476
46479
46485
46488
46488
46497
46497
46506
46509
46509
46512
46515
46515
46515
46515
46518
46521
46521
46521
46524
46530
46536
46542
46542
46545
46548
46548
46551
46554
46554
46557
46557
46560
46560
46560
46563
46566
46566
46575
46578
46584
46584
46587
46590
46593
46596
46596
46599
46602
46605
46608
46611
46614
46617
46620
46623
46626
46629
46629
46632
46632
46638
46644
46647
46650
46653
46656
46656
46662
46665
46668
46674
46677
46677
46677
46683
46683
46686
46686
46692
46695
46695
46698
46698
46701
46704
46707
46710
46713
46713
46722
46731
46734
46734
46746
46746
46746
46749
46749
46752
46755
46755
46761
46761
46761
46767
46767
46776
46779
46779
46782
46788
46788
46791
46794
46800
46809
46809
46812
46815
46818
46821
46821
46821
46827
46827
46830
46830
46833
46836
46842
46842
46842
46848
46848
46860
46863
46884
46884
46890
46890
46902
46908
46911
46911
46914
46917
46917
46920
46920
46923
46926
46926
46932
46935
46938
46947
46947
46956
46962
46965
46968
46971
46980
46980
46986
46989
46998
47001
47001
47001
47001
47004
47004
47004
47007
47007
47007
47010
47019
47025
47025
47028
47028
47031
47031
47034
47037
47043
47043
47043
47046
47046
47049
47055
47058
47064
47064
47064
47076
47082
47088
47091
47091
47097
47097
47097
47100
47103
47103
47103
47109
47109
47109
47115
47118
47130
47133
47136
47145
47145
47148
47151
47154
47154
47160
47166
47166
47169
47169
47169
47172
47178
47178
47178
47181
47184
47187
47193
47193
47196
47202
47208
47211
47217
47220
47223
47241
47259
47262
47262
47265
47271
47271
47274
47280
47286
47286
47286
47295
47298
47298
47298
47298
47307
47310
47316
47319
47319
47322
47322
47322
47322
47325
47334
47337
47337
47340
47346
47346
47355
47355
47358
47361
47370
47376
47379
47379
47388
47391
47397
47397
47397
47400
47406
47412
47412
47412
47415
47418
47424
47424
47424
47424
47427
47433
47433
47442
47442
47442
47448
47448
47448
47451
47454
47457
47457
47460
47460
47460
47460
47466
47466
47469
47469
47469
47475
47478
47481
47481
47487
47487
47487
47490
47493
47496
47499
47502
47505
47505
47514
47520
47520
47529
47541
47544
47547
47547
47556
47556
47559
47568
47568
47571
47577
47583
47586
47598
47598
47601
47601
47604
47613
47613
47616
47616
47616
47616
47619
47622
47622
47625
47625
47628
47634
47640
47640
47640
47643
47649
47649
47649
47649
47652
47655
47658
47658
47658
47664
47664
47670
47673
47676
47679
47685
47697
47703
47706
47709
47709
47721
47721
47724
47724
47727
47730
47733
47739
47742
47742
47742
47745
47751
47751
47754
47763
47763
47763
47766
47769
47769
47769
47781
47784
47787
47787
47787
47790
47793
47796
47802
47808
47808
47808
47811
47814
47814
47817
47820
47820
47823
47823
47826
47829
47835
47838
47841
47844
47850
47853
47853
47856
47862
47865
47865
47868
47868
47868
47871
47871
47874
47880
47880
47880
47883
47883
47883
47886
47889
47898
47904
47904
47913
47916
47916
47916
47919
47925
47925
47931
47931
47931
47931
47937
47937
47943
47946
47946
47949
47952
47952
47952
47955
47955
47967
47973
47988
47988
47991
48000
48006
48009
48012
48015
48021
48024
48027
48030
48033
48033
48033
48036
48036
48036
48036
48036
48039
48042
48045
48051
48051
48051
48051
48054
48057
48060
48063
48069
48069
48075
48084
48093
48093
48093
48093
48093
48102
48114
48114
48114
48117
48120
48120
48126
48132
48135
48138
48138
48141
48147
48147
48150
48150
48153
48153
48159
48159
48159
48162
48165
48165
48168
48168
48171
48183
48195
48201
48207
48213
48216
48225
48225
48228
48237
48237
48240
48240
48243
48243
48243
48249
48252
48255
48261
48264
48267
48273
48273
48273
48273
48282
48282
48282
48285
48288
48291
48291
48294
48294
48297
48300
48300
48300
48306
48315
48318
48321
48330
48333
48333
48345
48345
48348
48348
48348
48348
48351
48354
48354
48357
48357
48363
48363
48363
48369
48369
48372
48372
48375
48381
48384
48387
48402
48405
48405
48408
48411
48414
48414
48417
48423
48423
48426
48432
48432
48435
48435
48438
48438
48441
48447
48447
48450
48456
48456
48468
48471
48471
48471
48471
48474
48477
48480
48480
48483
48483
48486
48489
48492
48495
48498
48501
48501
48513
48516
48516
48516
48522
48522
48537
48537
48543
48546
48549
48549
48558
48558
48567
48570
48570
48570
48576
48576
48582
48585
48588
48591
48597
48600
48603
48606
48609
48615
48618
48618
48621
48621
48627
48630
48630
48633
48639
48648
48651
48651
48654
48660
48660
48660
48663
48666
48666
48666
48669
48672
48672
48672
48672
48675
48687
48687
48687
48690
48690
48690
48699
48702
48702
48708
48708
48714
48714
48714
48720
48720
48726
48729
48729
48741
48747
48750
48756
48759
48765
48765
48765
48765
48780
48780
48783
48789
48801
48804
48807
48810
48810
48813
48813
48813
48816
48816
48819
48822
48828
48840
48840
48846
48855
48858
48858
48870
48873
48873
48882
48885
48888
48888
48891
48891
48900
48903
48906
48906
48909
48912
48912
48924
48927
48930
48936
48951
48957
48957
48957
48963
48969
48972
48975
48978
48984
48984
48987
48993
49002
49002
49008
49014
49017
49017
49020
49023
49026
49029
49029
49035
49038
49041
49047
49047
49059
49059
49062
49065
49065
49065
49068
49068
49071
49074
49074
49074
49077
49080
49083
49083
49086
49089
49092
49092
49098
49101
49104
49104
49110
49122
49128
49131
49134
49134
49140
49140
49140
49140
49140
49143
49143
49143
49146
49146
49149
49152
49152
49158
49167
49167
49170
49170
49170
49173
49179
49185
49188
49191
49191
49194
49197
49200
49206
49212
49215
49221
49221
49224
49227
49230
49230
49230
49230
49236
49239
49239
49239
49245
49251
49266
49266
49266
49272
49272
49272
49275
49278
49278
49281
49281
49284
49284
49284
49284
49284
49284
49287
49290
49290
49290
49293
49293
49296
49296
49296
49299
49299
49302
49302
49308
49308
49320
49323
49326
49326
49332
49332
49338
49341
49341
49341
49344
49350
49356
49362
49362
49365
49365
49368
49371
49371
49374
49377
49380
49383
49383
49383
49398
49401
49407
49410
49410
49413
49419
49419
49422
49431
49431
49440
49440
49446
49446
49446
49452
49452
49455
49455
49461
49464
49467
49476
49482
49482
49485
49491
49491
49494
49494
49497
49497
49497
49503
49518
49518
49518
49518
49521
49524
49524
49524
49524
49527
49527
49527
49530
49533
49536
49539
49542
49545
49545
49548
49554
49557
49563
49563
49566
49569
49572
49572
49572
49572
49575
49578
49578
49578
49581
49581
49587
49587
49587
49593
49596
49599
49602
49605
49611
49614
49617
49617
49623
49626
49626
49629
49635
49644
49644
49650
49650
49653
49653
49656
49659
49659
49662
49665
49671
49671
49674
49677
49677
49683
49683
49686
49686
49686
49689
49692
49692
49698
49701
49701
49704
49707
49713
49719
49719
49719
49719
49722
49722
49725
49728
49731
49734
49734
49737
49737
49737
49740
49746
49752
49752
49752
49755
49761
49761
49761
49764
49767
49773
49776
49779
49779
49782
49782
49785
49791
49794
49803
49806
49809
49812
49812
49812
49821
49827
49830
49830
49830
49839
49839
49839
49839
49842
49857
49860
49863
49866
49866
49869
49869
49872
49878
49878
49893
49896
49899
49905
49908
49911
49914
49917
49920
49920
49926
49935
49935
49941
49944
49953
49956
49959
49965
49971
49971
49971
49971
49974
49980
49986
49986
49995
49998
50001
50001
50007
50016
50025
50025
50028
50028
50031
50040
50043
50043
50049
50049
50052
50055
50055
50061
50061
50064
50067
50067
50070
50079
50082
50085
50097
50103
50112
50112
50115
50115
50118
50118
50121
50127
50127
50130
50139
50142
50142
50148
50151
50157
50157
50160
50160
50163
50163
50178
50184
50187
50187
50190
50190
50190
50193
50193
50202
50202
50205
50205
50229
50229
50232
50232
50232
50235
50235
50235
50235
50238
50238
50238
50244
50247
50250
50250
50256
50256
50256
50259
50271
50274
50274
50274
50277
50277
50277
50280
50280
50280
50292
50292
50298
50301
50304
50304
50304
50313
50316
50319
50319
50319
50322
50325
50325
50331
50334
50340
50349
50361
50361
50364
50367
50367
50373
50373
50382
50382
50385
50385
50394
50397
50400
50400
50403
50406
50412
50415
50418
50427
50427
50430
50433
50436
50439
50442
50445
50445
50448
50448
50451
50454
50457
50460
50460
50460
50463
50463
50466
50466
50469
50475
50478
50481
50481
50484
50484
50484
50487
50487
50490
50493
50496
50505
50505
50508
50511
50517
50517
50529
50532
50535
50538
50541
50544
50550
50550
50553
50556
50562
50562
50574
50574
50580
50583
50592
50592
50598
50601
50604
50604
50607
50616
50619
50625
50628
50628
50631
50634
50634
50637
50640
50643
50643
50643
50643
50646
50646
50649
50652
50652
50652
50652
50652
50652
50655
50655
50658
50661
50667
50667
50670
50673
50676
50679
50685
50688
50694
50694
50697
50697
50706
50706
50709
50712
50715
50718
50721
50733
50739
50742
50745
50751
50751
50751
50757
50757
50760
50772
50772
50772
50775
50775
50778
50781
50781
50781
50781
50781
50784
50787
50787
50790
50793
50793
50802
50802
50805
50805
50808
50808
50808
50811
50817
50817
50817
50820
50823
50823
50823
50826
50832
50832
50835
50838
50838
50841
50844
50847
50847
50847
50850
50850
50859
50862
50865
50868
50871
50877
50880
50892
50895
50898
50898
50901
50901
50901
50904
50907
50907
50907
50910
50916
50916
50922
50922
50922
50922
50925
50925
50925
50928
50931
50934
50937
50937
50937
50937
50940
50952
50952
50952
50958
50958
50961
50961
50964
50964
50970
50979
50979
50979
50985
50988
50988
50988
50988
50991
50994
