2000
0
0
0
0
6
9
12
12
24
27
30
30
33
36
36
36
39
42
51
51
54
57
57
63
66
69
69
75
75
81
81
84
87
87
90
90
90
90
90
93
96
102
105
108
108
111
117
120
126
126
126
126
129
135
138
141
147
147
147
147
150
150
171
171
177
177
186
189
198
201
201
201
213
213
213
216
243
243
243
246
249
252
258
261
264
264
267
267
270
270
273
276
282
282
282
291
291
294
294
294
294
297
300
300
312
321
321
321
327
327
333
333
336
342
345
348
351
363
366
369
372
372
372
375
378
381
381
381
381
384
390
393
396
399
399
402
414
417
417
417
420
420
420
423
423
426
426
426
429
441
441
447
456
459
462
462
462
468
471
471
471
474
474
474
477
477
480
483
489
489
492
498
501
507
510
516
516
516
519
528
537
537
540
543
543
549
549
552
558
561
561
567
567
570
573
576
585
591
591
606
606
615
618
627
627
639
645
648
651
657
660
669
672
675
678
678
681
684
684
687
693
693
696
696
702
702
702
705
705
711
714
732
735
744
747
753
759
759
762
765
771
777
777
780
780
780
783
786
789
789
792
798
801
801
807
810
810
810
810
816
816
822
834
837
840
840
840
846
846
849
855
855
858
867
867
867
870
870
876
876
876
876
879
882
885
885
888
891
891
894
900
906
909
912
915
915
924
927
930
936
936
939
942
945
945
948
951
960
969
969
972
972
972
975
978
981
984
987
1002
1005
1005
1005
1005
1008
1008
1011
1011
1014
1014
1017
1017
1017
1017
1020
1020
1023
1023
1026
1026
1029
1038
1038
1038
1038
1041
1044
1044
1047
1047
1050
1050
1050
1053
1059
1059
1059
1059
1062
1065
1065
1068
1068
1074
1074
1080
1086
1089
1092
1092
1092
1095
1098
1098
1101
1104
1104
1110
1113
1119
1128
1128
1131
1131
1134
1137
1137
1137
1143
1146
1146
1158
1161
1170
1176
1179
1179
1185
1188
1194
1197
1197
1200
1209
1212
1221
1224
1230
1230
1233
1236
1236
1239
1245
1251
1254
1263
1263
1263
1266
1266
1266
1266
1272
1275
1281
1281
1284
1284
1284
1284
1284
1287
1287
1293
1293
1296
1299
1299
1305
1311
1311
1311
1314
1317
1317
1320
1320
1329
1329
1329
1332
1335
1341
1344
1350
1368
1374
1380
1380
1383
1389
1392
1395
1395
1395
1398
1404
1413
1425
1434
1440
1443
1443
1446
1449
1452
1458
1461
1461
1470
1470
1473
1473
1476
1476
1476
1479
1485
1488
1488
1491
1491
1494
1494
1497
1497
1500
1500
1500
1509
1512
1512
1512
1515
1515
1518
1518
1518
1518
1518
1524
1533
1536
1539
1545
1548
1554
1554
1557
1566
1566
1569
1569
1572
1572
1575
1581
1584
1584
1584
1587
1590
1596
1596
1599
1602
1602
1605
1605
1611
1611
1614
1614
1614
1614
1614
1617
1620
1620
1626
1626
1629
1632
1635
1641
1641
1644
1644
1650
1653
1653
1656
1656
1659
1659
1662
1665
1671
1671
1671
1677
1680
1686
1689
1689
1698
1698
1698
1701
1701
1707
1707
1707
1707
1707
1710
1710
1710
1713
1713
1713
1719
1719
1719
1722
1728
1731
1737
1740
1743
1746
1749
1752
1755
1755
1758
1758
1761
1761
1767
1770
1770
1770
1779
1779
1785
1788
1788
1788
1797
1800
1803
1806
1806
1809
1809
1812
1818
1818
1818
1821
1824
1830
1833
1839
1839
1842
1848
1848
1854
1857
1860
1860
1860
1860
1863
1863
1866
1869
1872
1878
1878
1878
1881
1884
1887
1887
1890
1893
1902
1902
1905
1908
1908
1917
1917
1917
1920
1923
1923
1929
1932
1941
1941
1947
1947
1950
1953
1953
1956
1956
1959
1971
1971
1974
1977
1980
1983
2001
2007
2013
2019
2019
2022
2025
2031
2040
2043
2043
2046
2049
2049
2055
2058
2064
2070
2070
2079
2079
2085
2088
2091
2094
2097
2097
2097
2100
2103
2112
2112
2115
2124
2127
2127
2130
2130
2133
2139
2139
2145
2145
2151
2160
2163
2166
2166
2169
2169
2172
2175
2178
2178
2184
2184
2187
2196
2196
2199
2202
2205
2208
2214
2223
2226
2229
2229
2241
2244
2244
2253
2253
2256
2262
2262
2262
2262
2268
2271
2271
2280
2283
2283
2286
2286
2289
2289
2289
2295
2298
2307
2307
2319
2322
2325
2325
2328
2328
2331
2331
2340
2343
2346
2349
2352
2352
2358
2361
2364
2367
2367
2370
2370
2379
2382
2382
2382
2382
2385
2391
2391
2391
2394
2397
2400
2403
2403
2406
2406
2412
2415
2418
2424
2424
2433
2436
2439
2439
2442
2442
2445
2448
2454
2457
2457
2457
2460
2463
2466
2469
2475
2478
2478
2484
2487
2487
2499
2499
2499
2502
2508
2511
2517
2520
2520
2526
2532
2538
2538
2550
2550
2553
2559
2559
2559
2562
2562
2565
2568
2571
2571
2574
2577
2580
2580
2586
2586
2589
2595
2595
2604
2604
2607
2607
2613
2613
2616
2616
2619
2619
2634
2634
2640
2646
2646
2658
2661
2661
2664
2670
2676
2676
2682
2691
2694
2694
2697
2697
2700
2703
2706
2706
2706
2706
2712
2712
2718
2721
2724
2730
2733
2736
2742
2745
2748
2754
2757
2757
2757
2763
2772
2772
2772
2775
2775
2775
2775
2778
2778
2781
2784
2790
2790
2790
2793
2796
2799
2799
2799
2808
2811
2814
2817
2826
2832
2835
2838
2844
2847
2847
2847
2850
2853
2853
2856
2856
2856
2862
2862
2862
2865
2868
2871
2871
2871
2874
2877
2880
2889
2892
2895
2898
2901
2901
2904
2907
2907
2907
2910
2916
2916
2919
2919
2928
2928
2928
2928
2931
2931
2931
2934
2934
2940
2940
2946
2949
2952
2955
2958
2958
2961
2961
2961
2967
2970
2973
2979
2982
2985
2988
2988
2988
2988
2991
2991
3000
3006
3006
3009
3015
3018
3027
3030
3030
3033
3033
3033
3042
3042
3045
3045
3048
3051
3051
3051
3054
3054
3063
3063
3063
3063
3072
3078
3096
3099
3102
3105
3108
3108
3111
3117
3123
3129
3129
3132
3150
3153
3153
3156
3156
3159
3159
3162
3165
3171
3171
3171
3174
3177
3180
3186
3186
3186
3189
3189
3207
3207
3207
3216
3219
3222
3222
3225
3237
3240
3243
3243
3246
3249
3252
3252
3252
3258
3258
3261
3261
3261
3264
3264
3267
3270
3270
3270
3273
3279
3285
3285
3291
3291
3300
3300
3300
3315
3321
3321
3327
3342
3345
3345
3351
3351
3360
3366
3369
3369
3372
3375
3378
3381
3381
3384
3384
3384
3393
3393
3393
3399
3402
3402
3402
3402
3405
3405
3408
3411
3417
3417
3420
3423
3426
3432
3441
3447
3450
3453
3456
3459
3462
3462
3462
3465
3465
3468
3471
3477
3477
3486
3492
3495
3495
3495
3504
3504
3507
3510
3510
3513
3513
3513
3513
3513
3516
3516
3519
3519
3522
3522
3531
3534
3537
3537
3543
3543
3549
3555
3558
3564
3567
3570
3570
3570
3579
3585
3588
3588
3591
3594
3594
3594
3594
3597
3597
3606
3612
3612
3615
3615
3615
3615
3621
3621
3630
3633
3633
3633
3639
3642
3648
3651
3651
3654
3654
3660
3660
3663
3666
3669
3672
3675
3678
3681
3684
3693
3696
3699
3708
3708
3708
3711
3714
3714
3726
3732
3735
3750
3762
3765
3765
3774
3786
3795
3798
3807
3807
3807
3819
3825
3828
3834
3837
3840
3840
3843
3843
3843
3843
3849
3852
3858
3861
3861
3867
3873
3873
3876
3876
3876
3879
3882
3885
3888
3894
3897
3897
3897
3900
3903
3903
3909
3909
3912
3912
3915
3918
3924
3924
3927
3933
3936
3939
3939
3942
3942
3951
3960
3960
3960
3960
3963
3963
3972
3975
3975
3975
3978
3990
3990
3996
3999
3999
4002
4002
4002
4005
4008
4014
4017
4017
4017
4020
4020
4020
4026
4029
4029
4029
4032
4044
4047
4047
4050
4053
4056
4062
4062
4065
4065
4074
4074
4080
4080
4083
4083
4083
4089
4092
4095
4101
4101
4104
4104
4104
4104
4107
4110
4113
4116
4119
4122
4125
4125
4128
4131
4134
4134
4137
4137
4146
4146
4146
4149
4149
4155
4158
4158
4158
4164
4170
4173
4173
4179
4179
4182
4185
4188
4191
4194
4200
4203
4209
4209
4212
4212
4212
4221
4227
4227
4236
4236
4239
4242
4245
4248
4248
4251
4251
4251
4254
4254
4254
4263
4263
4263
4263
4266
4266
4275
4278
4278
4278
4284
4296
4299
4299
4302
4302
4305
4308
4311
4314
4317
4323
4332
4332
4335
4338
4338
4353
4353
4356
4371
4371
4371
4374
4374
4377
4383
4386
4392
4392
4395
4398
4401
4404
4407
4410
4410
4416
4416
4416
4422
4422
4425
4428
4437
4440
4446
4449
4449
4452
4452
4455
4455
4455
4458
4458
4461
4461
4464
4467
4470
4470
4473
4476
4476
4479
4482
4482
4482
4491
4497
4497
4497
4497
4500
4509
4509
4515
4518
4521
4533
4533
4536
4545
4545
4548
4548
4551
4554
4557
4560
4560
4563
4566
4566
4569
4575
4575
4578
4584
4584
4584
4584
4587
4587
4587
4590
4590
4605
4608
4611
4617
4620
4620
4620
4623
4623
4626
4626
4629
4635
4638
4650
4653
4653
4665
4668
4677
4677
4680
4680
4680
4683
4686
4686
4689
4689
4695
4698
4701
4701
4701
4704
4704
4707
4707
4707
4722
4734
4737
4743
4746
4749
4752
4761
4761
4767
4767
4770
4770
4773
4779
4788
4794
4809
4815
4815
4815
4824
4827
4830
4830
4839
4839
4842
4842
4854
4854
4863
4866
4872
4872
4875
4875
4878
4887
4887
4890
4893
4893
4893
4899
4899
4899
4902
4902
4911
4911
4914
4914
4914
4917
4920
4923
4923
4929
4929
4932
4935
4941
4944
4947
4959
4962
4977
4980
4980
4983
4983
4983
4986
4989
4992
4995
4998
5001
5001
5004
5007
5007
5016
5016
5022
5028
5028
5031
5031
5037
5043
5046
5046
5049
5049
5052
5055
5055
5055
5058
5067
5070
5070
5073
5076
5082
5082
5091
5109
5115
5115
5121
5124
5124
5124
5124
5124
5130
5130
5130
5136
5139
5142
5148
5148
5154
5157
5160
5160
5163
5163
5166
5169
5175
5178
5187
5187
5187
5187
5190
5196
5196
5205
5205
5205
5208
5217
5220
5220
5226
5226
5229
5229
5229
5229
5232
5235
5238
5238
5241
5244
5250
5256
5259
5262
5265
5268
5277
5277
5277
5283
5289
5289
5289
5292
5292
5292
5304
5304
5304
5310
5310
5313
5316
5319
5325
5328
5328
5328
5328
5340
5346
5349
5352
5352
5358
5358
5361
5364
5364
5370
5373
5379
5379
5379
5382
5385
5388
5388
5391
5391
5391
5400
5403
5406
5412
5415
5415
5415
5418
5421
5421
5421
5430
5430
5433
5433
5436
5439
5442
5445
5454
5454
5457
5460
5463
5469
5475
5478
5481
5484
5487
5487
5490
5496
5496
5496
5499
5508
5517
5523
5526
5532
5541
5541
5544
5547
5550
5550
5553
5556
5559
5568
5568
5568
5571
5571
5574
5577
5580
5583
5583
5586
5586
5595
5601
5604
5610
5619
5619
5619
5625
5625
5628
5631
5631
5634
5637
5637
5643
5643
5649
5649
5649
5652
5652
5658
5658
5664
5664
5670
5676
5676
5676
5682
5685
5685
5694
5694
5697
5697
5697
5700
5703
5706
5712
5712
5715
5724
5733
5736
5742
5745
5748
5751
5751
5757
5760
5763
5763
5769
5778
5784
5787
5787
5790
5793
5793
5796
5796
5799
5799
5802
5808
5808
5811
5817
5817
5820
5823
5826
5826
5829
5841
5844
5847
5850
5850
5853
5859
5862
5865
5865
5865
5868
5868
5868
5874
5874
5877
5880
5883
5886
5904
5907
5910
5910
5913
5916
5919
5925
5943
5943
5943
5943
5946
5946
5949
5952
5952
5958
5964
5964
5967
5970
5970
5970
5979
5982
5982
5988
5988
5997
