3000
0
0
6
6
9
12
15
18
24
27
30
33
36
42
45
45
48
51
51
54
54
63
63
69
69
78
81
87
87
90
90
99
102
102
105
108
108
111
114
117
120
123
126
126
126
126
126
129
129
129
144
147
150
153
153
153
156
162
165
171
171
171
171
174
180
189
198
201
201
201
207
210
213
213
213
213
216
216
225
234
234
243
246
246
249
252
258
264
267
270
273
273
276
279
279
288
288
294
300
300
312
318
321
321
327
327
333
342
342
345
345
351
360
363
366
375
378
381
381
393
393
396
399
402
402
405
405
417
417
420
420
423
423
426
426
426
426
426
432
441
444
450
453
456
462
462
462
465
465
471
471
471
474
474
474
477
477
480
483
483
486
489
489
495
510
510
510
513
513
516
516
516
519
531
531
537
540
540
549
555
558
558
558
561
564
567
567
570
579
579
582
585
585
588
588
597
597
600
606
606
606
609
615
615
618
627
630
636
639
645
648
651
660
669
675
675
678
678
678
681
681
684
684
687
693
693
693
699
702
702
702
708
708
714
714
717
726
738
744
747
750
750
750
750
750
759
759
768
768
771
771
771
777
780
780
792
795
807
807
810
813
813
816
819
825
828
831
837
840
843
846
846
849
858
861
870
870
876
876
882
882
885
891
897
900
900
903
906
906
906
909
912
915
918
918
924
927
930
933
939
942
948
954
957
957
960
960
963
969
972
975
978
978
981
984
987
987
990
996
999
1002
1002
1011
1011
1014
1017
1017
1020
1020
1020
1023
1026
1026
1041
1050
1050
1056
1059
1059
1062
1065
1074
1074
1080
1080
1086
1089
1092
1092
1101
1104
1104
1104
1104
1107
1110
1110
1113
1116
1125
1125
1131
1131
1137
1143
1158
1161
1161
1173
1173
1176
1179
1194
1197
1209
1212
1221
1224
1227
1230
1236
1236
1236
1239
1242
1245
1248
1251
1251
1251
1254
1263
1263
1266
1272
1272
1278
1278
1284
1284
1284
1284
1287
1293
1296
1302
1302
1305
1308
1308
1311
1311
1311
1317
1329
1335
1335
1338
1341
1341
1341
1344
1344
1353
1356
1371
1374
1374
1374
1383
1389
1392
1392
1395
1395
1398
1401
1410
1413
1416
1422
1440
1443
1446
1449
1449
1458
1458
1458
1458
1461
1467
1470
1473
1476
1476
1482
1491
1491
1494
1497
1500
1500
1500
1503
1506
1509
1509
1512
1515
1518
1518
1518
1518
1518
1521
1524
1527
1533
1533
1536
1542
1548
1551
1557
1563
1566
1566
1566
1569
1572
1575
1578
1578
1584
1584
1584
1584
1584
1587
1590
1590
1590
1596
1602
1605
1605
1608
1608
1617
1620
1620
1623
1623
1626
1626
1626
1632
1632
1635
1638
1641
1650
1650
1653
1656
1659
1662
1662
1662
1668
1668
1686
1689
1689
1689
1692
1695
1701
1701
1704
1707
1707
1707
1710
1719
1722
1728
1740
1746
1746
1746
1752
1752
1755
1761
1767
1767
1767
1767
1767
1770
1770
1770
1773
1779
1785
1788
1794
1800
1803
1809
1809
1815
1818
1821
1824
1830
1833
1839
1842
1851
1851
1857
1860
1860
1863
1863
1866
1875
1875
1878
1878
1887
1890
1890
1893
1893
1899
1899
1902
1905
1908
1917
1917
1920
1923
1923
1923
1935
1941
1941
1941
1944
1947
1953
1956
1971
1971
1971
1971
1974
1983
1983
1986
1986
1992
1998
2007
2007
2013
2019
2028
2028
2031
2031
2040
2043
2049
2049
2049
2055
2055
2058
2064
2064
2067
2070
2070
2076
2082
2085
2085
2088
2091
2094
2097
2103
2109
2112
2115
2124
2127
2130
2130
2133
2133
2133
2139
2154
2154
2160
2160
2160
2163
2166
2166
2169
2172
2175
2178
2178
2178
2184
2184
2187
2187
2187
2187
2196
2196
2199
2202
2205
2205
2205
2208
2211
2214
2217
2220
2223
2226
2226
2229
2229
2229
2232
2241
2244
2244
2265
2268
2274
2283
2283
2283
2283
2286
2289
2289
2289
2289
2292
2292
2292
2295
2307
2307
2310
2316
2319
2322
2325
2328
2328
2328
2331
2331
2331
2340
2340
2343
2343
2346
2346
2349
2349
2352
2352
2358
2361
2361
2364
2367
2370
2370
2379
2379
2382
2382
2382
2382
2385
2391
2394
2400
2406
2406
2412
2412
2418
2418
2427
2430
2433
2439
2439
2442
2445
2445
2451
2454
2454
2457
2460
2463
2469
2475
2478
2478
2478
2481
2484
2496
2496
2499
2499
2502
2502
2505
2505
2505
2517
2523
2523
2532
2532
2538
2541
2541
2544
2544
2544
2550
2553
2556
2559
2562
2568
2571
2580
2580
2583
2589
2595
2595
2607
2619
2619
2631
2634
2640
2640
2649
2652
2658
2658
2658
2661
2664
2676
2676
2679
2682
2685
2691
2694
2697
2697
2703
2706
2706
2712
2712
2712
2715
2718
2718
2736
2736
2742
2742
2748
2751
2763
2769
2772
2772
2775
2778
2778
2781
2784
2787
2787
2793
2793
2793
2796
2799
2802
2808
2811
2814
2826
2835
2838
2844
2847
2847
2847
2850
2856
2856
2862
2865
2865
2868
2868
2871
2877
2880
2883
2892
2895
2898
2901
2904
2904
2910
2913
2916
2916
2916
2919
2931
2937
2940
2943
2946
2949
2952
2958
2958
2958
2961
2961
2964
2964
2967
2967
2970
2970
2979
2985
2988
2994
3000
3021
3021
3024
3027
3030
3030
3033
3033
3036
3036
3036
3039
3042
3042
3042
3051
3051
3054
3057
3057
3063
3063
3063
3069
3072
3075
3081
3081
3084
3087
3090
3099
3102
3105
3111
3111
3111
3126
3126
3126
3138
3141
3141
3147
3150
3159
3165
3165
3165
3168
3171
3186
3186
3189
3192
3198
3207
3207
3213
3222
3222
3222
3234
3240
3240
3243
3243
3243
3246
3249
3258
3261
3261
3261
3264
3267
3270
3270
3270
3270
3282
3285
3288
3291
3291
3291
3294
3300
3300
3306
3315
3321
3321
3324
3327
3327
3330
3333
3336
3339
3342
3351
3351
3351
3354
3366
3366
3369
3369
3369
3369
3372
3372
3372
3375
3375
3375
3378
3378
3381
3381
3381
3381
3384
3384
3384
3384
3393
3402
3402
3405
3405
3408
3408
3411
3414
3414
3417
3423
3429
3438
3447
3447
3447
3447
3453
3453
3456
3459
3462
3465
3471
3471
3471
3474
3477
3477
3480
3480
3483
3495
3501
3501
3507
3507
3507
3513
3513
3516
3516
3519
3519
3522
3522
3525
3528
3528
3534
3543
3543
3543
3552
3552
3558
3558
3561
3567
3570
3570
3573
3579
3591
3591
3594
3594
3600
3609
3612
3612
3615
3618
3621
3624
3627
3633
3633
3639
3639
3645
3648
3651
3654
3660
3660
3669
3678
3684
3687
3687
3690
3696
3702
3705
3711
3714
3732
3735
3741
3753
3753
3756
3759
3762
3765
3765
3765
3771
3774
3777
3780
3786
3789
3789
3792
3795
3798
3801
3801
3801
3807
3810
3810
3816
3822
3825
3831
3837
3840
3840
3843
3843
3849
3858
3858
3858
3861
3861
3867
3867
3867
3870
3873
3873
3873
3876
3876
3876
3879
3882
3882
3882
3885
3888
3891
3891
3894
3894
3900
3909
3909
3909
3912
3912
3915
3915
3918
3924
3924
3927
3939
3939
3939
3942
3942
3945
3948
3951
3951
3957
3960
3960
3963
3972
3972
3975
3975
3975
3978
3978
3981
3984
3984
3987
3990
3999
4002
4005
4005
4008
4011
4011
4014
4017
4017
4017
4020
4026
4026
4029
4029
4038
4038
4038
4044
4044
4047
4047
4047
4047
4050
4053
4059
4062
4065
4065
4068
4074
4074
4080
4083
4083
4083
4089
4089
4092
4095
4098
4101
4104
4104
4104
4104
4104
4107
4107
4119
4128
4134
4134
4137
4137
4140
4143
4146
4146
4146
4146
4158
4164
4170
4176
4179
4179
4182
4185
4197
4197
4200
4209
4224
4224
4227
4230
4233
4236
4236
4239
4245
4251
4251
4251
4251
4263
4266
4269
4275
4275
4281
4284
4284
4284
4287
4290
4293
4293
4296
4299
4299
4299
4305
4305
4311
4314
4314
4317
4317
4320
4320
4320
4323
4323
4326
4329
4329
4332
4332
4332
4338
4338
4344
4353
4353
4368
4371
4374
4377
4386
4386
4386
4389
4392
4398
4404
4407
4410
4416
4425
4437
4440
4446
4449
4449
4449
4452
4452
4452
4452
4455
4455
4461
4461
4464
4470
4470
4470
4473
4473
4476
4476
4476
4476
4476
4479
4479
4482
4485
4488
4491
4494
4497
4497
4497
4497
4500
4500
4509
4509
4509
4512
4515
4515
4518
4518
4524
4524
4530
4533
4539
4539
4548
4548
4554
4554
4554
4557
4560
4560
4566
4569
4572
4581
4584
4584
4590
4596
4596
4602
4605
4611
4614
4614
4617
4617
4617
4620
4626
4626
4626
4635
4635
4641
4647
4650
4653
4653
4653
4656
4662
4662
4665
4665
4671
4674
4677
4677
4677
4680
4680
4686
4689
4692
4695
4701
4701
4701
4704
4704
4707
4710
4710
4713
4713
4713
4713
4719
4719
4719
4722
4725
4734
4743
4746
4749
4752
4755
4758
4761
4761
4770
4782
4785
4788
4788
4803
4806
4815
4827
4830
4839
4839
4842
4842
4848
4854
4857
4857
4863
4866
4869
4875
4878
4878
4878
4881
4884
4887
4890
4893
4896
4896
4899
4902
4902
4902
4908
4908
4911
4914
4914
4914
4914
4914
4917
4920
4920
4923
4923
4929
4929
4929
4932
4932
4941
4947
4947
4956
4968
4974
4974
4974
4974
4977
4977
4980
4980
4980
4980
4983
4992
5001
5004
5004
5007
5007
5016
5019
5022
5028
5028
5031
5040
5043
5043
5046
5049
5055
5058
5061
5070
5076
5079
5097
5097
5106
5106
5109
5112
5121
5124
5124
5127
5127
5130
5130
5130
5130
5133
5136
5139
5145
5145
5148
5148
5154
5157
5169
5169
5172
5184
5187
5187
5205
5205
5208
5208
5208
5217
5229
5229
5229
5232
5232
5232
5238
5238
5244
5244
5256
5259
5262
5262
5262
5262
5262
5268
5274
5277
5277
5280
5289
5298
5298
5301
5304
5304
5307
5310
5319
5325
5325
5328
5328
5328
5331
5331
5346
5352
5352
5352
5358
5358
5358
5364
5367
5367
5370
5379
5379
5382
5385
5385
5388
5388
5388
5391
5391
5391
5397
5400
5403
5403
5409
5412
5412
5415
5415
5415
5418
5421
5421
5430
5433
5436
5439
5442
5442
5448
5454
5454
5457
5460
5460
5463
5472
5478
5481
5484
5487
5487
5496
5499
5499
5502
5508
5511
5520
5520
5526
5526
5526
5538
5547
5550
5550
5550
5553
5559
5559
5562
5565
5568
5568
5568
5568
5571
5571
5571
5574
5574
5577
5577
5583
5586
5586
5586
5595
5601
5604
5604
5604
5613
5616
5619
5619
5622
5625
5625
5625
5628
5631
5631
5634
5634
5634
5634
5637
5637
5640
5643
5643
5646
5649
5655
5658
5664
5664
5670
5670
5676
5679
5694
5694
5694
5697
5700
5706
5706
5706
5706
5706
5712
5718
5718
5721
5724
5730
5733
5736
5739
5745
5745
5751
5757
5760
5763
5763
5781
5781
5787
5790
5790
5793
5796
5796
5799
5802
5802
5802
5802
5808
5808
5808
5817
5820
5823
5829
5832
5835
5838
5847
5847
5850
5850
5850
5853
5853
5856
5862
5865
5865
5868
5868
5871
5874
5874
5877
5877
5877
5880
5880
5886
5898
5901
5901
5907
5907
5916
5919
5922
5925
5928
5928
5931
5934
5934
5934
5940
5943
5946
5946
5949
5955
5958
5958
5958
5964
5967
5970
5970
5979
5982
5985
5988
5988
5988
5988
5988
5991
5991
5997
5997
6000
6000
6000
6006
6006
6006
6009
6009
6012
6012
6015
6018
6024
6030
6030
6033
6039
6042
6051
6051
6054
6066
6069
6075
6078
6081
6087
6090
6090
6090
6093
6093
6096
6096
6096
6105
6108
6108
6108
6111
6117
6126
6129
6129
6129
6132
6135
6138
6138
6147
6147
6150
6150
6156
6156
6156
6159
6159
6159
6162
6171
6171
6174
6177
6177
6177
6177
6183
6186
6186
6186
6189
6201
6207
6207
6207
6213
6216
6219
6237
6243
6246
6252
6252
6252
6258
6258
6261
6264
6264
6264
6267
6267
6270
6282
6282
6285
6285
6288
6291
6291
6294
6294
6297
6300
6303
6312
6315
6321
6321
6321
6321
6321
6327
6327
6330
6333
6333
6342
6345
6348
6351
6360
6369
6372
6372
6372
6372
6381
6387
6387
6390
6393
6393
6399
6399
6402
6408
6411
6417
6417
6417
6420
6420
6420
6423
6426
6432
6441
6441
6441
6444
6450
6459
6462
6462
6462
6465
6468
6468
6471
6477
6477
6480
6483
6489
6492
6492
6492
6495
6498
6504
6504
6513
6513
6519
6522
6522
6537
6537
6537
6537
6543
6543
6546
6549
6549
6549
6558
6561
6561
6561
6561
6570
6576
6576
6585
6591
6594
6594
6597
6606
6609
6615
6615
6621
6621
6627
6630
6630
6630
6633
6633
6633
6642
6645
6648
6648
6651
6654
6654
6657
6663
6663
6666
6672
6672
6675
6675
6681
6684
6687
6693
6696
6696
6696
6705
6705
6705
6708
6711
6711
6714
6723
6726
6726
6726
6732
6735
6741
6747
6750
6753
6759
6762
6762
6762
6765
6774
6777
6777
6780
6780
6780
6780
6783
6786
6789
6792
6792
6798
6807
6807
6810
6813
6816
6825
6831
6834
6834
6837
6840
6840
6843
6843
6849
6852
6852
6855
6855
6861
6864
6867
6867
6870
6870
6876
6876
6876
6879
6885
6885
6888
6891
6897
6897
6897
6900
6900
6903
6906
6909
6912
6915
6924
6930
6933
6936
6936
6936
6939
6942
6945
6945
6945
6960
6960
6969
6972
6972
6972
6975
6981
6984
6993
7002
7002
7005
7005
7005
7005
7005
7008
7008
7011
7014
7017
7017
7017
7017
7020
7023
7026
7029
7029
7032
7032
7035
7038
7038
7041
7044
7044
7050
7050
7053
7053
7056
7059
7059
7062
7065
7065
7068
7068
7074
7074
7080
7083
7086
7089
7092
7092
7095
7098
7098
7098
7101
7101
7101
7110
7113
7116
7119
7122
7128
7128
7128
7128
7131
7134
7137
7137
7137
7146
7146
7149
7149
7152
7155
7158
7158
7158
7158
7161
7164
7164
7170
7179
7182
7182
7185
7188
7188
7191
7194
7197
7200
7200
7203
7203
7203
7209
7209
7212
7212
7212
7212
7221
7221
7230
7230
7236
7239
7242
7242
7248
7248
7254
7254
7254
7263
7263
7263
7263
7263
7266
7266
7266
7266
7278
7281
7284
7284
7284
7284
7284
7290
7296
7296
7299
7299
7299
7305
7305
7317
7320
7320
7320
7329
7332
7335
7338
7341
7344
7344
7350
7350
7353
7362
7368
7371
7371
7374
7374
7380
7380
7383
7383
7389
7395
7395
7398
7398
7401
7404
7407
7410
7416
7416
7422
7425
7428
7428
7431
7434
7443
7443
7449
7455
7455
7455
7455
7461
7464
7464
7467
7470
7473
7476
7479
7482
7485
7485
7488
7488
7497
7497
7500
7506
7512
7512
7515
7518
7521
7536
7539
7539
7545
7545
7545
7566
7566
7569
7569
7572
7575
7575
7575
7578
7584
7584
7587
7587
7587
7599
7602
7611
7611
7614
7614
7614
7620
7620
7620
7623
7629
7629
7638
7644
7644
7647
7647
7653
7656
7659
7659
7662
7665
7665
7665
7668
7671
7671
7671
7680
7680
7680
7680
7683
7686
7689
7689
7692
7698
7698
7698
7698
7701
7707
7707
7707
7707
7710
7713
7716
7719
7731
7737
7737
7737
7743
7749
7755
7758
7758
7761
7761
7764
7767
7767
7770
7779
7779
7785
7788
7788
7794
7797
7803
7806
7809
7812
7815
7818
7818
7818
7824
7827
7830
7839
7839
7848
7851
7854
7854
7854
7857
7860
7860
7863
7869
7869
7872
7872
7872
7878
7878
7878
7884
7884
7884
7887
7887
7890
7890
7893
7893
7893
7893
7899
7902
7905
7911
7911
7914
7917
7917
7923
7926
7929
7932
7932
7932
7935
7944
7947
7950
7953
7953
7953
7959
7959
7962
7968
7977
7980
7983
7983
7983
7983
7989
7995
8001
8001
8007
8016
8022
8022
8025
8028
8037
8040
8040
8043
8046
8046
8046
8046
8049
8049
8052
8052
8055
8064
8070
8070
8073
8079
8079
8079
8082
8088
8091
8091
8094
8094
8097
8100
8100
8103
8112
8112
8115
8115
8121
8124
8124
8124
8127
8127
8127
8130
8136
8139
8142
8148
8151
8151
8157
8157
8160
8163
8163
8166
8169
8175
8178
8178
8187
8190
8190
8196
8196
8199
8199
8214
8214
8220
8226
8232
8235
8238
8241
8250
8253
8253
8253
8256
8256
8262
8262
8268
8271
8271
8277
8277
8277
8280
8286
8289
8289
8289
8292
8292
8295
8298
8298
8304
8304
8310
8310
8313
8313
8316
8316
8325
8325
8328
8331
8337
8340
8340
8340
8352
8352
8352
8358
8364
8370
8370
8370
8373
8382
8382
8385
8388
8391
8391
8397
8397
8403
8403
8406
8406
8415
8415
8421
8421
8424
8424
8427
8433
8433
8436
8439
8448
8454
8457
8457
8463
8466
8469
8472
8475
8475
8475
8475
8487
8487
8490
8499
8499
8508
8514
8517
8517
8520
8526
8538
8541
8544
8550
8550
8550
8553
8556
8559
8559
8559
8562
8571
8574
8574
8577
8577
8580
8580
8583
8583
8583
8586
8589
8595
8604
8604
8607
8610
8610
8613
8613
8616
8616
8619
8619
8625
8628
8634
8637
8646
8646
8646
8649
8652
8661
8667
8676
8676
8676
8679
8679
8679
8682
8682
8682
8685
8688
8694
8694
8697
8697
8700
8700
8703
8703
8706
8706
8712
8712
8712
8724
8733
8733
8742
8748
8754
8757
8757
8757
8772
8772
8772
8772
8775
8775
8775
8775
8778
8778
8784
8790
8790
8799
8799
8799
8811
8811
8817
8817
8817
8826
8826
8826
8832
8832
8835
8838
8838
8838
8838
8838
8841
8841
8844
8847
8847
8850
8853
8853
8859
8862
8862
8862
8865
8868
8868
8871
8874
8874
8874
8874
8877
8880
8886
8886
8889
8889
8892
8901
8901
8907
8907
8910
8910
8910
8910
8919
8922
8928
8928
8928
8931
8931
8943
8943
8949
8952
8952
8952
8961
8961
8970
8970
8973
8976
8982
8982
8982
8988
8997
