4000
0
0
6
9
15
24
24
24
24
30
30
33
36
36
42
54
57
57
63
66
69
75
81
84
87
87
87
90
90
90
93
96
102
102
105
108
108
111
114
114
117
120
126
126
126
126
129
135
138
147
147
147
150
150
165
168
174
177
183
189
195
198
198
201
210
213
213
216
216
222
222
225
231
243
246
246
249
249
249
252
258
264
264
264
270
270
273
282
282
288
288
294
297
300
300
303
312
315
321
324
327
327
330
330
333
333
336
339
342
351
351
354
363
366
366
369
372
375
375
381
381
381
387
387
390
393
393
393
396
399
411
417
417
420
426
426
426
429
441
444
447
447
450
453
453
456
459
462
468
471
471
474
477
477
480
480
483
483
501
507
510
513
516
516
516
516
519
519
522
525
528
528
540
540
543
549
549
549
558
558
561
561
570
570
573
579
600
600
606
609
615
627
627
630
639
642
645
645
645
648
648
651
660
663
669
675
678
678
678
684
684
687
687
690
693
693
696
702
702
705
705
711
711
714
717
720
726
732
741
747
750
750
750
753
753
759
762
765
771
774
777
777
780
780
780
780
783
789
789
789
789
792
792
798
801
807
807
813
822
831
834
837
840
840
840
846
846
852
855
858
858
864
867
867
867
870
873
876
876
876
876
885
888
888
891
891
894
894
894
897
900
906
906
909
909
915
924
927
930
930
939
939
939
957
966
966
969
969
969
972
972
972
978
981
981
993
1002
1005
1005
1005
1005
1005
1008
1017
1017
1017
1020
1023
1026
1026
1038
1038
1038
1038
1041
1041
1041
1044
1047
1047
1047
1050
1050
1050
1050
1059
1059
1059
1059
1065
1068
1074
1074
1080
1083
1089
1092
1092
1092
1095
1098
1098
1101
1104
1107
1110
1110
1110
1113
1119
1128
1128
1128
1131
1134
1137
1137
1137
1140
1143
1158
1158
1161
1161
1164
1176
1179
1179
1182
1188
1188
1188
1194
1197
1197
1197
1197
1203
1203
1209
1212
1233
1233
1236
1236
1242
1245
1248
1251
1254
1260
1263
1263
1263
1266
1272
1275
1281
1284
1284
1284
1284
1284
1284
1287
1287
1290
1293
1296
1299
1299
1305
1305
1305
1305
1311
1311
1311
1314
1317
1320
1323
1329
1332
1341
1341
1344
1344
1350
1362
1362
1368
1371
1374
1380
1392
1395
1395
1398
1398
1410
1413
1413
1416
1416
1419
1419
1422
1425
1431
1440
1443
1446
1449
1449
1452
1455
1455
1458
1461
1464
1464
1464
1473
1476
1476
1476
1479
1479
1482
1488
1491
1491
1494
1494
1494
1497
1497
1497
1500
1503
1509
1512
1515
1515
1518
1518
1518
1524
1527
1530
1536
1536
1539
1545
1548
1554
1557
1560
1566
1566
1566
1569
1572
1572
1572
1575
1575
1584
1584
1584
1587
1596
1596
1602
1602
1614
1614
1614
1614
1614
1614
1617
1620
1620
1626
1626
1629
1635
1635
1641
1644
1647
1650
1653
1656
1659
1662
1662
1665
1668
1671
1671
1677
1680
1683
1689
1692
1698
1698
1701
1707
1707
1707
1707
1710
1710
1719
1722
1728
1731
1743
1746
1746
1746
1752
1755
1755
1755
1758
1761
1767
1770
1773
1776
1785
1788
1788
1797
1803
1806
1809
1818
1818
1824
1827
1830
1839
1842
1848
1848
1851
1851
1854
1857
1860
1860
1863
1866
1869
1869
1872
1872
1878
1878
1878
1878
1884
1887
1890
1893
1893
1893
1896
1902
1902
1902
1905
1908
1911
1923
1929
1932
1947
1950
1953
1956
1959
1968
1968
1971
1974
1974
1977
1983
1983
1989
1992
1992
1995
2001
2007
2007
2016
2016
2025
2028
2037
2037
2040
2040
2040
2043
2043
2043
2046
2049
2055
2064
2064
2070
2079
2085
2088
2088
2088
2091
2097
2100
2106
2109
2121
2121
2127
2127
2127
2127
2127
2130
2130
2133
2133
2136
2136
2139
2145
2145
2154
2154
2154
2160
2163
2166
2169
2172
2178
2178
2184
2184
2187
2202
2205
2205
2211
2211
2223
2229
2229
2232
2238
2244
2253
2256
2259
2262
2262
2262
2262
2268
2271
2271
2274
2274
2280
2283
2289
2289
2289
2292
2298
2304
2307
2310
2322
2325
2328
2331
2331
2331
2331
2331
2340
2340
2346
2352
2352
2352
2352
2352
2352
2352
2355
2358
2361
2364
2367
2367
2367
2370
2370
2382
2382
2382
2382
2385
2385
2391
2394
2397
2403
2403
2406
2409
2412
2412
2415
2436
2439
2445
2454
2457
2457
2460
2463
2463
2466
2472
2475
2475
2475
2475
2478
2478
2484
2487
2490
2499
2505
2505
2505
2508
2508
2508
2511
2511
2514
2520
2520
2535
2538
2541
2544
2550
2550
2550
2550
2553
2553
2556
2559
2559
2562
2562
2565
2568
2568
2571
2571
2574
2580
2580
2583
2583
2589
2592
2595
2595
2598
2601
2604
2607
2610
2613
2613
2613
2616
2616
2619
2619
2622
2625
2628
2634
2634
2634
2634
2643
2646
2658
2670
2676
2679
2679
2688
2691
2691
2691
2694
2694
2697
2697
2703
2703
2706
2706
2706
2706
2706
2712
2715
2718
2718
2724
2724
2724
2724
2730
2733
2742
2745
2748
2754
2757
2757
2757
2763
2763
2772
2772
2775
2775
2775
2778
2778
2784
2787
2790
2790
2790
2793
2799
2799
2808
2814
2814
2826
2829
2832
2832
2835
2838
2838
2841
2847
2847
2853
2856
2862
2868
2868
2874
2874
2877
2877
2877
2880
2889
2895
2898
2901
2901
2910
2910
2916
2916
2919
2919
2922
2925
2925
2928
2928
2931
2931
2934
2934
2940
2940
2943
2943
2946
2949
2952
2958
2961
2961
2961
2961
2970
2979
2985
2988
2988
2991
2991
2997
3000
3003
3006
3006
3006
3006
3012
3012
3021
3024
3027
3030
3030
3042
3045
3048
3048
3051
3054
3054
3054
3063
3069
3069
3078
3078
3081
3081
3096
3096
3096
3102
3117
3123
3126
3129
3129
3138
3138
3144
3153
3156
3156
3159
3159
3162
3162
3165
3165
3168
3171
3177
3177
3186
3186
3186
3186
3189
3189
3189
3192
3207
3207
3207
3207
3207
3219
3219
3222
3225
3234
3234
3237
3240
3240
3243
3243
3246
3246
3249
3252
3252
3258
3258
3258
3261
3264
3267
3270
3270
3273
3273
3279
3282
3285
3285
3288
3291
3300
3303
3306
3321
3321
3321
3324
3324
3327
3333
3342
3342
3342
3345
3351
3351
3354
3360
3360
3366
3369
3369
3369
3375
3378
3378
3384
3384
3390
3405
3405
3405
3411
3414
3414
3417
3420
3423
3423
3429
3432
3432
3438
3438
3441
3441
3447
3447
3450
3450
3453
3456
3459
3462
3462
3462
3465
3471
3471
3477
3477
3477
3480
3483
3489
3489
3492
3495
3495
3495
3504
3504
3507
3510
3513
3513
3513
3513
3516
3519
3519
3522
3531
3537
3537
3537
3549
3552
3555
3558
3561
3564
3564
3570
3573
3576
3579
3579
3585
3588
3588
3588
3591
3594
3597
3603
3606
3612
3615
3621
3627
3630
3630
3633
3633
3633
3639
3645
3648
3648
3651
3654
3654
3657
3660
3660
3660
3666
3666
3669
3672
3672
3687
3705
3708
3708
3711
3714
3714
3726
3732
3732
3735
3738
3741
3750
3750
3765
3768
3771
3771
3771
3771
3774
3774
3777
3777
3777
3780
3795
3801
3807
3807
3810
3810
3813
3816
3819
3825
3828
3831
3834
3840
3843
3843
3843
3843
3849
3861
3864
3867
3867
3870
3870
3870
3873
3876
3876
3876
3882
3882
3888
3897
3897
3900
3903
3906
3906
3906
3909
3912
3912
3912
3918
3924
3924
3936
3939
3942
3942
3942
3945
3951
3957
3957
3960
3960
3960
3963
3969
3972
3975
3975
3975
3978
3981
3987
3999
3999
4005
4011
4017
4017
4017
4020
4020
4023
4029
4032
4041
4044
4047
4053
4056
4062
4080
4080
4080
4083
4083
4086
4089
4089
4092
4095
4095
4098
4098
4101
4104
4104
4107
4110
4110
4113
4119
4122
4125
4125
4131
4134
4134
4137
4140
4149
4149
4155
4158
4158
4164
4170
4173
4173
4176
4179
4179
4188
4194
4200
4200
4203
4209
4212
4212
4212
4212
4215
4224
4227
4230
4236
4236
4239
4239
4239
4242
4242
4245
4248
4248
4251
4251
4251
4254
4254
4254
4254
4263
4263
4263
4269
4275
4284
4284
4284
4299
4299
4299
4305
4305
4308
4314
4317
4317
4317
4320
4320
4323
4329
4335
4338
4338
4344
4344
4347
4353
4353
4353
4353
4356
4365
4371
4371
4371
4374
4374
4374
4377
4386
4386
4392
4401
4401
4407
4410
4416
4416
4422
4428
4437
4440
4443
4449
4449
4452
4455
4455
4455
4458
4458
4458
4461
4461
4464
4464
4467
4470
4470
4470
4473
4476
4476
4479
4482
4485
4497
4497
4500
4503
4509
4509
4509
4509
4515
4518
4521
4521
4524
4527
4530
4536
4536
4539
4542
4545
4548
4551
4554
4554
4557
4560
4560
4566
4566
4569
4575
4575
4584
4584
4584
4587
4587
4590
4599
4605
4611
4611
4614
4617
4620
4620
4623
4623
4626
4626
4626
4629
4632
4635
4638
4647
4650
4653
4659
4662
4662
4662
4665
4677
4680
4680
4686
4686
4689
4695
4695
4698
4701
4701
4701
4704
4707
4707
4719
4725
4728
4734
4737
4743
4752
4761
4761
4764
4767
4767
4773
4773
4773
4773
4773
4785
4788
4794
4803
4803
4809
4815
4815
4818
4824
4824
4830
4830
4833
4839
4839
4842
4842
4848
4848
4854
4860
4860
4863
4866
4866
4869
4872
4872
4875
4878
4890
4890
4893
4899
4914
4914
4920
4920
4926
4932
4935
4941
4944
4944
4947
4953
4956
4959
4965
4980
4983
4983
4983
4983
4983
4986
4986
4989
4998
4998
5007
5007
5016
5022
5025
5028
5028
5028
5031
5037
5043
5043
5046
5046
5049
5049
5055
5055
5055
5067
5067
5070
5070
5070
5070
5073
5076
5079
5082
5082
5082
5082
5088
5091
5094
5094
5109
5121
5124
5130
5130
5130
5136
5139
5142
5148
5151
5154
5157
5157
5160
5163
5169
5169
5172
5175
5178
5184
5187
5187
5187
5187
5190
5190
5196
5196
5205
5205
5208
5208
5208
5208
5214
5214
5220
5220
5223
5229
5232
5232
5235
5238
5250
5253
5253
5256
5256
5259
5259
5259
5265
5265
5268
5280
5283
5286
5286
5289
5289
5292
5292
5292
5292
5298
5307
5310
5310
5313
5313
5316
5316
5319
5322
5328
5328
5340
5346
5352
5352
5358
5364
5367
5370
5373
5379
5379
5379
5385
5388
5391
5391
5391
5397
5400
5403
5415
5415
5418
5421
5421
5424
5427
5427
5430
5430
5433
5433
5433
5439
5439
5442
5451
5454
5460
5472
5475
5475
5478
5487
5487
5487
5490
5493
5496
5496
5496
5499
5502
5505
5508
5517
5523
5526
5526
5526
5532
5538
5541
5544
5547
5550
5556
5565
5568
5571
5577
5577
5577
5580
5583
5586
5595
5610
5613
5619
5619
5619
5625
5628
5631
5631
5631
5634
5634
5637
5646
5646
5646
5649
5649
5652
5652
5658
5658
5664
5664
5667
5670
5676
5676
5676
5679
5682
5685
5697
5700
5700
5706
5706
5706
5712
5712
5712
5715
5715
5718
5724
5733
5736
5739
5742
5742
5748
5748
5751
5751
5754
5772
5772
5775
5778
5787
5787
5787
5790
5793
5793
5799
5799
5802
5802
5808
5811
5814
5817
5817
5820
5823
5826
5832
5835
5838
5838
5838
5841
5844
5847
5847
5847
5850
5850
5850
5859
5862
5862
5865
5865
5865
5868
5868
5874
5877
5880
5883
5886
5898
5901
5904
5907
5907
5910
5910
5916
5916
5919
5925
5928
5928
5943
5943
5949
5952
5964
5967
5970
5970
5970
5973
5976
5979
5982
5985
5988
5988
5988
5994
6000
6000
6003
6003
6009
6009
6012
6012
6021
6027
6030
6033
6036
6036
6039
6042
6042
6051
6051
6051
6054
6057
6060
6063
6066
6069
6069
6075
6078
6078
6081
6087
6090
6090
6090
6093
6096
6096
6102
6105
6111
6111
6111
6114
6114
6117
6117
6120
6126
6126
6126
6126
6129
6138
6138
6141
6147
6150
6150
6150
6153
6156
6156
6159
6159
6165
6165
6171
6171
6171
6171
6174
6177
6183
6186
6186
6192
6201
6201
6207
6207
6207
6207
6210
6213
6213
6213
6216
6222
6225
6234
6240
6243
6243
6246
6246
6249
6261
6261
6267
6267
6270
6273
6276
6276
6276
6282
6285
6288
6291
6291
6291
6294
6294
6294
6303
6309
6312
6318
6321
6321
6321
6321
6321
6321
6327
6327
6333
6336
6342
6345
6348
6348
6348
6360
6366
6369
6372
6372
6372
6372
6378
6381
6381
6381
6384
6387
6390
6390
6390
6393
6393
6396
6396
6399
6402
6405
6408
6414
6417
6417
6420
6420
6423
6423
6423
6429
6438
6438
6441
6441
6447
6453
6453
6456
6462
6462
6465
6465
6468
6471
6471
6474
6474
6474
6474
6477
6486
6489
6489
6492
6498
6498
6501
6501
6504
6507
6519
6528
6531
6537
6537
6543
6543
6543
6552
6552
6558
6558
6561
6561
6567
6567
6570
6570
6576
6585
6588
6588
6588
6588
6591
6591
6591
6591
6597
6606
6606
6609
6618
6621
6630
6630
6633
6633
6636
6636
6645
6645
6648
6654
6657
6672
6675
6675
6678
6681
6681
6684
6684
6684
6687
6690
6693
6696
6696
6702
6702
6714
6720
6720
6723
6723
6726
6732
6735
6744
6747
6750
6753
6753
6756
6759
6759
6762
6762
6762
6765
6768
6768
6771
6777
6777
6780
6780
6786
6789
6792
6792
6801
6810
6810
6810
6810
6813
6813
6816
6816
6825
6828
6831
6837
6840
6849
6849
6855
6858
6861
6867
6867
6867
6867
6870
6870
6876
6879
6882
6885
6885
6885
6888
6888
6891
6891
6900
6909
6912
6912
6912
6915
6915
6918
6918
6921
6924
6927
6930
6933
6936
6936
6939
6942
6945
6945
6945
6948
6951
6951
6957
6960
6969
6969
6972
6975
6975
6978
6978
6981
6984
6984
6984
6987
6996
7002
7002
7005
7008
7008
7011
7011
7011
7011
7011
7014
7014
7017
7017
7020
7020
7023
7026
7026
7029
7035
7038
7041
7044
7047
7050
7053
7056
7056
7059
7059
7062
7065
7065
7065
7068
7074
7074
7080
7086
7086
7092
7101
7104
7104
7104
7110
7113
7125
7128
7131
7131
7146
7146
7146
7152
7158
7158
7158
7158
7161
7161
7164
7170
7170
7176
7176
7182
7185
7188
7191
7194
7197
7197
7200
7209
7209
7209
7212
7218
7221
7224
7224
7227
7227
7230
7230
7236
7239
7239
7245
7251
7251
7251
7251
7254
7254
7263
7266
7266
7266
7269
7272
7272
7275
7278
7281
7284
7284
7287
7290
7293
7293
7296
7299
7305
7311
7317
7320
7320
7320
7320
7326
7329
7329
7329
7335
7335
7338
7338
7338
7341
7341
7341
7344
7350
7368
7371
7380
7383
7383
7383
7386
7389
7389
7395
7398
7398
7404
7413
7416
7425
7434
7440
7443
7443
7452
7455
7458
7461
7470
7470
7473
7473
7473
7476
7476
7479
7485
7485
7485
7488
7488
7494
7497
7500
7500
7500
7506
7509
7512
7512
7515
7518
7518
7518
7521
7524
7524
7533
7536
7539
7542
7554
7560
7569
7575
7578
7578
7581
7584
7584
7584
7587
7590
7590
7590
7596
7599
7605
7605
7608
7611
7611
7611
7614
7617
7620
7623
7629
7632
7641
7644
7644
7650
7653
7653
7656
7659
7665
7665
7671
7671
7680
7686
7689
7689
7695
7698
7701
7707
7707
7710
7713
7713
7713
7716
7719
7719
7719
7728
7731
7737
7737
7740
7746
7749
7752
7755
7758
7758
7761
7761
7767
7767
7767
7767
7770
7770
7773
7779
7779
7785
7788
7788
7800
7803
7806
7809
7812
7818
7818
7821
7821
7821
7833
7839
7839
7842
7848
7851
7854
7857
7857
7860
7860
7863
7869
7875
7878
7878
7881
7884
7884
7884
7887
7896
7905
7905
7908
7908
7914
7917
7917
7917
7920
7923
7923
7923
7929
7932
7932
7941
7941
7941
7941
7947
7947
7950
7953
7953
7956
7956
7959
7965
7968
7971
7971
7974
7977
7980
7980
7980
7983
8001
8013
8019
8019
8022
8022
8025
8028
8031
8049
8049
8052
8055
8058
8061
8064
8070
8070
8079
8079
8085
8091
8091
8091
8094
8097
8097
8100
8103
8103
8106
8112
8112
8115
8121
8124
8127
8127
8130
8133
8133
8139
8145
8145
8151
8154
8157
8160
8160
8163
8166
8169
8169
8175
8178
8178
8187
8196
8196
8196
8196
8199
8199
8208
8208
8214
8214
8226
8229
8241
8244
8244
8253
8253
8253
8256
8262
8271
8274
8277
8280
8283
8286
8286
8286
8286
8289
8289
8289
8295
8298
8298
8298
8304
8307
8307
8313
8313
8316
8316
8319
8322
8325
8325
8328
8331
8337
8340
8340
8340
8340
8340
8343
8346
8349
8364
8364
8364
8370
8370
8370
8373
8379
8385
8388
8391
8391
8391
8397
8400
8400
8403
8406
8406
8409
8418
8418
8424
8424
8433
8439
8442
8442
8442
8442
8445
8448
8448
8451
8457
8469
8478
8478
8481
8484
8487
8490
8493
8493
8493
8499
8499
8499
8502
8505
8517
8517
8520
8526
8532
8532
8535
8538
8538
8541
8541
8544
8550
8556
8559
8559
8559
8568
8568
8571
8571
8571
8574
8577
8580
8583
8586
8586
8589
8589
8595
8595
8604
8604
8604
8607
8610
8616
8616
8619
8622
8625
8634
8637
8640
8640
8646
8646
8658
8661
8661
8661
8661
8664
8676
8676
8679
8679
8682
8682
8688
8694
8694
8700
8700
8703
8706
8706
8712
8712
8718
8721
8724
8733
8733
8733
8736
8736
8739
8748
8751
8772
8772
8772
8775
8781
8787
8787
8790
8790
8793
8796
8799
8802
8808
8811
8814
8817
8817
8823
8826
8832
8835
8835
8838
8838
8838
8838
8841
8844
8847
8847
8847
8850
8850
8853
8853
8856
8856
8856
8856
8862
8862
8865
8868
8868
8871
8871
8871
8874
8874
8877
8880
8886
8892
8892
8898
8901
8901
8904
8907
8907
8907
8907
8922
8922
8925
8928
8928
8928
8931
8931
8931
8934
8937
8946
8946
8952
8952
8955
8958
8958
8961
8964
8967
8967
8967
8970
8973
8976
8976
8982
8982
8985
8985
8988
8988
8988
8988
8988
8997
9000
9006
9006
9009
9015
9015
9018
9018
9021
9024
9027
9033
9033
9033
9036
9039
9042
9045
9045
9048
9051
9051
9051
9054
9057
9057
9063
9063
9063
9063
9063
9069
9072
9081
9081
9081
9099
9099
9105
9108
9108
9108
9111
9111
9114
9126
9126
9129
9129
9129
9132
9138
9141
9150
9153
9159
9159
9159
9165
9165
9165
9171
9171
9171
9174
9174
9180
9189
9198
9201
9207
9207
9213
9216
9216
9222
9222
9240
9243
9249
9252
9261
9261
9264
9264
9267
9270
9270
9270
9279
9288
9291
9294
9300
9300
9312
9315
9321
9321
9327
9327
9345
9351
9351
9369
9372
9372
9375
9375
9378
9378
9381
9381
9384
9384
9393
9393
9393
9399
9402
9402
9402
9402
9405
9408
9408
9411
9411
9417
9420
9426
9426
9426
9444
9447
9450
9453
9462
9462
9465
9468
9471
9471
9480
9483
9483
9486
9486
9489
9492
9495
9498
9510
9510
9513
9513
9516
9516
9522
9522
9522
9528
9531
9534
9537
9543
9543
9543
9546
9549
9555
9558
9558
9561
9567
9567
9570
9570
9573
9576
9576
9579
9579
9579
9582
9585
9585
9594
9594
9594
9597
9597
9600
9606
9606
9609
9612
9612
9615
9615
9615
9615
9615
9618
9621
9624
9633
9639
9642
9648
9651
9654
9660
9663
9663
9669
9669
9675
9678
9681
9684
9687
9693
9693
9696
9699
9702
9705
9708
9714
9726
9729
9738
9741
9741
9747
9747
9747
9750
9759
9762
9762
9765
9765
9771
9777
9780
9786
9795
9798
9801
9807
9807
9825
9831
9837
9840
9843
9843
9843
9849
9852
9858
9861
9861
9861
9870
9873
9873
9876
9879
9882
9882
9885
9885
9888
9894
9897
9900
9900
9903
9909
9912
9912
9912
9915
9915
9915
9918
9921
9924
9924
9927
9930
9933
9939
9945
9948
9948
9954
9957
9960
9960
9963
9963
9972
9972
9975
9975
9975
9978
9978
9981
9981
9984
9984
9984
9987
9987
9990
9990
9996
9996
10002
10002
10002
10002
10002
10005
10008
10011
10014
10014
10017
10017
10020
10020
10026
10029
10029
10032
10038
10044
10044
10044
10047
10050
10050
10053
10053
10056
10059
10062
10062
10065
10065
10068
10074
10074
10074
10083
10083
10089
10098
10101
10101
10101
10101
10104
10104
10104
10107
10110
10110
10110
10116
10116
10122
10125
10128
10131
10137
10137
10143
10146
10146
10146
10155
10158
10164
10167
10167
10170
10182
10182
10185
10185
10188
10191
10191
10194
10194
10200
10209
10209
10209
10221
10221
10227
10230
10236
10236
10242
10245
10245
10263
10263
10266
10266
10266
10266
10272
10275
10278
10278
10278
10284
10284
10284
10284
10287
10287
10290
10296
10296
10299
10299
10302
10302
10308
10311
10311
10317
10320
10323
10323
10326
10329
10332
10332
10332
10335
10338
10341
10350
10353
10353
10362
10362
10368
10374
10374
10374
10383
10389
10389
10392
10395
10395
10395
10398
10398
10401
10404
10404
10407
10407
10410
10416
10422
10425
10425
10428
10428
10431
10437
10446
10449
10449
10449
10452
10452
10455
10467
10473
10476
10476
10479
10482
10482
10485
10491
10491
10497
10497
10500
10500
10503
10503
10506
10506
10509
10512
10518
10521
10533
10533
10539
10542
10545
10545
10548
10554
10557
10560
10563
10566
10569
10569
10578
10578
10581
10584
10584
10587
10587
10590
10596
10599
10602
10608
10608
10614
10617
10620
10620
10620
10623
10626
10626
10632
10635
10638
10647
10653
10653
10656
10662
10662
10665
10668
10668
10674
10674
10677
10680
10680
10683
10689
10689
10692
10692
10698
10701
10701
10704
10704
10704
10707
10710
10713
10713
10716
10716
10722
10731
10737
10740
10746
10746
10749
10758
10761
10761
10767
10770
10770
10773
10779
10779
10782
10794
10800
10803
10809
10812
10815
10815
10815
10824
10827
10830
10833
10836
10842
10851
10851
10854
10857
10863
10872
10875
10875
10878
10884
10887
10887
10890
10890
10890
10893
10893
10893
10899
10899
10899
10899
10899
10902
10902
10911
10911
10914
10914
10914
10917
10917
10917
10917
10920
10923
10923
10929
10929
10929
10932
10935
10953
10953
10959
10962
10962
10971
10974
10974
10977
10980
10980
10980
10983
10986
10986
10992
10995
11001
11001
11004
11004
11007
11007
11016
11031
11031
11037
11040
11040
11046
11046
11046
11049
11052
11058
11070
11076
11082
11085
11091
11097
11106
11112
11112
11115
11115
11115
11118
11124
11124
11124
11124
11130
11130
11148
11148
11160
11163
11163
11166
11175
11178
11181
11187
11199
11205
11205
11208
11211
11214
11217
11217
11226
11226
11226
11229
11229
11229
11232
11232
11235
11238
11238
11238
11241
11244
11247
11256
11256
11262
11262
11268
11268
11271
11277
11277
11277
11277
11277
11283
11283
11289
11292
11295
11295
11295
11298
11301
11304
11304
11304
11310
11310
11316
11325
11325
11328
11328
11328
11328
11331
11331
11337
11337
11343
11349
11349
11358
11358
11358
11361
11364
11367
11370
11379
11382
11382
11382
11388
11388
11391
11391
11397
11403
11406
11406
11409
11412
11412
11412
11415
11415
11415
11421
11421
11427
11433
11436
11442
11445
11454
11454
11454
11457
11460
11463
11469
11475
11478
11481
11484
11487
11499
11502
11517
11523
11541
11541
11541
11541
11541
11544
11547
11550
11550
11553
11553
11556
11559
11562
11562
11568
11568
11571
11574
11574
11577
11580
11583
11583
11586
11598
11601
11604
11604
11619
11619
11625
11625
11625
11625
11628
11634
11634
11637
11637
11640
11643
11643
11649
11655
11658
11667
11676
11682
11685
11694
11694
11697
11697
11697
11703
11706
11712
11745
11751
11751
11757
11760
11763
11763
11769
11772
11775
11778
11781
11781
11784
11796
11796
11796
11802
11802
11805
11808
11811
11814
11817
11823
11823
11826
11829
11832
11847
11850
11850
11853
11859
11859
11865
11865
11868
11868
11868
11874
11874
11874
11874
11874
11880
11880
11886
11889
11892
11892
11892
11901
11907
11907
11910
11910
11913
11916
11916
11931
11943
11943
11946
11946
11949
11949
11949
11949
11952
11958
11958
11958
11958
11964
11964
11967
11970
11970
11970
11982
11982
11994
11997
11997
