5000
0
0
3
6
9
12
15
15
24
24
30
33
33
36
36
36
36
39
42
42
45
51
51
54
54
57
57
63
63
69
78
81
81
81
84
87
90
90
96
96
99
102
111
111
114
114
114
114
117
126
126
138
141
144
147
147
147
150
156
159
159
162
165
165
168
168
171
171
171
174
174
177
180
186
186
189
189
198
198
207
207
210
213
216
219
222
225
228
231
231
237
243
243
246
246
249
252
252
255
261
270
270
270
279
282
288
288
288
291
291
294
297
300
300
312
315
321
321
321
324
324
327
327
336
339
342
342
345
345
345
345
348
348
351
354
360
366
366
369
369
372
372
378
381
381
381
384
384
384
384
387
393
393
405
408
417
417
417
420
420
426
429
438
441
444
447
450
450
453
453
456
459
459
462
462
462
462
465
474
477
477
480
480
483
486
489
492
492
495
498
504
504
504
507
510
513
513
516
516
528
528
531
531
531
537
543
546
549
555
558
558
558
558
561
567
570
573
573
576
576
579
579
582
588
588
588
591
594
597
606
615
615
615
621
630
630
633
636
636
639
645
645
648
648
651
654
660
660
666
669
669
678
678
681
687
687
693
705
705
708
708
711
711
714
714
717
726
732
732
738
741
741
750
750
750
759
759
762
762
765
771
774
774
777
777
777
780
780
780
780
786
786
789
795
798
804
807
807
810
810
816
819
825
831
837
837
840
843
846
858
861
867
867
870
870
870
873
876
876
882
888
888
888
891
891
900
912
912
912
912
915
918
918
924
930
930
930
939
942
945
948
957
963
966
969
969
969
969
975
975
975
978
981
984
987
990
996
1002
1002
1005
1008
1008
1008
1011
1014
1017
1017
1020
1020
1029
1032
1038
1041
1041
1041
1047
1050
1053
1053
1056
1056
1056
1059
1059
1059
1062
1068
1068
1074
1074
1074
1074
1080
1080
1080
1083
1083
1083
1089
1092
1095
1098
1098
1101
1101
1104
1104
1104
1110
1113
1122
1125
1128
1134
1137
1137
1140
1140
1143
1146
1146
1149
1155
1158
1158
1161
1161
1164
1167
1167
1176
1176
1179
1182
1188
1188
1191
1197
1197
1200
1209
1209
1212
1212
1212
1212
1212
1215
1221
1221
1221
1227
1233
1236
1236
1239
1245
1245
1251
1251
1251
1254
1263
1263
1266
1272
1272
1275
1284
1287
1290
1293
1293
1296
1299
1302
1305
1305
1305
1308
1311
1317
1320
1320
1329
1332
1335
1344
1347
1350
1350
1353
1368
1371
1371
1374
1380
1383
1386
1389
1392
1407
1407
1413
1416
1422
1422
1434
1446
1446
1449
1449
1458
1461
1464
1464
1470
1476
1476
1476
1482
1482
1485
1488
1491
1494
1494
1497
1500
1512
1512
1512
1518
1521
1524
1524
1527
1530
1530
1530
1533
1533
1536
1536
1536
1536
1539
1539
1548
1554
1557
1560
1569
1569
1572
1575
1578
1578
1584
1584
1584
1584
1587
1590
1596
1599
1599
1599
1611
1614
1614
1617
1617
1620
1620
1623
1626
1626
1629
1632
1635
1635
1638
1638
1644
1647
1650
1650
1653
1653
1662
1665
1671
1674
1677
1677
1686
1689
1689
1701
1701
1704
1704
1707
1707
1707
1707
1710
1710
1716
1719
1719
1719
1734
1737
1737
1737
1752
1761
1761
1761
1764
1767
1770
1773
1773
1773
1773
1773
1776
1779
1782
1785
1785
1785
1788
1788
1788
1803
1806
1809
1815
1818
1821
1824
1827
1830
1833
1836
1839
1839
1842
1851
1857
1866
1872
1872
1875
1875
1878
1878
1887
1887
1890
1890
1893
1893
1899
1902
1902
1905
1908
1911
1914
1917
1917
1920
1923
1929
1932
1932
1941
1953
1965
1971
1971
1974
1974
1974
1977
1983
1983
1983
1986
2001
2004
2007
2025
2028
2031
2037
2040
2043
2055
2064
2064
2070
2073
2085
2088
2088
2097
2097
2100
2106
2109
2112
2118
2121
2121
2121
2127
2127
2127
2130
2130
2130
2130
2133
2139
2145
2151
2160
2160
2163
2163
2169
2169
2175
2181
2181
2181
2187
2196
2196
2199
2202
2205
2205
2208
2208
2208
2211
2211
2211
2214
2214
2217
2220
2220
2226
2229
2229
2232
2232
2235
2238
2238
2247
2253
2253
2256
2256
2259
2262
2265
2268
2271
2271
2274
2274
2280
2286
2286
2289
2289
2289
2292
2295
2301
2304
2304
2307
2307
2310
2313
2313
2316
2316
2319
2322
2325
2325
2325
2328
2328
2331
2340
2346
2346
2349
2358
2358
2364
2364
2367
2367
2367
2373
2373
2385
2385
2391
2391
2397
2397
2397
2400
2400
2400
2403
2403
2406
2412
2412
2415
2415
2418
2421
2433
2436
2445
2448
2454
2454
2460
2460
2460
2463
2463
2472
2475
2481
2481
2487
2490
2490
2502
2505
2514
2517
2520
2523
2529
2532
2535
2535
2538
2541
2544
2547
2559
2559
2568
2568
2571
2571
2571
2577
2583
2583
2595
2595
2598
2601
2604
2604
2604
2607
2610
2613
2613
2616
2616
2616
2619
2619
2625
2625
2628
2634
2634
2637
2637
2640
2643
2649
2652
2658
2658
2661
2664
2667
2676
2682
2685
2688
2691
2700
2706
2709
2712
2715
2715
2721
2721
2724
2727
2730
2733
2733
2739
2742
2748
2751
2763
2763
2775
2775
2778
2781
2784
2784
2790
2790
2790
2796
2808
2808
2814
2814
2817
2823
2823
2829
2838
2838
2838
2841
2841
2844
2847
2850
2853
2856
2856
2856
2865
2871
2871
2874
2874
2877
2877
2877
2877
2880
2880
2880
2892
2892
2901
2907
2916
2919
2922
2925
2925
2925
2925
2934
2934
2937
2937
2943
2943
2946
2952
2958
2961
2961
2964
2967
2970
2973
2973
2976
2982
2982
2982
2982
2985
2991
3000
3006
3006
3009
3012
3015
3018
3021
3024
3024
3024
3024
3027
3027
3030
3033
3042
3051
3054
3054
3057
3063
3063
3066
3069
3078
3078
3081
3087
3096
3096
3102
3102
3105
3108
3117
3117
3123
3126
3126
3126
3129
3129
3138
3144
3150
3156
3156
3159
3159
3159
3162
3165
3165
3165
3171
3174
3174
3177
3186
3189
3189
3192
3195
3198
3198
3198
3201
3210
3213
3213
3216
3216
3225
3237
3243
3243
3249
3249
3249
3258
3261
3261
3261
3261
3264
3267
3267
3270
3273
3273
3276
3276
3282
3285
3285
3300
3303
3303
3303
3309
3312
3321
3327
3330
3342
3351
3354
3360
3360
3363
3369
3369
3369
3372
3372
3375
3375
3381
3381
3381
3381
3384
3384
3390
3390
3393
3393
3393
3396
3402
3402
3405
3405
3408
3408
3411
3414
3414
3414
3417
3423
3423
3426
3426
3426
3429
3429
3438
3438
3441
3444
3447
3447
3447
3447
3447
3453
3456
3459
3462
3465
3468
3471
3471
3474
3477
3480
3483
3486
3498
3507
3507
3507
3510
3513
3513
3519
3522
3522
3525
3537
3540
3540
3543
3543
3549
3555
3558
3558
3561
3561
3567
3567
3570
3573
3576
3588
3588
3591
3591
3594
3603
3606
3612
3612
3618
3630
3633
3642
3645
3648
3648
3648
3651
3657
3660
3660
3663
3666
3672
3675
3678
3678
3681
3684
3684
3684
3687
3687
3687
3690
3696
3699
3702
3702
3705
3708
3711
3714
3714
3714
3720
3720
3726
3729
3732
3738
3738
3744
3747
3747
3747
3750
3753
3756
3762
3762
3765
3765
3768
3771
3771
3774
3777
3780
3789
3792
3792
3801
3807
3810
3813
3816
3816
3825
3828
3831
3840
3843
3843
3858
3861
3864
3867
3867
3870
3885
3885
3888
3894
3894
3897
3900
3906
3912
3912
3912
3915
3915
3915
3915
3918
3918
3921
3924
3924
3927
3927
3930
3933
3936
3936
3936
3939
3939
3951
3951
3954
3960
3960
3969
3972
3978
3981
3981
3984
3990
3996
4002
4005
4005
4005
4008
4011
4014
4017
4020
4020
4026
4026
4026
4029
4041
4044
4047
4050
4053
4056
4059
4059
4062
4062
4062
4065
4065
4068
4074
4074
4080
4083
4092
4095
4098
4098
4101
4101
4104
4113
4125
4128
4134
4137
4140
4143
4143
4146
4146
4146
4152
4155
4158
4158
4158
4161
4161
4161
4164
4164
4164
4173
4176
4176
4179
4182
4188
4188
4200
4209
4212
4224
4227
4230
4230
4236
4239
4239
4239
4242
4242
4242
4251
4254
4263
4263
4266
4269
4269
4272
4272
4275
4278
4278
4284
4287
4287
4287
4287
4287
4293
4293
4296
4299
4299
4302
4311
4317
4320
4320
4320
4326
4326
4329
4335
4338
4341
4344
4344
4347
4350
4353
4353
4362
4365
4368
4368
4371
4377
4389
4389
4395
4398
4398
4398
4401
4401
4404
4413
4416
4422
4425
4425
4428
4431
4440
4452
4452
4455
4455
4458
4461
4461
4467
4467
4473
4473
4476
4479
4482
4488
4488
4491
4494
4497
4497
4497
4500
4506
4509
4509
4509
4512
4515
4515
4518
4518
4524
4524
4527
4530
4539
4542
4542
4545
4554
4557
4560
4560
4563
4566
4566
4581
4581
4584
4584
4584
4590
4590
4596
4599
4599
4602
4602
4605
4608
4611
4614
4617
4623
4623
4632
4635
4638
4638
4644
4644
4647
4650
4653
4656
4662
4662
4662
4662
4665
4665
4668
4671
4674
4677
4680
4692
4692
4701
4704
4704
4704
4707
4713
4713
4716
4722
4728
4731
4731
4737
4746
4749
4752
4755
4755
4755
4758
4758
4767
4770
4770
4770
4770
4773
4779
4788
4794
4803
4803
4815
4821
4821
4824
4830
4842
4842
4842
4848
4848
4848
4851
4851
4854
4857
4857
4860
4860
4860
4863
4863
4872
4875
4878
4878
4884
4884
4887
4890
4893
4893
4893
4896
4896
4899
4902
4908
4914
4914
4920
4923
4926
4929
4932
4935
4941
4941
4941
4941
4944
4944
4947
4947
4947
4953
4956
4956
4956
4959
4959
4959
4965
4968
4971
4974
4977
4980
4986
4989
4992
4995
4995
4998
5001
5001
5025
5028
5028
5037
5037
5046
5046
5046
5049
5061
5064
5064
5067
5070
5070
5076
5076
5082
5082
5094
5097
5100
5103
5103
5109
5112
5112
5112
5115
5121
5121
5124
5124
5127
5127
5130
5130
5133
5136
5136
5145
5151
5154
5163
5169
5175
5178
5178
5181
5184
5184
5184
5187
5187
5196
5199
5205
5205
5208
5211
5211
5214
5226
5226
5226
5226
5229
5232
5235
5235
5238
5238
5238
5244
5244
5244
5247
5247
5253
5256
5256
5259
5262
5262
5268
5271
5271
5274
5277
5277
5283
5283
5283
5289
5289
5289
5289
5295
5298
5298
5298
5304
5304
5304
5310
5310
5313
5319
5328
5328
5328
5328
5331
5340
5346
5349
5352
5352
5352
5358
5361
5364
5370
5370
5370
5376
5382
5382
5382
5382
5388
5388
5388
5391
5391
5391
5397
5403
5403
5409
5412
5415
5418
5424
5427
5433
5439
5442
5445
5448
5460
5475
5475
5478
5481
5484
5487
5487
5496
5499
5502
5505
5508
5511
5517
5517
5520
5526
5535
5541
5541
5544
5550
5550
5550
5553
5553
5556
5559
5565
5568
5568
5577
5580
5586
5586
5595
5595
5601
5604
5604
5604
5610
5616
5616
5619
5619
5619
5619
5628
5631
5634
5634
5637
5646
5646
5652
5652
5658
5658
5661
5664
5676
5676
5676
5676
5682
5682
5682
5688
5688
5694
5694
5694
5694
5697
5697
5700
5703
5706
5715
5718
5724
5733
5736
5742
5742
5745
5751
5772
5772
5772
5775
5775
5778
5781
5787
5787
5787
5793
5793
5793
5799
5808
5811
5814
5817
5820
5826
5826
5835
5838
5841
5844
5847
5850
5850
5853
5856
5859
5865
5868
5868
5868
5868
5868
5874
5883
5886
5889
5892
5895
5898
5898
5904
5907
5910
5916
5919
5922
5925
5928
5931
5931
5931
5934
5937
5940
5943
5946
5946
5949
5949
5952
5958
5961
5961
5964
5967
5967
5967
5970
5970
5973
5973
5979
5982
5985
5988
5988
5988
5988
5988
5991
5991
6000
6000
6003
6003
6006
6012
6015
6024
6027
6033
6039
6042
6048
6048
6051
6057
6063
6066
6066
6069
6075
6081
6087
6090
6096
6102
6102
6105
6105
6108
6108
6111
6111
6114
6120
6120
6123
6126
6126
6126
6129
6129
6138
6138
6150
6150
6153
6153
6153
6156
6159
6165
6165
6168
6168
6171
6171
6174
6177
6180
6183
6183
6186
6189
6189
6207
6207
6207
6207
6207
6210
6213
6213
6216
6219
6222
6222
6222
6240
6246
6252
6252
6258
6258
6264
6264
6267
6270
6270
6273
6276
6276
6282
6285
6288
6288
6300
6303
6303
6309
6312
6318
6321
6324
6327
6330
6330
6333
6333
6333
6342
6354
6360
6366
6369
6372
6372
6375
6378
6378
6381
6393
6393
6396
6399
6402
6402
6405
6411
6420
6420
6420
6423
6426
6426
6441
6453
6456
6465
6465
6471
6474
6477
6480
6483
6483
6489
6498
6498
6501
6516
6516
6516
6519
6519
6528
6531
6531
6534
6543
6549
6549
6549
6552
6552
6558
6561
6567
6570
6570
6570
6573
6576
6576
6579
6582
6585
6585
6588
6588
6591
6591
6597
6597
6600
6600
6609
6609
6615
6615
6618
6621
6624
6627
6630
6633
6636
6645
6645
6645
6648
6651
6654
6654
6657
6669
6669
6672
6678
6681
6681
6681
6693
6693
6693
6705
6708
6723
6723
6726
6729
6732
6735
6741
6741
6741
6747
6747
6750
6753
6753
6762
6762
6765
6765
6768
6771
6777
6780
6783
6795
6801
6801
6807
6807
6807
6813
6813
6816
6822
6825
6828
6828
6831
6834
6837
6840
6840
6840
6843
6843
6849
6849
6849
6852
6858
6861
6864
6867
6867
6870
6870
6870
6876
6876
6879
6882
6888
6891
6891
6894
6894
6894
6900
6900
6900
6903
6906
6906
6909
6909
6912
6915
6915
6921
6924
6924
6939
6942
6945
6945
6957
6960
6963
6966
6972
6972
6975
6978
6978
6981
6981
6984
6984
6987
6987
6987
6987
6990
6990
6993
6993
6996
7002
7002
7002
7005
7005
7008
7011
7011
7014
7017
7017
7017
7020
7029
7032
7032
7035
7038
7038
7041
7044
7047
7050
7050
7050
7053
7053
7059
7059
7062
7071
7080
7083
7086
7086
7089
7092
7098
7098
7101
7104
7107
7113
7116
7119
7119
7122
7125
7128
7128
7131
7131
7131
7137
7137
7143
7143
7146
7158
7158
7158
7179
7179
7182
7182
7182
7185
7185
7188
7191
7194
7197
7200
7206
7212
7212
7221
7224
7224
7224
7227
7227
7242
7245
7251
7251
7254
7260
7266
7266
7269
7272
7278
7281
7284
7284
7284
7287
7293
7296
7299
7299
7299
7308
7311
7314
7314
7317
7320
7323
7323
7326
7329
7335
7338
7350
7350
7353
7362
7365
7371
7371
7374
7374
7374
7377
7380
7380
7383
7386
7389
7392
7392
7398
7401
7401
7401
7404
7410
7410
7416
7416
7419
7425
7425
7434
7437
7443
7449
7449
7449
7449
7452
7455
7458
7458
7461
7464
7470
7470
7473
7479
7479
7479
7482
7485
7488
7488
7488
7491
7491
7491
7497
7500
7500
7506
7509
7512
7515
7515
7518
7521
7521
7524
7524
7527
7530
7545
7545
7548
7566
7569
7569
7575
7575
7575
7578
7584
7587
7590
7596
7599
7602
7605
7608
7611
7614
7614
7614
7617
7620
7620
7620
7623
7626
7629
7638
7641
7647
7653
7653
7659
7659
7659
7665
7668
7671
7671
7671
7677
7680
7680
7680
7689
7689
7692
7695
7695
7695
7698
7698
7701
7701
7707
7710
7713
7716
7719
7725
7734
7743
7746
7746
7746
7749
7749
7752
7755
7758
7761
7761
7761
7761
7767
7767
7767
7770
7770
7773
7773
7776
7788
7791
7800
7803
7803
7809
7809
7809
7809
7812
7812
7815
7818
7818
7830
7836
7848
7851
7854
7854
7857
7860
7860
7860
7863
7863
7866
7866
7869
7875
7878
7887
7890
7890
7893
7899
7899
7902
7911
7911
7914
7914
7917
7917
7917
7920
7923
7923
7929
7932
7935
7935
7941
7941
7947
7947
7950
7953
7953
7956
7962
7962
7965
7977
7980
7980
7980
7980
7983
7983
7983
7983
7995
7998
8001
8001
8007
8007
8007
8007
8007
8007
8013
8013
8016
8016
8016
8025
8028
8031
8031
8031
8037
8043
8046
8049
8052
8055
8055
8055
8058
8058
8061
8070
8070
8070
8076
8082
8085
8091
8091
8091
8094
8094
8097
8097
8100
8100
8112
8115
8124
8127
8127
8130
8130
8133
8139
8145
8145
8145
8148
8148
8151
8154
8157
8157
8160
8160
8163
8163
8166
8166
8169
8169
8172
8172
8178
8178
8184
8196
8196
8199
8202
8202
8205
8208
8214
8217
8223
8229
8229
8232
8238
8241
8253
8256
8256
8259
8259
8262
8262
8262
8265
8268
8271
8271
8280
8280
8280
8283
8289
8289
8289
8292
8292
8292
8295
8298
8310
8310
8310
8313
8316
8319
8322
8322
8325
8325
8328
8331
8331
8331
8337
8337
8340
8340
8343
8349
8349
8352
8352
8358
8364
8367
8370
8376
8379
8379
8385
8388
8391
8391
8394
8397
8397
8397
8400
8406
8409
8409
8415
8415
8418
8418
8418
8424
8427
8433
8433
8439
8439
8442
8448
8451
8454
8457
8466
8472
8484
8484
8487
8487
8490
8493
8496
8499
8499
8502
8505
8505
8505
8508
8508
8526
8529
8532
8535
8538
8541
8547
8550
8550
8553
8553
8559
8559
8562
8562
8562
8568
8568
8571
8571
8571
8571
8580
8583
8586
8604
8607
8607
8613
8619
8625
8628
8631
8634
8634
8634
8634
8640
8646
8649
8655
8658
8658
8664
8664
8667
8670
8673
8676
8679
8679
8682
8700
8700
8706
8706
8706
8706
8706
8712
8712
8712
8715
8718
8724
8724
8736
8742
8748
8748
8751
8751
8754
8754
8754
8757
8763
8772
8772
8778
8787
8790
8790
8796
8796
8799
8799
8802
8802
8802
8805
8808
8811
8817
8823
8826
8832
8832
8835
8835
8838
8847
8847
8847
8850
8853
8853
8859
8862
8862
8865
8865
8868
8871
8871
8874
8874
8874
8874
8877
8877
8892
8892
8892
8895
8901
8913
8913
8916
8916
8919
8922
8925
8925
8928
8931
8934
8940
8943
8943
8946
8949
8949
8949
8949
8952
8958
8958
8964
8964
8967
8970
8973
8976
8985
8988
8988
8994
8994
8997
8997
9000
9006
9006
9006
9009
9009
9009
9012
9012
9021
9021
9024
9027
9030
9030
9033
9036
9042
9045
9048
9051
9051
9054
9054
9057
9060
9063
9066
9066
9069
9069
9069
9069
9072
9075
9078
9081
9093
9096
9096
9099
9108
9108
9111
9111
9114
9126
9126
9129
9129
9132
9138
9138
9138
9150
9150
9150
9153
9153
9159
9159
9162
9165
9165
9174
9174
9177
9177
9180
9183
9186
9189
9192
9192
9201
9207
9207
9207
9207
9216
9219
9219
9222
9222
9222
9225
9225
9234
9234
9234
9234
9240
9240
9246
9246
9249
9264
9264
9264
9267
9270
9273
9279
9282
9282
9282
9291
9294
9303
9306
9318
9321
9321
9321
9327
9327
9327
9333
9333
9348
9351
9363
9363
9372
9372
9381
9381
9387
9387
9390
9390
9393
9393
9396
9399
9402
9405
9411
9414
9417
9423
9426
9426
9429
9432
9435
9438
9438
9441
9447
9447
9447
9450
9453
9459
9465
9465
9468
9468
9471
9471
9471
9471
9474
9477
9477
9480
9486
9489
9489
9495
9495
9495
9495
9501
9501
9504
9513
9513
9516
9519
9522
9531
9537
9537
9537
9537
9543
9543
9546
9549
9552
9552
9555
9561
9561
9564
9567
9570
9570
9570
9570
9573
9579
9579
9579
9585
9585
9594
9594
9600
9603
9606
9606
9606
9606
9606
9609
9615
9615
9615
9618
9627
9630
9633
9639
9645
9645
9648
9648
9657
9660
9663
9669
9672
9675
9678
9684
9684
9690
9696
9696
9705
9705
9708
9714
9723
9723
9723
9726
9732
9735
9735
9750
9753
9759
9759
9762
9765
9768
9771
9771
9774
9774
9777
9780
9783
9789
9789
9789
9792
9792
9804
9810
9810
9810
9813
9825
9837
9840
9843
9843
9846
9849
9855
9858
9861
9861
9861
9867
9870
9873
9873
9876
9879
9882
9885
9885
9885
9888
9891
9903
9906
9906
9909
9909
9915
9921
9924
9933
9933
9939
9945
9945
9945
9945
9948
9948
9951
9951
9957
9957
9960
9960
9960
9963
9969
9972
9972
9975
9978
9981
9984
9984
9987
9996
9999
9999
10005
10011
10011
10014
10017
10017
10023
10023
10023
10026
10038
10044
10044
10044
10047
10062
10065
10065
10086
10089
10089
10092
10092
10092
10095
10095
10101
10104
10104
10104
10107
10110
10110
10110
10110
10110
10113
10125
10128
10131
10131
10134
10134
10140
10143
10146
10146
10155
10158
10164
10170
10170
10173
10176
10182
10182
10191
10191
10194
10194
10194
10197
10197
10197
10197
10197
10200
10203
10209
10209
10209
10224
10233
10236
10236
10239
10242
10242
10245
10245
10248
10251
10251
10254
10254
10254
10263
10263
10266
10266
10275
10278
10278
10281
10284
10284
10284
10284
10284
10284
10284
10290
10296
10299
10305
10305
10311
10311
10311
10317
10320
10320
10323
10332
10332
10332
10335
10335
10338
10338
10338
10338
10338
10341
10341
10341
10341
10344
10353
10356
10362
10368
10374
10374
10374
10377
10383
10383
10392
10395
10395
10395
10398
10398
10404
10407
10407
10416
10419
10419
10422
10422
10440
10440
10440
10440
10443
10446
10449
10449
10452
10452
10455
10455
10458
10458
10461
10464
10467
10470
10473
10473
10476
10479
10479
10482
10485
10494
10497
10497
10497
10500
10503
10503
10503
10506
10509
10509
10515
10518
10518
10518
10518
10527
10530
10536
10539
10542
10545
10545
10548
10554
10554
10554
10560
10560
10566
10566
10569
10575
10578
10587
10587
10590
10596
10599
10602
10611
10611
10611
10614
10614
10617
10620
10620
10623
10623
10626
10626
10626
10635
10644
10647
10662
10665
10665
10668
10671
10674
10674
10680
10689
10692
10698
10698
10698
10698
10701
10707
10713
10722
10728
10731
10737
10740
10743
10746
10746
10752
10755
10755
10755
10758
10758
10767
10767
10767
10770
10779
10779
10782
10788
10794
10806
10812
10815
10815
10818
10818
10818
10824
10824
10827
10830
10833
10833
10839
10842
10848
10848
10851
10854
10860
10863
10866
10869
10869
10869
10872
10872
10872
10878
10878
10881
10881
10884
10884
10884
10890
10890
10890
10893
10896
10899
10899
10911
10914
10920
10923
10926
10932
10932
10935
10953
10968
10968
10971
10974
10980
10980
10983
10983
10983
10986
10986
10992
10998
11007
11007
11019
11019
11022
11022
11025
11037
11040
11043
11043
11043
11043
11046
11046
11049
11049
11055
11067
11070
11079
11079
11082
11082
11088
11088
11091
11091
11094
11097
11100
11100
11103
11106
11112
11115
11115
11121
11124
11127
11133
11133
11142
11151
11154
11160
11160
11163
11166
11169
11172
11175
11178
11178
11178
11178
11187
11190
11193
11196
11205
11208
11208
11214
11220
11229
11229
11235
11244
11250
11253
11253
11256
11277
11280
11283
11286
11286
11289
11292
11292
11292
11298
11298
11298
11304
11304
11307
11319
11325
11328
11331
11331
11331
11334
11340
11340
11340
11352
11352
11352
11352
11355
11358
11358
11361
11364
11367
11367
11370
11370
11379
11379
11382
11391
11397
11397
11400
11406
11409
11412
11412
11421
11424
11430
11430
11430
11436
11439
11442
11442
11442
11448
11451
11451
11454
11457
11460
11469
11469
11472
11475
11475
11475
11475
11478
11478
11478
11481
11484
11484
11487
11487
11493
11496
11502
11508
11511
11511
11511
11511
11511
11517
11520
11526
11526
11538
11538
11541
11541
11541
11541
11547
11547
11550
11550
11550
11556
11556
11565
11568
11568
11574
11574
11574
11574
11577
11580
11580
11580
11580
11583
11583
11589
11589
11589
11592
11595
11595
11595
11598
11604
11610
11610
11613
11613
11616
11616
11619
11622
11625
11625
11631
11634
11634
11637
11640
11643
11643
11646
11646
11649
11652
11658
11670
11679
11685
11691
11691
11694
11694
11697
11697
11697
11703
11706
11706
11706
11712
11718
11721
11721
11724
11742
11748
11748
11754
11757
11760
11763
11763
11766
11769
11772
11772
11772
11775
11775
11778
11781
11787
11787
11793
11799
11799
11802
11808
11814
11814
11817
11820
11820
11823
11823
11829
11832
11832
11838
11838
11847
11850
11850
11856
11859
11862
11862
11862
11865
11868
11871
11874
11874
11877
11880
11886
11898
11901
11901
11907
11907
11907
11910
11910
11910
11910
11916
11928
11928
11931
11931
11934
11934
11937
11940
11943
11949
11952
11958
11961
11964
11967
11967
11970
11970
11970
11970
11979
11979
11982
11985
11988
11988
11997
12009
12009
12012
12018
12030
12030
12030
12033
12033
12036
12036
12039
12045
12048
12051
12051
12054
12054
12057
12063
12063
12066
12078
12081
12087
12090
12090
12090
12093
12108
12111
12117
12123
12126
12126
12129
12135
12138
12141
12147
12153
12159
12165
12171
12171
12186
12186
12201
12201
12201
12207
12210
12210
12213
12216
12222
12234
12240
12240
12243
12243
12243
12246
12249
12249
12255
12258
12261
12264
12264
12267
12267
12270
12273
12273
12273
12279
12282
12285
12285
12288
12291
12291
12294
12294
12294
12300
12300
12315
12321
12321
12321
12321
12327
12327
12333
12336
12336
12342
12342
12345
12348
12351
12351
12351
12354
12360
12366
12366
12369
12372
12375
12375
12378
12378
12384
12387
12390
12393
12396
12399
12402
12402
12408
12411
12417
12420
12423
12432
12435
12435
12435
12438
12441
12444
12447
12450
12450
12453
12459
12459
12462
12462
12462
12462
12462
12468
12471
12471
12471
12474
12477
12483
12489
12492
12498
12504
12504
12507
12510
12510
12513
12516
12516
12519
12522
12522
12528
12537
12543
12549
12555
12558
12561
12564
12567
12567
12567
12570
12573
12576
12576
12579
12582
12585
12588
12597
12600
12603
12606
12612
12612
12612
12615
12621
12621
12621
12627
12630
12633
12633
12633
12639
12639
12639
12642
12645
12648
12654
12654
12654
12660
12663
12663
12666
12666
12669
12672
12675
12675
12675
12678
12681
12684
12684
12690
12693
12696
12702
12702
12702
12720
12726
12735
12738
12750
12759
12765
12771
12771
12777
12777
12780
12780
12780
12786
12789
12792
12792
12795
12798
12801
12801
12807
12810
12813
12828
12831
12834
12834
12837
12837
12840
12843
12846
12846
12852
12855
12858
12858
12861
12867
12867
12873
12873
12876
12876
12876
12876
12882
12882
12882
12882
12885
12885
12885
12888
12888
12894
12897
12897
12897
12900
12900
12900
12903
12909
12909
12909
12912
12912
12915
12921
12927
12930
12939
12942
12942
12945
12948
12948
12951
12951
12951
12957
12957
12957
12960
12963
12969
12972
12972
12975
12975
12975
12975
12978
12984
12984
12990
12996
13002
13002
13005
13008
13011
13011
13017
13017
13017
13020
13020
13023
13026
13029
13038
13038
13041
13041
13044
13044
13047
13047
13047
13050
13050
13059
13059
13065
13065
13068
13074
13074
13074
13083
13083
13092
13095
13095
13098
13101
13104
13107
13107
13110
13110
13110
13116
13125
13137
13137
13149
13155
13161
13164
13167
13167
13170
13170
13173
13179
13185
13188
13194
13200
13203
13203
13209
13209
13209
13215
13218
13227
13227
13230
13230
13236
13236
13236
13245
13245
13248
13248
13251
13254
13257
13263
13263
13263
13266
13266
13275
13278
13278
13281
13284
13284
13284
13284
13284
13290
13299
13299
13305
13305
13305
13311
13314
13317
13317
13320
13323
13326
13329
13329
13329
13332
13335
13338
13338
13341
13341
13344
13353
13353
13353
13353
13362
13365
13365
13374
13383
13383
13386
13386
13389
13395
13395
13395
13395
13401
13404
13407
13410
13413
13413
13413
13416
13428
13428
13431
13437
13443
13443
13443
13452
13455
13455
13455
13458
13461
13464
13470
13473
13476
13476
13476
13476
13482
13485
13485
13491
13491
13497
13500
13500
13503
13509
13509
13518
13521
13521
13527
13533
13539
13551
13554
13554
13557
13557
13566
13569
13569
13572
13572
13572
13575
13578
13578
13584
13584
13584
13587
13587
13587
13593
13596
13599
13605
13608
13611
13611
13614
13614
13614
13620
13620
13626
13629
13632
13635
13641
13644
13653
13653
13656
13656
13662
13662
13665
13668
13677
13677
13680
13680
13683
13683
13686
13686
13689
13689
13692
13695
13698
13701
13701
13707
13707
13710
13713
13719
13722
13728
13728
13740
13743
13746
13749
13749
13752
13758
13758
13761
13767
13767
13767
13773
13773
13779
13779
13785
13797
13800
13806
13809
13812
13812
13827
13830
13839
13839
13839
13842
13851
13854
13857
13857
13869
13875
13878
13878
13884
13893
13893
13899
13899
13902
13902
13905
13905
13908
13914
13917
13917
13917
13920
13923
13923
13929
13929
13932
13938
13947
13950
13950
13953
13959
13968
13971
13980
13980
13980
13986
13989
13992
13992
14001
14004
14016
14016
14016
14019
14019
14019
14022
14025
14028
14028
14031
14031
14040
14040
14040
14040
14043
14046
14049
14049
14049
14049
14049
14052
14052
14055
14055
14067
14070
14079
14079
14085
14088
14091
14091
14103
14106
14109
14124
14124
14130
14136
14139
14148
14154
14154
14154
14157
14157
14163
14163
14166
14169
14175
14184
14187
14187
14187
14190
14190
14196
14205
14205
14217
14223
14232
14238
14241
14256
14259
14262
14265
14265
14268
14274
14277
14277
14277
14277
14286
14286
14286
14289
14292
14295
14307
14313
14316
14316
14322
14331
14331
14331
14337
14337
14340
14340
14343
14346
14358
14364
14367
14367
14370
14373
14373
14379
14382
14382
14385
14391
14391
14400
14403
14406
14406
14406
14415
14421
14421
14427
14430
14433
14433
14436
14436
14439
14439
14442
14442
14445
14445
14454
14454
14454
14457
14457
14457
14463
14466
14475
14478
14478
14478
14484
14487
14487
14490
14493
14493
14493
14496
14499
14499
14499
14505
14505
14514
14517
14520
14523
14532
14541
14541
14544
14544
14547
14550
14553
14556
14559
14559
14562
14568
14571
14577
14577
14583
14583
14586
14586
14589
14595
14616
14616
14619
14622
14625
14625
14628
14631
14634
14634
14646
14646
14649
14649
14652
14652
14655
14661
14661
14664
14667
14676
14679
14679
14685
14688
14688
14697
14703
14703
14706
14706
14712
14712
14712
14718
14724
14724
14727
14733
14733
14736
14739
14742
14745
14748
14751
14751
14754
14754
14757
14757
14781
14790
14793
14796
14796
14799
14802
14811
14811
14814
14817
14817
14826
14832
14832
14832
14835
14835
14838
14838
14838
14841
14847
14847
14847
14847
14850
14853
14862
14865
14868
14868
14868
14874
14874
14874
14880
14886
14889
14898
14901
14901
14904
14907
14907
14907
14907
14910
14916
14916
14916
14922
14928
14928
14928
14931
14934
14943
14946
14946
14952
14955
14958
14958
14958
14961
14976
14982
14985
14988
14988
14997
14997
