6000
0
0
3
3
6
9
9
12
24
24
24
27
30
33
33
33
36
42
51
54
54
69
78
87
87
90
90
96
102
102
105
108
108
111
114
117
120
126
126
126
129
138
138
147
150
153
159
159
165
165
165
168
171
171
174
180
183
186
189
198
198
201
201
201
207
207
210
210
210
213
213
213
213
213
216
219
222
225
225
225
231
234
243
246
246
246
258
261
264
273
273
273
276
276
282
285
288
288
294
294
303
312
318
321
321
321
327
327
330
330
342
345
363
363
366
366
372
381
381
381
384
390
393
393
393
396
399
402
417
420
423
426
426
426
429
435
441
447
447
447
447
450
453
453
453
462
465
465
471
471
471
474
474
474
474
477
480
483
489
492
492
498
504
504
504
510
516
516
534
534
537
537
540
540
543
558
558
561
567
567
570
573
579
582
582
585
588
588
588
591
600
606
606
606
606
609
618
621
627
630
630
633
636
639
645
645
645
654
660
663
666
669
672
672
675
675
678
678
681
684
684
684
684
687
693
702
702
702
702
705
708
714
717
720
726
726
729
732
732
741
744
747
750
750
750
750
753
756
759
762
768
768
771
771
780
780
780
780
786
789
792
792
801
804
807
810
813
813
813
816
828
831
837
837
840
840
846
846
849
852
855
861
867
870
876
882
885
888
888
891
894
897
906
912
915
915
918
921
924
927
930
930
936
945
948
948
951
951
957
957
960
966
969
969
969
972
975
978
978
981
984
987
993
1005
1008
1008
1011
1011
1014
1017
1020
1020
1020
1020
1023
1026
1026
1041
1041
1041
1041
1041
1044
1047
1050
1050
1056
1056
1059
1062
1065
1074
1074
1074
1080
1086
1089
1092
1092
1095
1095
1098
1101
1104
1104
1110
1125
1131
1131
1131
1137
1143
1149
1155
1158
1161
1161
1173
1176
1179
1182
1182
1188
1191
1194
1197
1197
1203
1206
1209
1212
1224
1227
1230
1233
1236
1236
1239
1242
1245
1251
1251
1251
1251
1263
1269
1272
1272
1275
1278
1281
1284
1284
1284
1287
1293
1296
1305
1311
1311
1311
1314
1317
1317
1320
1320
1329
1332
1335
1335
1335
1338
1341
1341
1344
1344
1350
1353
1353
1359
1362
1365
1371
1374
1374
1383
1383
1383
1386
1389
1392
1395
1395
1398
1401
1404
1410
1413
1413
1413
1419
1422
1434
1440
1440
1443
1443
1452
1455
1458
1458
1461
1464
1473
1473
1473
1476
1476
1479
1485
1491
1494
1494
1497
1500
1500
1500
1503
1506
1509
1512
1512
1515
1515
1518
1518
1518
1524
1527
1527
1539
1548
1560
1566
1566
1569
1572
1572
1578
1584
1587
1590
1590
1590
1596
1602
1605
1608
1611
1614
1617
1620
1620
1620
1620
1629
1632
1635
1641
1647
1647
1650
1653
1662
1662
1665
1668
1674
1677
1680
1689
1689
1692
1701
1701
1707
1707
1722
1722
1728
1731
1737
1740
1743
1746
1752
1752
1755
1755
1755
1758
1761
1761
1767
1767
1767
1767
1770
1770
1773
1776
1782
1785
1785
1788
1800
1809
1812
1812
1812
1815
1818
1821
1821
1821
1830
1833
1839
1839
1842
1851
1851
1857
1857
1860
1860
1860
1860
1863
1866
1869
1878
1881
1881
1890
1893
1902
1905
1905
1908
1908
1917
1920
1923
1923
1926
1932
1935
1938
1941
1941
1941
1947
1950
1950
1953
1956
1956
1956
1968
1971
1971
1971
1974
1980
1992
2001
2004
2007
2007
2013
2019
2028
2031
2031
2037
2040
2040
2043
2043
2049
2049
2055
2055
2055
2058
2061
2064
2064
2070
2085
2088
2088
2091
2097
2103
2106
2112
2112
2127
2127
2130
2133
2133
2133
2133
2139
2151
2154
2160
2160
2160
2163
2166
2169
2172
2175
2175
2178
2178
2178
2184
2184
2187
2193
2196
2196
2199
2202
2202
2205
2208
2211
2211
2211
2214
2217
2223
2226
2229
2241
2244
2253
2259
2271
2271
2274
2274
2280
2283
2283
2286
2286
2286
2286
2286
2289
2289
2289
2292
2298
2304
2307
2307
2310
2310
2319
2319
2322
2322
2328
2331
2331
2331
2331
2340
2340
2340
2340
2343
2346
2346
2349
2352
2352
2355
2361
2364
2364
2364
2367
2370
2370
2370
2373
2373
2382
2382
2385
2394
2397
2397
2397
2400
2403
2406
2406
2409
2409
2409
2415
2418
2418
2436
2442
2442
2442
2445
2445
2445
2451
2457
2457
2463
2463
2469
2475
2475
2475
2475
2478
2478
2478
2481
2481
2484
2487
2490
2493
2493
2499
2499
2499
2505
2505
2505
2511
2514
2517
2526
2529
2532
2535
2535
2538
2541
2541
2544
2544
2547
2550
2550
2553
2559
2559
2568
2568
2580
2589
2592
2592
2595
2595
2595
2598
2598
2604
2604
2607
2616
2616
2616
2619
2619
2622
2625
2628
2628
2628
2628
2631
2634
2640
2640
2652
2658
2661
2676
2676
2679
2682
2682
2682
2688
2688
2691
2691
2694
2697
2703
2703
2706
2706
2706
2706
2712
2712
2718
2724
2724
2733
2733
2736
2739
2748
2748
2754
2754
2760
2763
2772
2772
2772
2775
2778
2781
2784
2793
2793
2793
2796
2796
2796
2799
2814
2814
2817
2829
2832
2835
2838
2841
2841
2847
2847
2856
2856
2868
2871
2871
2874
2877
2877
2877
2892
2895
2895
2898
2898
2901
2901
2904
2910
2913
2916
2919
2925
2925
2925
2925
2928
2931
2931
2931
2934
2937
2940
2940
2946
2946
2946
2949
2952
2952
2958
2958
2961
2961
2961
2964
2967
2976
2976
2979
2985
2988
2988
2997
2997
3000
3003
3012
3021
3024
3027
3027
3030
3033
3033
3036
3036
3042
3042
3048
3048
3048
3051
3051
3051
3054
3054
3057
3063
3063
3063
3066
3066
3072
3081
3081
3093
3096
3099
3102
3105
3105
3111
3111
3120
3123
3129
3138
3141
3147
3150
3159
3159
3159
3165
3165
3165
3168
3171
3171
3174
3180
3186
3189
3189
3192
3198
3207
3210
3213
3219
3222
3222
3222
3234
3237
3237
3240
3240
3243
3243
3258
3261
3261
3261
3264
3264
3264
3270
3270
3270
3276
3282
3282
3285
3288
3288
3291
3294
3306
3309
3318
3321
3321
3324
3324
3327
3330
3333
3336
3342
3342
3351
3351
3354
3354
3357
3366
3369
3369
3369
3369
3372
3372
3372
3375
3375
3375
3378
3378
3381
3381
3384
3384
3384
3387
3393
3402
3402
3402
3405
3405
3408
3408
3411
3411
3414
3420
3429
3429
3435
3438
3438
3444
3447
3447
3447
3447
3453
3459
3471
3471
3471
3477
3480
3480
3483
3495
3495
3498
3507
3513
3513
3516
3519
3522
3522
3534
3537
3540
3543
3543
3543
3549
3549
3558
3558
3561
3564
3567
3567
3567
3570
3570
3573
3573
3573
3576
3576
3579
3579
3585
3588
3588
3591
3594
3594
3594
3594
3594
3600
3606
3606
3606
3609
3612
3612
3615
3615
3618
3624
3627
3627
3633
3639
3648
3651
3654
3657
3660
3663
3666
3669
3669
3675
3684
3684
3687
3687
3690
3702
3705
3711
3714
3714
3732
3732
3735
3735
3738
3738
3738
3741
3741
3747
3747
3747
3765
3765
3765
3780
3780
3792
3792
3795
3801
3804
3810
3816
3825
3831
3840
3843
3843
3843
3843
3849
3861
3861
3861
3867
3867
3870
3873
3873
3876
3882
3882
3882
3894
3909
3912
3915
3915
3918
3924
3924
3927
3939
3942
3945
3948
3948
3948
3951
3951
3954
3957
3960
3960
3963
3963
3969
3972
3975
3975
3975
3978
3978
3981
3984
3987
3987
3987
3990
3990
3996
3996
3999
4002
4005
4008
4008
4011
4014
4014
4017
4017
4017
4020
4026
4029
4029
4038
4041
4044
4044
4044
4047
4047
4050
4050
4053
4062
4065
4071
4074
4083
4083
4083
4089
4092
4095
4095
4101
4101
4104
4104
4104
4107
4125
4128
4134
4143
4143
4146
4146
4146
4155
4167
4167
4170
4170
4173
4176
4179
4182
4182
4185
4188
4188
4194
4194
4203
4209
4224
4224
4227
4227
4230
4233
4236
4236
4236
4236
4239
4239
4242
4245
4245
4251
4251
4263
4269
4269
4269
4275
4275
4278
4284
4284
4287
4287
4293
4296
4299
4299
4311
4314
4317
4317
4320
4320
4320
4323
4323
4323
4326
4329
4332
4332
4332
4335
4335
4338
4338
4341
4347
4347
4353
4353
4353
4353
4353
4359
4359
4365
4368
4371
4374
4374
4377
4377
4386
4386
4392
4392
4395
4395
4404
4407
4410
4422
4425
4425
4428
4431
4437
4437
4440
4446
4449
4449
4452
4452
4452
4455
4467
4470
4473
4473
4476
4476
4476
4482
4485
4491
4491
4494
4497
4497
4497
4500
4500
4506
4509
4509
4509
4512
4512
4515
4521
4521
4524
4524
4524
4527
4530
4536
4539
4545
4545
4548
4548
4554
4554
4554
4560
4560
4566
4569
4584
4584
4587
4590
4590
4590
4596
4599
4599
4602
4602
4605
4617
4620
4620
4626
4626
4632
4635
4638
4650
4653
4653
4662
4662
4665
4668
4674
4677
4677
4677
4677
4680
4680
4689
4689
4692
4695
4701
4701
4701
4704
4704
4713
4722
4722
4725
4728
4734
4749
4752
4752
4761
4761
4767
4767
4770
4770
4773
4773
4779
4782
4785
4788
4806
4809
4812
4815
4818
4827
4830
4830
4830
4833
4833
4833
4839
4842
4848
4866
4866
4872
4875
4875
4878
4878
4884
4890
4890
4893
4893
4899
4899
4899
4902
4902
4911
4911
4914
4914
4914
4914
4914
4917
4917
4920
4920
4920
4929
4929
4929
4935
4941
4947
4956
4962
4971
4974
4974
4977
4977
4980
4980
4980
4980
4986
4992
4998
5001
5001
5001
5004
5004
5007
5007
5016
5019
5019
5019
5025
5028
5028
5031
5037
5043
5046
5049
5049
5049
5055
5058
5067
5070
5070
5076
5088
5097
5100
5106
5109
5112
5121
5124
5124
5127
5130
5130
5130
5130
5145
5148
5148
5154
5169
5169
5172
5175
5178
5181
5187
5205
5205
5208
5208
5208
5208
5214
5217
5220
5220
5223
5226
5229
5229
5229
5232
5232
5235
5238
5238
5253
5256
5256
5259
5259
5259
5268
5271
5277
5277
5280
5280
5280
5286
5289
5292
5295
5298
5301
5304
5304
5307
5310
5319
5319
5322
5322
5325
5328
5328
5328
5328
5331
5334
5349
5352
5355
5358
5358
5364
5367
5373
5376
5379
5388
5388
5397
5403
5403
5406
5409
5412
5415
5415
5415
5418
5421
5421
5430
5433
5433
5436
5436
5439
5442
5442
5451
5454
5454
5460
5463
5478
5481
5484
5487
5487
5496
5499
5505
5511
5514
5523
5526
5526
5529
5535
5541
5541
5547
5547
5550
5553
5553
5559
5562
5565
5568
5568
5568
5568
5571
5574
5577
5583
5583
5586
5589
5601
5604
5610
5613
5613
5616
5616
5619
5619
5625
5625
5625
5625
5628
5631
5631
5631
5634
5634
5634
5637
5637
5637
5637
5637
5640
5643
5643
5649
5652
5652
5655
5655
5658
5658
5664
5664
5667
5670
5676
5694
5694
5694
5697
5706
5706
5709
5712
5715
5721
5724
5730
5733
5739
5739
5742
5745
5748
5751
5751
5751
5754
5757
5760
5763
5769
5772
5775
5781
5781
5784
5787
5790
5793
5796
5796
5799
5802
5802
5802
5808
5811
5814
5814
5817
5817
5817
5820
5823
5823
5823
5829
5835
5838
5838
5844
5847
5850
5850
5850
5865
5868
5871
5871
5874
5874
5874
5877
5886
5898
5901
5907
5907
5907
5913
5916
5919
5925
5925
5928
5928
5934
5934
5934
5937
5937
5937
5943
5943
5946
5946
5958
5958
5958
5958
5964
5964
5964
5967
5967
5970
5973
5973
5976
5976
5979
5982
5985
5988
5988
5988
5988
5994
5994
5997
5997
6000
6000
6009
6009
6009
6012
6015
6024
6027
6030
6030
6033
6042
6051
6054
6054
6057
6060
6063
6066
6069
6069
6072
6075
6087
6090
6090
6090
6093
6093
6096
6096
6102
6105
6108
6114
6114
6114
6114
6117
6126
6126
6129
6132
6135
6138
6144
6147
6147
6150
6150
6150
6156
6156
6159
6159
6165
6168
6171
6171
6171
6174
6177
6177
6180
6180
6183
6183
6186
6192
6192
6195
6198
6201
6207
6207
6210
6213
6216
6219
6222
6222
6222
6225
6228
6234
6243
6246
6249
6252
6252
6258
6261
6261
6264
6264
6267
6270
6282
6282
6282
6285
6285
6291
6294
6294
6297
6300
6303
6309
6312
6315
6321
6321
6324
6327
6327
6330
6333
6333
6333
6336
6336
6342
6342
6348
6348
6354
6354
6360
6363
6369
6372
6372
6372
6381
6381
6384
6384
6387
6387
6387
6390
6390
6393
6393
6396
6396
6399
6405
6408
6408
6411
6417
6417
6420
6420
6423
6423
6432
6435
6435
6438
6438
6441
6444
6450
6450
6453
6456
6459
6462
6462
6468
6468
6468
6477
6477
6480
6489
6492
6495
6498
6501
6504
6513
6516
6522
6525
6528
6537
6540
6543
6546
6546
6549
6549
6555
6558
6561
6561
6567
6570
6570
6576
6579
6588
6591
6591
6594
6597
6603
6606
6609
6612
6615
6627
6630
6633
6642
6648
6648
6651
6654
6657
6663
6672
6675
6675
6678
6681
6681
6684
6684
6687
6687
6690
6693
6696
6696
6702
6705
6708
6708
6711
6711
6714
6714
6720
6723
6726
6726
6732
6735
6735
6741
6747
6753
6759
6762
6762
6762
6765
6765
6765
6768
6777
6777
6777
6780
6780
6780
6780
6780
6783
6789
6789
6789
6792
6792
6792
6807
6810
6810
6810
6813
6816
6816
6819
6825
6825
6831
6834
6837
6840
6840
6846
6852
6855
6855
6855
6858
6861
6867
6867
6867
6867
6870
6870
6870
6870
6876
6876
6879
6882
6885
6888
6888
6888
6891
6894
6897
6900
6900
6900
6906
6909
6912
6915
6915
6918
6930
6930
6930
6933
6933
6936
6936
6939
6945
6945
6945
6945
6951
6957
6969
6969
6972
6972
6978
6984
6984
6984
6990
6993
7002
7002
7005
7005
7005
7005
7008
7008
7011
7014
7014
7017
7017
7023
7026
7035
7038
7038
7041
7044
7044
7047
7050
7050
7050
7053
7059
7059
7059
7059
7065
7065
7068
7074
7086
7092
7092
7095
7098
7101
7110
7110
7113
7113
7119
7128
7128
7128
7140
7143
7146
7149
7152
7155
7158
7158
7158
7161
7161
7161
7164
7164
7170
7176
7176
7176
7179
7182
7182
7185
7188
7188
7197
7197
7197
7203
7203
7209
7212
7212
7218
7221
7224
7227
7227
7230
7236
7239
7242
7245
7248
7248
7251
7251
7254
7254
7260
7263
7263
7263
7266
7266
7266
7275
7278
7281
7281
7284
7284
7287
7287
7290
7293
7296
7296
7305
7305
7305
7311
7317
7320
7320
7320
7323
7323
7329
7332
7338
7338
7341
7341
7341
7341
7344
7347
7347
7350
7350
7362
7368
7368
7371
7377
7380
7380
7383
7389
7392
7395
7398
7398
7404
7407
7410
7413
7413
7419
7422
7425
7431
7434
7434
7443
7443
7455
7461
7464
7467
7473
7479
7482
7485
7485
7488
7488
7488
7494
7497
7497
7500
7512
7512
7515
7518
7518
7521
7524
7530
7536
7536
7539
7542
7545
7545
7566
7569
7569
7572
7575
7575
7575
7578
7578
7584
7584
7584
7587
7599
7599
7602
7611
7614
7614
7614
7623
7623
7626
7629
7635
7638
7644
7644
7653
7653
7656
7659
7659
7659
7665
7671
7671
7671
7680
7680
7683
7698
7698
7698
7698
7701
7701
7704
7707
7707
7710
7716
7719
7728
7731
7737
7740
7743
7746
7749
7752
7752
7755
7755
7758
7758
7761
7764
7767
7767
7770
7776
7779
7779
7782
7785
7785
7788
7788
7797
7797
7800
7803
7806
7806
7806
7809
7812
7812
7815
7818
7818
7821
7824
7836
7839
7839
7839
7845
7848
7848
7851
7854
7857
7857
7860
7860
7863
7869
7869
7872
7878
7878
7884
7884
7884
7884
7887
7893
7893
7893
7896
7899
7902
7902
7905
7905
7911
7914
7917
7917
7920
7923
7929
7932
7938
7941
7947
7947
7947
7950
7950
7950
7953
7953
7959
7962
7962
7965
7968
7977
7980
7980
7980
7983
7983
7983
7986
7989
7992
7992
7998
8001
8001
8016
8016
8022
8025
8025
8028
8037
8040
8043
8046
8046
8046
8049
8049
8052
8055
8061
8061
8064
8067
8070
8073
8076
8079
8079
8088
8091
8091
8094
8097
8100
8100
8100
8100
8103
8103
8106
8112
8112
8115
8121
8121
8121
8121
8124
8127
8127
8127
8130
8136
8142
8145
8145
8151
8151
8154
8157
8163
8163
8163
8166
8169
8172
8178
8196
8196
8199
8199
8202
8205
8211
8214
8220
8226
8229
8229
8238
8253
8253
8253
8256
8256
8256
8268
8271
8271
8271
8277
8280
8280
8280
8286
8289
8289
8289
8292
8295
8298
8298
8298
8304
8304
8304
8304
8304
8313
8316
8316
8319
8325
8325
8328
8331
8331
8337
8340
8340
8340
8352
8352
8358
8364
8364
8370
8373
8382
8391
8397
8397
8400
8400
8403
8403
8406
8412
8415
8418
8424
8424
8430
8436
8436
8439
8439
8448
8448
8454
8454
8457
8457
8457
8463
8466
8469
8472
8475
8478
8487
8487
8487
8490
8490
8493
8499
8505
8505
8511
8514
8517
8517
8520
8529
8532
8538
8541
8547
8550
8550
8553
8556
8559
8559
8559
8562
8571
8574
8577
8580
8580
8583
8583
8589
8589
8595
8595
8601
8604
8604
8607
8610
8613
8613
8613
8616
8616
8616
8619
8625
8634
8634
8637
8643
8646
8646
8646
8649
8655
8658
8658
8661
8661
8661
8679
8679
8682
8688
8688
8688
8691
8694
8694
8694
8703
8703
8706
8712
8724
8724
8724
8727
8727
8733
8733
8742
8742
8742
8745
8751
8754
8754
8757
8757
8763
8763
8772
8772
8775
8775
8775
8778
8781
8787
8790
8793
8799
8811
8814
8817
8820
8823
8823
8826
8826
8829
8829
8832
8835
8835
8835
8838
8838
8838
8838
8841
8841
8841
8844
8847
8847
8853
8853
8856
8859
8862
8862
8862
8868
8868
8868
8871
8874
8877
8877
8877
8886
8889
8892
8901
8901
8904
8907
8916
8919
8922
8922
8925
8928
8928
8928
8931
8931
8931
8940
8943
8949
8949
8952
8952
8955
8961
8961
8967
8967
8970
8973
8976
8979
8982
8982
8985
8985
8988
8988
8991
8997
9006
9006
9006
9012
9015
9015
9018
9021
9024
9024
9027
9030
9036
9045
9045
9048
9051
9054
9054
9063
9063
9063
9066
9066
9069
9069
9069
9069
9078
9078
9081
9084
9084
9093
9096
9099
9108
9114
9114
9123
9123
9126
9126
9126
9126
9129
9129
9129
9138
9144
9153
9153
9153
9153
9156
9162
9162
9165
9168
9171
9171
9171
9174
9180
9180
9186
9189
9189
9204
9207
9207
9207
9216
9216
9219
9225
9234
9234
9240
9243
9246
9249
9249
9249
9249
9252
9255
9258
9264
9267
9270
9270
9273
9273
9276
9279
9279
9282
9300
9300
9303
9327
9327
9333
9336
9342
9345
9351
9360
9366
9375
9378
9378
9381
9381
9387
9393
9396
9402
9405
9405
9417
9420
9420
9420
9423
9423
9426
9426
9426
9432
9441
9441
9444
9444
9450
9450
9453
9456
9459
9459
9459
9462
9462
9462
9465
9471
9471
9477
9477
9483
9483
9486
9489
9495
9507
9510
9510
9513
9513
9516
9516
9516
9516
9519
9522
9528
9531
9531
9531
9549
9555
9555
9555
9558
9564
9567
9570
9570
9576
9579
9579
9579
9582
9585
9585
9588
9588
9597
9597
9597
9600
9603
9606
9606
9612
9612
9615
9615
9615
9615
9615
9615
9618
9639
9645
9648
9651
9654
9660
9660
9660
9666
9669
9669
9675
9675
9678
9678
9681
9693
9693
9696
9699
9699
9708
9708
9708
9708
9714
9714
9714
9720
9723
9723
9723
9726
9738
9741
9750
9750
9759
9765
9768
9771
9771
9771
9774
9777
9777
9780
9780
9795
9807
9807
9819
9825
9828
9828
9831
9837
9840
9843
9843
9846
9852
9858
9858
9861
9861
9864
9864
9870
9870
9870
9873
9876
9876
9879
9882
9882
9885
9885
9897
9900
9900
9900
9903
9906
9906
9906
9909
9909
9909
9912
9912
9912
9915
9915
9918
9921
9924
9924
9930
9933
9939
9942
9945
9945
9945
9945
9945
9948
9948
9954
9957
9960
9960
9963
9972
9975
9975
9978
9978
9981
9984
9984
9987
9987
9987
9990
9996
9999
10002
10002
10014
10017
10020
10032
10056
10059
10059
10059
10062
10062
10071
10074
10080
10083
10089
10089
10095
10098
10098
10101
10101
10104
10104
10107
10110
10110
10110
10110
10113
10113
10116
10119
10125
10125
10125
10131
10134
10143
10158
10161
10167
10173
10173
10179
10179
10182
10185
10191
10197
10206
10209
10209
10212
10215
10221
10221
10227
10227
10236
10236
10239
10242
10248
10251
10254
10254
10257
10260
10263
10266
10266
10272
10278
10278
10284
10284
10284
10290
10296
10299
10302
10302
10305
10305
10308
10308
10311
10323
10326
10338
10341
10344
10344
10350
10350
10353
10353
10356
10371
10374
10374
10377
10389
10392
10395
10401
10401
10401
10410
10416
10422
10443
10443
10446
10449
10449
10458
10458
10458
10458
10461
10461
10467
10470
10473
10479
10482
10482
10485
10491
10491
10491
10503
10503
10503
10509
10509
10518
10518
10521
10521
10527
10530
10530
10533
10533
10536
10542
10551
10554
10557
10557
10560
10563
10563
10566
10566
10569
10572
10572
10575
10578
10578
10584
10584
10584
10584
10584
10587
10590
10593
10599
10599
10599
10602
10605
10608
10608
10611
10614
10614
10614
10614
10617
10617
10620
10623
10623
10626
10626
10626
10632
10632
10635
10638
10644
10644
10650
10656
10659
10662
10668
10674
10677
10686
10686
10689
10695
10695
10695
10695
10698
10698
10698
10701
10701
10704
10704
10707
10710
10713
10716
10719
10725
10734
10746
10746
10749
10749
10758
10758
10761
10767
10770
10770
10773
10773
10773
10773
10779
10779
10779
10791
10791
10794
10794
10800
10800
10803
10803
10809
10809
10809
10815
10815
10824
10836
10842
10842
10845
10848
10848
10851
10860
10860
10863
10866
10866
10875
10875
10878
10887
10890
10890
10890
10893
10893
10899
10899
10917
10917
10920
10923
10923
10935
10935
10941
10944
10953
10965
10965
10971
10971
10977
10983
10983
10983
10983
10986
10986
10986
10986
10995
10998
11007
11007
11007
11025
11025
11028
11031
11031
11031
11031
11043
11043
11046
11049
11055
11055
11061
11064
11067
11070
11070
11076
11082
11082
11082
11085
11091
11094
11097
11100
11100
11103
11109
11109
11115
11118
11118
11124
11127
11130
11130
11154
11160
11163
11166
11166
11169
11178
11178
11181
11181
11184
11187
11187
11187
11196
11199
11205
11205
11205
11208
11211
11214
11217
11220
11226
11226
11229
11229
11229
11232
11235
11235
11238
11238
11244
11244
11247
11247
11247
11250
11253
11253
11256
11265
11265
11265
11268
11271
11277
11280
11283
11283
11289
11289
11289
11292
11292
11292
11292
11295
11295
11310
11313
11316
11316
11322
11325
11328
11328
11328
11331
11331
11337
11337
11343
11346
11349
11349
11358
11361
11361
11364
11367
11367
11367
11376
11379
11379
11382
11382
11385
11391
11391
11391
11391
11400
11406
11406
11409
11412
11412
11415
11418
11427
11430
11433
11439
11439
11445
11445
11454
11454
11454
11457
11460
11460
11460
11472
11475
11478
11484
11484
11484
11493
11493
11496
11496
11502
11502
11502
11505
11517
11520
11523
11523
11532
11532
11538
11541
11541
11544
11544
11547
11550
11553
11556
11562
11568
11571
11580
11583
11607
11607
11619
11619
11628
11628
11631
11634
11634
11640
11646
11649
11652
11652
11655
11658
11658
11664
11667
11673
11679
11682
11685
11685
11685
11697
11703
11712
11712
11715
11715
11718
11721
11724
11727
11727
11736
11742
11742
11751
11751
11760
11763
11763
11763
11769
11769
11772
11772
11778
11781
11781
11787
11787
11793
11796
11802
11805
11805
11808
11811
11820
11823
11823
11826
11829
11832
11835
11844
11844
11847
11850
11859
11862
11865
11865
11868
11868
11868
11880
11883
11892
11892
11892
11904
11904
11907
11913
11913
11916
11916
11922
11937
11937
11943
11946
11949
11949
11949
11949
11952
11952
11958
11958
11961
11964
11967
11967
11970
11970
11973
11973
11982
11982
11982
11994
11994
12003
12021
12024
12027
12027
12030
12030
12036
12036
12036
12039
12042
12045
12051
12054
12057
12057
12057
12063
12066
12069
12069
12075
12078
12078
12081
12081
12084
12087
12090
12096
12102
12111
12111
12111
12111
12117
12117
12120
12126
12126
12126
12129
12138
12141
12147
12150
12150
12153
12156
12159
12159
12165
12168
12174
12186
12189
12198
12201
12207
12207
12207
12210
12216
12216
12216
12219
12231
12234
12240
12243
12243
12243
12246
12249
12249
12249
12255
12267
12267
12270
12270
12273
12276
12279
12282
12285
12288
12291
12291
12294
12300
12300
12303
12303
12312
12312
12315
12321
12321
12327
12327
12330
12333
12336
12336
12339
12348
12348
12348
12351
12351
12354
12354
12360
12366
12369
12369
12369
12372
12372
12372
12375
12375
12378
12381
12381
12384
12387
12387
12390
12393
12393
12402
12408
12414
12414
12417
12420
12423
12426
12429
12438
12438
12441
12447
12447
12453
12453
12456
12462
12465
12471
12471
12474
12477
12477
12480
12483
12486
12495
12501
12501
12504
12507
12507
12507
12507
12516
12516
12519
12519
12519
12522
12525
12528
12528
12531
12531
12543
12543
12543
12549
12552
12552
12558
12558
12561
12567
12570
12570
12573
12576
12576
12582
12588
12591
12591
12600
12618
12618
12621
12621
12630
12630
12633
12636
12636
12636
12639
12639
12645
12645
12645
12645
12648
12648
12654
12654
12660
12669
12669
12672
12672
12675
12678
12681
12687
12690
12690
12693
12696
12702
12702
12705
12717
12720
12723
12726
12738
12753
12753
12756
12759
12762
12762
12762
12765
12771
12771
12774
12774
12774
12777
12783
12783
12786
12789
12789
12792
12798
12801
12801
12807
12810
12810
12816
12816
12822
12822
12828
12828
12828
12837
12840
12846
12849
12858
12858
12858
12858
12864
12867
12867
12870
12873
12876
12876
12876
12879
12885
12885
12888
12888
12888
12891
12891
12894
12894
12894
12900
12909
12909
12909
12909
12912
12912
12915
12921
12924
12927
12939
12939
12939
12942
12951
12951
12957
12957
12960
12966
12969
12972
12975
12978
12981
12981
12981
12981
12984
12987
12990
12996
13002
13005
13011
13011
13011
13017
13017
13023
13023
13026
13026
13029
13038
13038
13038
13041
13047
13047
13050
13056
13059
13059
13065
13068
13074
13080
13080
13083
13089
13092
13092
13098
13104
13104
13104
13107
13110
13113
13119
13122
13125
13128
13128
13134
13137
13137
13140
13140
13143
13143
13146
13146
13146
13158
13158
13164
13167
13170
13173
13179
13182
13188
13194
13194
13197
13197
13200
13200
13203
13209
13209
13209
13212
13224
13230
13233
13233
13242
13245
13251
13251
13254
13254
13266
13272
13275
13275
13278
13281
13284
13284
13284
13284
13287
13287
13287
13290
13293
13293
13293
13299
13299
13299
13305
13305
13308
13311
13314
13317
13320
13320
13326
13326
13329
13329
13332
13338
13338
13338
13341
13344
13347
13350
13353
13368
13380
13383
13386
13386
13389
13389
13395
13398
13398
13398
13401
13401
13404
13407
13407
13410
13416
13416
13416
13419
13419
13422
13425
13428
13440
13440
13446
13449
13449
13449
13452
13452
13452
13455
13458
13461
13461
13461
13464
13464
13464
13470
13470
13473
13476
13476
13476
13479
13479
13479
13482
13485
13488
13488
13488
13491
13494
13494
13497
13497
13503
13509
13515
13518
13518
13521
13524
13524
13527
13530
13530
13533
13536
13536
13536
13536
13539
13542
13554
13554
13557
13560
13566
13569
13572
13575
13581
13581
13584
13584
13587
13590
13593
13593
13596
13596
13596
13605
13611
13611
13611
13614
13614
13614
13617
13617
13623
13626
13626
13629
13635
13635
13638
13641
13644
13647
13650
13653
13656
13662
13665
13665
13671
13671
13677
13683
13686
13689
13689
13689
13692
13692
13695
13701
13707
13707
13710
13710
13710
13713
13713
13713
13719
13719
13719
13719
13725
13737
13740
13743
13746
13746
13746
13749
13755
13755
13755
13755
13758
13758
13761
13770
13770
13773
13773
13776
13776
13779
13788
13788
13803
13806
13818
13827
13830
13839
13842
13842
13845
13848
13851
13854
13857
13857
13860
13863
13869
13872
13872
13875
13878
13878
13878
13881
13881
13881
13884
13884
13887
13890
13896
13896
13902
13908
13908
13917
13917
13923
13923
13926
13929
13929
13932
13932
13938
13938
13941
13941
13947
13956
13959
13962
13968
13968
13971
13971
13974
13974
13977
13980
13980
13983
13989
13995
14001
14007
14013
14013
14016
14019
14019
14019
14022
14025
14034
14040
14043
14043
14043
14052
14058
14061
14061
14067
14070
14076
14079
14085
14088
14091
14091
14094
14097
14097
14097
14103
14103
14106
14106
14109
14112
14121
14127
14127
14130
14130
14133
14136
14139
14145
14145
14154
14154
14154
14154
14157
14160
14169
14169
14169
14178
14181
14184
14184
14187
14193
14202
14205
14208
14208
14208
14223
14229
14232
14238
14238
14238
14244
14244
14259
14259
14262
14262
14262
14262
14262
14274
14274
14277
14289
14289
14298
14298
14307
14313
14322
14325
14325
14328
14331
14331
14331
14337
14340
14346
14352
14352
14352
14358
14367
14367
14367
14367
14370
14370
14373
14379
14382
14385
14385
14388
14391
14391
14391
14397
14397
14400
14400
14409
14412
14433
14433
14436
14439
14442
14442
14448
14448
14457
14460
14460
14463
14469
14472
14478
14484
14484
14487
14487
14490
14496
14499
14502
14505
14508
14508
14508
14511
14511
14511
14511
14520
14520
14526
14529
14535
14538
14541
14544
14550
14550
14556
14559
14562
14565
14568
14568
14568
14571
14571
14571
14571
14571
14574
14577
14580
14583
14583
14583
14586
14586
14586
14589
14595
14595
14601
14601
14604
14604
14610
14616
14616
14619
14619
14622
14628
14634
14634
14634
14637
14646
14649
14652
14658
14664
14664
14670
14676
14676
14679
14679
14694
14697
14700
14700
14706
14706
14706
14715
14718
14718
14721
14724
14724
14730
14733
14736
14745
14748
14748
14751
14754
14757
14763
14766
14769
14781
14781
14787
14787
14790
14790
14790
14790
14799
14802
14808
14808
14808
14817
14820
14823
14826
14826
14832
14832
14832
14838
14847
14847
14847
14850
14850
14853
14853
14856
14856
14862
14865
14868
14871
14871
14874
14874
14874
14874
14877
14877
14877
14880
14880
14880
14892
14895
14898
14898
14901
14901
14907
14907
14907
14907
14910
14916
14922
14928
14931
14934
14934
14934
14940
14940
14940
14943
14946
14949
14955
14958
14967
14970
14979
14982
14985
14988
14988
14988
14991
14991
15000
15006
15006
15006
15006
15009
15009
15012
15012
15015
15018
15021
15024
15027
15033
15039
15039
15045
15051
15054
15054
15057
15057
15063
15066
15069
15069
15078
15081
15081
15081
15096
15096
15108
15108
15108
15111
15111
15111
15114
15114
15117
15117
15129
15129
15132
15138
15138
15138
15156
15159
15159
15162
15162
15165
15165
15171
15174
15174
15174
15177
15177
15177
15186
15186
15189
15201
15207
15207
15207
15210
15219
15222
15234
15237
15237
15240
15240
15240
15243
15243
15246
15252
15252
15258
15264
15264
15267
15267
15273
15273
15282
15285
15285
15288
15291
15294
15300
15300
15303
15306
15312
15312
15315
15321
15321
15321
15327
15327
15333
15339
15345
15345
15345
15351
15360
15360
15366
15372
15384
15390
15390
15393
15393
15393
15399
15402
15408
15411
15411
15414
15414
15417
15420
15423
15426
15432
15435
15438
15441
15441
15447
15450
15450
15453
15459
15462
15462
15462
15462
15465
15465
15468
15468
15471
15483
15483
15486
15489
15489
15492
15492
15495
15498
15498
15501
15504
15504
15504
15510
15513
15513
15516
15519
15522
15531
15537
15537
15537
15543
15546
15549
15552
15552
15555
15555
15558
15561
15561
15561
15570
15570
15573
15573
15576
15576
15579
15585
15585
15594
15594
15603
15606
15609
15609
15615
15621
15621
15621
15630
15630
15633
15633
15633
15639
15642
15645
15645
15648
15648
15648
15654
15654
15657
15660
15663
15663
15666
15672
15672
15672
15672
15678
15681
15681
15681
15693
15696
15702
15705
15705
15708
15726
15729
15729
15732
15735
15741
15747
15750
15759
15759
15762
15762
15771
15771
15771
15774
15777
15777
15780
15780
15786
15795
15798
15801
15807
15807
15810
15810
15813
15813
15813
15822
15825
15834
15834
15837
15837
15840
15840
15843
15843
15849
15852
15861
15864
15870
15873
15873
15876
15879
15885
15885
15888
15888
15888
15891
15897
15897
15900
15903
15903
15909
15912
15912
15915
15921
15921
15921
15924
15924
15936
15942
15957
15960
15960
15963
15966
15969
15972
15975
15975
15975
15981
15981
15996
15999
16002
16002
16005
16008
16011
16017
16017
16017
16020
16020
16023
16029
16029
16032
16032
16038
16038
16041
16041
16044
16044
16047
16053
16053
16053
16056
16062
16062
16062
16065
16068
16068
16074
16074
16080
16080
16083
16083
16083
16086
16086
16089
16092
16092
16098
16098
16098
16101
16101
16107
16110
16116
16119
16119
16122
16122
16128
16131
16134
16137
16137
16137
16137
16140
16146
16149
16149
16155
16155
16155
16155
16158
16158
16164
16164
16164
16167
16170
16173
16182
16188
16188
16191
16191
16191
16191
16194
16194
16200
16200
16200
16203
16206
16209
16209
16209
16212
16212
16212
16215
16215
16221
16230
16239
16242
16245
16245
16245
16248
16254
16254
16257
16263
16263
16263
16266
16266
16266
16272
16278
16284
16284
16284
16284
16284
16287
16296
16299
16299
16299
16305
16317
16317
16329
16332
16335
16335
16335
16338
16344
16347
16353
16362
16362
16365
16365
16371
16374
16374
16374
16374
16380
16380
16383
16383
16386
16389
16395
16395
16398
16398
16401
16404
16404
16407
16407
16416
16416
16422
16422
16428
16428
16428
16434
16434
16440
16443
16446
16449
16449
16452
16452
16452
16452
16455
16455
16455
16455
16458
16458
16461
16461
16464
16464
16467
16470
16476
16479
16479
16482
16482
16485
16488
16494
16497
16500
16503
16506
16509
16518
16530
16533
16539
16542
16545
16545
16545
16545
16548
16554
16557
16557
16566
16569
16575
16578
16581
16587
16587
16587
16587
16593
16593
16596
16596
16599
16611
16611
16611
16614
16620
16620
16620
16620
16623
16623
16629
16638
16647
16647
16653
16662
16662
16665
16665
16668
16668
16671
16674
16674
16677
16680
16680
16683
16686
16689
16689
16692
16698
16701
16704
16707
16707
16713
16716
16728
16731
16737
16737
16740
16743
16743
16746
16758
16761
16764
16767
16767
16773
16773
16788
16794
16794
16803
16806
16812
16812
16815
16815
16818
16824
16824
16827
16827
16830
16839
16842
16851
16854
16854
16854
16857
16857
16863
16869
16872
16872
16878
16887
16890
16890
16893
16893
16896
16899
16899
16902
16902
16911
16914
16917
16920
16926
16926
16929
16932
16932
16932
16932
16935
16944
16953
16953
16956
16959
16959
16962
16962
16962
16965
16980
16983
16983
16986
16989
16992
16995
16998
17001
17001
17004
17007
17007
17016
17016
17016
17022
17022
17028
17031
17034
17037
17037
17037
17040
17040
17043
17046
17046
17046
17049
17052
17052
17055
17064
17070
17070
17073
17079
17079
17082
17082
17082
17082
17091
17094
17100
17112
17115
17115
17118
17124
17124
17130
17130
17136
17139
17142
17148
17151
17154
17157
17157
17160
17163
17163
17163
17175
17178
17181
17181
17187
17190
17190
17190
17193
17196
17196
17196
17202
17211
17214
17220
17220
17223
17223
17226
17229
17232
17235
17235
17235
17238
17238
17241
17250
17250
17256
17256
17256
17262
17262
17265
17268
17277
17277
17277
17277
17277
17283
17286
17286
17289
17292
17292
17292
17298
17304
17310
17310
17310
17313
17313
17316
17319
17319
17328
17328
17328
17340
17346
17352
17358
17358
17358
17358
17367
17370
17370
17370
17373
17379
17379
17382
17385
17388
17391
17391
17391
17397
17406
17415
17415
17421
17421
17424
17427
17427
17430
17433
17433
17433
17436
17436
17442
17448
17451
17457
17466
17469
17472
17475
17475
17475
17481
17481
17487
17487
17490
17496
17499
17508
17517
17520
17526
17529
17538
17541
17541
17544
17547
17550
17553
17556
17556
17559
17559
17571
17574
17574
17577
17577
17577
17580
17583
17586
17595
17595
17598
17604
17604
17604
17610
17619
17619
17625
17628
17631
17631
17634
17637
17646
17646
17646
17649
17652
17652
17652
17652
17652
17664
17667
17673
17676
17676
17676
17679
17682
17682
17685
17697
17697
17697
17700
17700
17706
17706
17712
17712
17721
17733
17742
17748
17748
17751
17751
17751
17754
17757
17772
17772
17775
17775
17778
17781
17781
17784
17790
17796
17799
17799
17811
17814
17817
17817
17820
17820
17826
17826
17832
17832
17838
17838
17841
17847
17847
17850
17853
17859
17859
17859
17862
17865
17865
17868
17874
17874
17874
17874
17877
17880
17880
17886
17889
17892
17901
17907
17910
17910
17910
17910
17910
17916
17916
17919
17925
17925
17931
17937
17943
17943
17943
17949
17952
17970
17970
17970
17970
17982
17985
17988
17991
