7000
0
3
6
9
21
24
27
27
30
33
33
42
42
45
51
54
54
54
54
54
60
63
63
66
69
75
75
78
81
81
81
81
87
93
96
96
105
108
111
111
111
111
117
126
126
126
129
135
138
138
147
150
153
153
159
159
162
165
165
165
168
171
177
180
186
186
195
198
204
207
207
207
213
213
216
216
219
222
222
222
231
231
234
240
243
246
246
249
249
252
252
261
264
264
264
267
270
270
270
270
273
276
282
282
285
294
315
318
321
327
327
327
330
333
336
336
339
354
357
360
360
366
366
372
372
375
378
378
381
381
381
381
384
384
384
387
390
390
393
393
399
408
411
420
420
420
423
423
426
426
426
429
435
435
435
438
438
441
447
447
447
453
453
456
459
462
462
462
471
471
471
471
477
477
480
483
489
489
492
495
498
501
504
507
507
507
513
516
516
516
519
534
540
546
549
549
549
552
552
555
558
558
558
561
561
564
567
567
573
579
579
588
588
591
594
597
600
603
606
606
615
615
615
618
633
639
645
645
654
654
654
657
663
669
672
672
675
678
678
681
681
684
684
684
693
702
702
702
708
711
714
714
726
726
729
732
735
738
738
741
744
747
747
747
750
750
765
771
771
774
777
777
780
780
780
780
783
792
792
792
795
795
798
810
810
813
813
822
825
825
825
825
825
828
831
831
834
837
846
849
852
855
858
861
867
870
876
876
882
885
888
894
900
900
900
906
909
930
930
930
939
939
942
945
945
951
954
963
963
966
966
969
972
972
978
981
981
981
984
990
990
1002
1005
1005
1008
1008
1008
1011
1014
1017
1017
1017
1017
1020
1023
1026
1041
1044
1044
1044
1047
1050
1056
1059
1062
1062
1065
1074
1074
1083
1086
1086
1089
1092
1092
1092
1095
1098
1098
1098
1101
1101
1107
1107
1110
1113
1119
1119
1125
1131
1134
1143
1146
1146
1146
1149
1149
1158
1161
1161
1170
1173
1173
1176
1179
1179
1182
1185
1197
1200
1203
1209
1209
1209
1212
1212
1215
1215
1218
1227
1227
1227
1230
1236
1236
1242
1245
1248
1251
1266
1266
1272
1278
1278
1284
1284
1287
1287
1296
1299
1299
1305
1305
1308
1311
1311
1311
1311
1317
1317
1317
1320
1320
1320
1323
1326
1335
1335
1335
1338
1338
1338
1338
1338
1341
1347
1353
1356
1362
1365
1368
1374
1380
1383
1383
1383
1392
1395
1395
1401
1404
1404
1407
1410
1413
1422
1425
1434
1434
1434
1440
1443
1443
1452
1452
1455
1455
1458
1458
1458
1461
1467
1470
1470
1470
1473
1476
1476
1476
1476
1479
1479
1479
1482
1482
1485
1488
1491
1494
1497
1500
1500
1503
1509
1512
1515
1515
1518
1518
1518
1524
1530
1539
1542
1554
1554
1554
1557
1569
1569
1572
1584
1584
1584
1584
1584
1587
1590
1590
1593
1593
1596
1596
1599
1599
1602
1611
1611
1611
1617
1617
1620
1620
1620
1623
1623
1623
1626
1629
1632
1635
1638
1641
1644
1647
1650
1650
1653
1662
1665
1677
1677
1677
1677
1683
1689
1695
1695
1701
1704
1704
1710
1710
1716
1719
1719
1728
1728
1731
1731
1737
1740
1746
1752
1755
1755
1755
1764
1770
1776
1776
1785
1788
1788
1791
1794
1797
1800
1800
1809
1809
1809
1824
1827
1827
1830
1833
1842
1848
1848
1851
1854
1854
1857
1857
1857
1869
1872
1884
1884
1887
1890
1899
1899
1899
1905
1917
1920
1920
1920
1932
1935
1944
1947
1950
1950
1956
1956
1959
1968
1971
1974
1977
1980
1980
1980
1983
1983
1989
2001
2001
2001
2001
2001
2007
2007
2016
2019
2022
2028
2031
2040
2043
2043
2046
2046
2052
2061
2070
2079
2082
2085
2088
2091
2097
2100
2103
2109
2109
2112
2118
2121
2121
2133
2133
2136
2139
2142
2148
2151
2154
2154
2166
2169
2169
2169
2172
2172
2175
2178
2178
2181
2187
2190
2190
2190
2193
2196
2196
2199
2202
2202
2205
2208
2211
2217
2220
2223
2235
2235
2235
2238
2238
2238
2250
2253
2253
2256
2256
2262
2265
2277
2280
2280
2283
2283
2286
2286
2286
2292
2292
2298
2298
2301
2307
2313
2319
2322
2328
2328
2331
2337
2337
2337
2340
2340
2340
2340
2349
2352
2358
2358
2361
2364
2364
2367
2367
2370
2373
2376
2379
2379
2379
2382
2385
2385
2391
2391
2391
2397
2400
2403
2403
2406
2412
2412
2418
2424
2427
2430
2430
2433
2436
2436
2436
2436
2442
2442
2445
2445
2451
2454
2463
2466
2469
2472
2475
2475
2478
2478
2484
2484
2487
2490
2493
2496
2496
2496
2499
2499
2502
2508
2511
2514
2514
2517
2520
2526
2532
2535
2538
2538
2541
2541
2550
2553
2568
2574
2574
2583
2589
2589
2592
2595
2604
2604
2610
2610
2613
2613
2613
2616
2619
2622
2625
2628
2628
2628
2631
2634
2634
2634
2646
2649
2652
2655
2655
2658
2664
2664
2667
2667
2670
2682
2682
2688
2691
2694
2697
2700
2703
2703
2706
2706
2709
2712
2712
2718
2721
2724
2730
2733
2733
2733
2742
2745
2751
2751
2754
2754
2757
2763
2763
2772
2772
2772
2772
2775
2775
2775
2781
2784
2787
2796
2802
2805
2808
2808
2817
2817
2823
2823
2823
2832
2832
2832
2838
2847
2847
2850
2850
2853
2853
2853
2853
2856
2865
2868
2871
2874
2874
2877
2877
2880
2883
2886
2886
2892
2895
2898
2904
2910
2913
2916
2919
2919
2934
2937
2940
2943
2943
2952
2952
2952
2955
2958
2958
2958
2967
2967
2970
2976
2976
2976
2979
2985
2985
2988
2991
2994
2994
2997
3003
3003
3006
3009
3012
3015
3018
3024
3033
3033
3033
3045
3045
3045
3051
3054
3054
3057
3057
3057
3069
3078
3081
3081
3081
3081
3084
3087
3087
3090
3093
3093
3102
3102
3102
3105
3108
3108
3108
3108
3111
3111
3117
3129
3129
3132
3135
3144
3144
3150
3150
3156
3159
3165
3171
3171
3174
3180
3180
3183
3186
3192
3195
3198
3198
3207
3210
3213
3213
3213
3222
3222
3225
3225
3228
3234
3237
3243
3246
3246
3246
3249
3258
3267
3270
3273
3276
3279
3285
3285
3288
3291
3294
3297
3300
3303
3306
3312
3312
3321
3321
3327
3333
3333
3333
3336
3336
3339
3342
3342
3351
3354
3354
3360
3363
3369
3369
3372
3372
3372
3372
3372
3372
3375
3375
3378
3381
3384
3387
3390
3396
3396
3396
3396
3402
3402
3402
3405
3408
3417
3420
3423
3429
3438
3438
3444
3444
3444
3447
3453
3453
3459
3459
3468
3471
3471
3480
3483
3483
3486
3489
3492
3495
3495
3495
3495
3498
3504
3504
3507
3507
3513
3516
3519
3522
3525
3531
3537
3537
3540
3543
3549
3555
3558
3558
3561
3561
3567
3567
3567
3570
3570
3573
3573
3576
3579
3579
3582
3585
3588
3591
3591
3594
3594
3594
3597
3600
3609
3609
3612
3612
3615
3618
3621
3624
3630
3633
3636
3639
3642
3645
3645
3645
3648
3654
3654
3660
3663
3669
3672
3675
3675
3675
3675
3678
3681
3687
3690
3699
3702
3702
3708
3714
3723
3723
3726
3732
3732
3732
3735
3741
3747
3750
3753
3759
3759
3759
3759
3759
3762
3762
3765
3765
3771
3771
3777
3777
3780
3780
3783
3792
3807
3807
3810
3810
3810
3816
3816
3819
3819
3828
3834
3840
3846
3858
3861
3864
3873
3873
3873
3876
3879
3879
3891
3894
3903
3909
3912
3912
3915
3921
3924
3924
3924
3936
3939
3945
3948
3951
3951
3951
3957
3957
3957
3969
3969
3972
3972
3978
3978
3981
3981
3993
3996
4002
4005
4011
4011
4017
4017
4017
4020
4020
4026
4032
4041
4041
4044
4044
4050
4050
4053
4056
4059
4062
4062
4065
4074
4080
4083
4089
4092
4095
4098
4101
4101
4104
4104
4104
4122
4122
4122
4128
4131
4143
4146
4155
4155
4155
4158
4164
4164
4167
4170
4173
4179
4179
4179
4182
4182
4185
4188
4188
4191
4197
4203
4206
4206
4209
4209
4212
4215
4224
4227
4242
4251
4254
4254
4263
4263
4266
4278
4281
4284
4284
4284
4284
4287
4293
4293
4296
4299
4305
4308
4311
4314
4320
4320
4320
4323
4332
4332
4338
4341
4344
4350
4350
4353
4356
4362
4368
4371
4371
4371
4374
4383
4389
4389
4389
4395
4398
4398
4407
4407
4407
4413
4416
4422
4422
4422
4425
4434
4440
4443
4446
4446
4446
4449
4452
4452
4455
4455
4455
4455
4455
4458
4458
4461
4461
4461
4461
4464
4464
4464
4467
4467
4470
4473
4473
4473
4476
4479
4479
4485
4485
4485
4488
4491
4494
4500
4503
4503
4509
4509
4512
4512
4521
4521
4524
4524
4527
4527
4530
4530
4536
4539
4545
4545
4545
4560
4560
4566
4566
4566
4572
4584
4587
4590
4590
4593
4593
4599
4599
4602
4605
4605
4608
4608
4614
4614
4614
4614
4614
4614
4614
4617
4620
4623
4626
4626
4632
4638
4638
4644
4644
4647
4650
4653
4656
4656
4659
4665
4668
4671
4671
4671
4677
4680
4689
4689
4692
4692
4695
4698
4698
4698
4707
4707
4707
4713
4719
4719
4719
4719
4722
4722
4728
4734
4737
4743
4746
4746
4749
4752
4755
4755
4755
4767
4767
4773
4779
4782
4782
4791
4794
4800
4803
4809
4812
4815
4815
4818
4821
4824
4830
4833
4842
4842
4845
4848
4851
4851
4860
4863
4866
4878
4884
4884
4890
4893
4893
4893
4896
4896
4896
4902
4905
4908
4911
4914
4917
4917
4917
4923
4923
4926
4926
4926
4929
4932
4932
4932
4932
4935
4935
4935
4935
4938
4941
4941
4941
4947
4947
4950
4950
4953
4962
4965
4974
4974
4977
4977
4980
4980
4983
4983
4983
4986
4986
4986
4986
4986
4995
4995
4995
5004
5004
5004
5013
5013
5016
5016
5016
5019
5022
5025
5028
5028
5034
5040
5043
5046
5049
5052
5052
5058
5073
5076
5079
5082
5082
5085
5091
5091
5094
5097
5100
5100
5100
5100
5106
5106
5109
5109
5109
5112
5118
5127
5127
5127
5130
5130
5133
5145
5151
5166
5178
5205
5205
5205
5208
5208
5208
5214
5214
5217
5220
5226
5229
5229
5229
5229
5229
5235
5238
5238
5238
5241
5250
5250
5256
5259
5265
5265
5265
5268
5271
5274
5277
5280
5286
5286
5289
5289
5292
5292
5295
5295
5298
5301
5304
5304
5304
5304
5307
5316
5322
5322
5322
5325
5325
5328
5331
5331
5340
5340
5346
5349
5352
5352
5358
5367
5367
5367
5367
5370
5373
5373
5376
5379
5379
5388
5388
5391
5391
5394
5397
5397
5403
5403
5403
5406
5406
5409
5412
5415
5415
5415
5415
5415
5430
5430
5430
5433
5436
5436
5436
5439
5448
5454
5457
5460
5460
5463
5475
5478
5481
5484
5484
5487
5487
5490
5493
5493
5493
5499
5499
5499
5499
5505
5508
5511
5529
5532
5532
5538
5541
5541
5541
5544
5547
5550
5553
5553
5559
5559
5568
5568
5574
5580
5583
5583
5583
5589
5589
5595
5595
5595
5598
5604
5604
5616
5619
5619
5622
5628
5631
5634
5634
5637
5637
5637
5637
5643
5643
5646
5646
5649
5652
5652
5655
5661
5664
5667
5676
5676
5676
5682
5682
5682
5685
5688
5691
5691
5694
5694
5703
5703
5706
5706
5706
5712
5715
5724
5724
5733
5736
5736
5739
5742
5742
5742
5751
5751
5754
5760
5763
5769
5769
5772
5775
5778
5781
5784
5790
5790
5793
5793
5796
5799
5808
5808
5811
5811
5814
5814
5817
5817
5820
5823
5826
5829
5832
5835
5838
5838
5838
5841
5844
5847
5847
5847
5847
5850
5850
5856
5859
5859
5862
5865
5868
5868
5868
5871
5874
5874
5877
5877
5880
5880
5880
5889
5889
5895
5898
5898
5901
5901
5907
5907
5910
5913
5916
5922
5925
5928
5928
5931
5934
5937
5940
5943
5946
5949
5949
5952
5952
5958
5961
5964
5970
5970
5973
5988
5988
5991
5991
5994
5997
6000
6006
6006
6006
6012
6015
6024
6027
6030
6033
6036
6045
6048
6051
6051
6051
6051
6057
6057
6057
6057
6063
6066
6066
6069
6078
6078
6081
6087
6093
6096
6114
6114
6114
6117
6129
6138
6138
6138
6138
6144
6147
6150
6150
6159
6159
6159
6165
6171
6171
6174
6177
6177
6186
6186
6189
6189
6189
6198
6201
6201
6207
6207
6210
6216
6219
6228
6234
6234
6240
6243
6243
6243
6243
6246
6255
6261
6264
6267
6267
6270
6273
6276
6282
6282
6282
6285
6288
6291
6294
6294
6294
6297
6300
6303
6303
6312
6315
6321
6321
6321
6324
6324
6324
6327
6330
6330
6345
6351
6354
6366
6375
6375
6381
6381
6384
6384
6384
6384
6387
6390
6393
6393
6399
6399
6405
6408
6411
6420
6423
6426
6426
6429
6429
6432
6441
6441
6441
6444
6447
6450
6450
6453
6456
6459
6462
6465
6465
6468
6471
6480
6480
6486
6489
6495
6513
6513
6516
6516
6516
6522
6522
6528
6528
6531
6531
6534
6537
6537
6543
6543
6549
6555
6555
6576
6576
6585
6588
6588
6588
6591
6594
6600
6606
6606
6606
6615
6615
6615
6618
6618
6630
6633
6633
6645
6645
6648
6648
6654
6663
6669
6669
6672
6675
6675
6675
6678
6687
6696
6702
6702
6705
6705
6705
6708
6711
6714
6714
6714
6723
6723
6726
6732
6732
6735
6738
6738
6750
6753
6759
6762
6762
6765
6765
6768
6768
6771
6771
6774
6777
6777
6780
6780
6783
6789
6789
6792
6792
6798
6801
6801
6807
6810
6816
6828
6831
6831
6831
6831
6837
6837
6837
6840
6843
6843
6858
6858
6861
6864
6870
6870
6873
6876
6879
6885
6885
6885
6885
6885
6888
6888
6888
6888
6891
6891
6891
6894
6897
6900
6900
6906
6906
6912
6912
6912
6915
6915
6915
6915
6915
6918
6921
6927
6927
6933
6936
6939
6939
6942
6945
6948
6951
6954
6957
6960
6960
6960
6963
6963
6966
6969
6969
6972
6972
6975
6975
6975
6981
6984
6984
6987
6990
6996
6996
6999
7002
7002
7002
7005
7008
7008
7011
7011
7014
7020
7023
7023
7026
7026
7026
7029
7029
7029
7029
7035
7041
7047
7056
7059
7059
7062
7065
7071
7074
7074
7080
7083
7083
7086
7089
7089
7098
7101
7104
7104
7107
7110
7110
7113
7116
7125
7125
7128
7128
7128
7128
7128
7131
7131
7134
7140
7140
7140
7146
7149
7158
7158
7161
7164
7164
7176
7176
7179
7182
7182
7182
7188
7188
7194
7194
7200
7200
7203
7209
7209
7212
7221
7224
7224
7227
7227
7236
7236
7239
7239
7245
7248
7251
7257
7263
7266
7269
7272
7278
7278
7284
7284
7284
7302
7305
7311
7314
7317
7320
7323
7323
7323
7332
7332
7335
7338
7341
7344
7347
7353
7365
7365
7365
7374
7377
7383
7389
7392
7395
7398
7401
7401
7401
7404
7407
7410
7413
7416
7416
7419
7422
7428
7428
7434
7440
7440
7443
7443
7449
7449
7449
7458
7461
7461
7467
7467
7473
7473
7476
7476
7476
7482
7485
7488
7488
7491
7494
7503
7509
7518
7518
7521
7524
7530
7539
7545
7548
7566
7566
7572
7575
7575
7578
7578
7584
7587
7587
7587
7590
7593
7596
7596
7599
7602
7602
7608
7611
7611
7611
7614
7614
7617
7635
7635
7644
7644
7647
7653
7656
7659
7659
7662
7662
7665
7665
7665
7665
7674
7677
7680
7683
7686
7686
7686
7689
7698
7698
7701
7701
7701
7701
7701
7704
7707
7713
7713
7743
7746
7746
7746
7749
7749
7752
7752
7758
7761
7767
7767
7770
7773
7773
7773
7782
7782
7785
7785
7788
7788
7794
7797
7800
7806
7809
7809
7812
7812
7818
7824
7830
7830
7833
7836
7839
7842
7845
7848
7854
7854
7857
7860
7860
7860
7863
7866
7866
7866
7869
7881
7887
7893
7893
7893
7896
7899
7899
7902
7905
7911
7917
7920
7926
7929
7932
7932
7938
7941
7941
7944
7947
7956
7956
7959
7962
7962
7962
7968
7971
7971
7980
7983
7983
7986
7998
7998
8001
8001
8001
8004
8007
8007
8007
8007
8016
8016
8019
8022
8025
8025
8031
8037
8040
8040
8043
8043
8043
8046
8046
8049
8049
8049
8058
8061
8061
8064
8064
8067
8070
8070
8070
8073
8076
8076
8076
8079
8082
8091
8097
8097
8100
8103
8106
8106
8112
8115
8115
8121
8127
8130
8130
8136
8151
8154
8154
8157
8160
8163
8181
8184
8187
8190
8199
8199
8205
8208
8214
8220
8223
8223
8223
8226
8238
8244
8244
8250
8250
8253
8253
8262
8262
8265
8265
8268
8268
8271
8271
8277
8280
8283
8286
8286
8289
8289
8292
8295
8310
8310
8310
8310
8310
8313
8319
8319
8319
8328
8349
8358
8364
8367
8367
8370
8370
8370
8370
8373
8376
8382
8388
8388
8391
8391
8391
8403
8403
8415
8418
8421
8427
8433
8439
8439
8442
8442
8448
8448
8451
8457
8457
8460
8460
8475
8478
8481
8484
8493
8496
8505
8505
8511
8511
8517
8517
8520
8523
8532
8541
8553
8553
8556
8559
8562
8562
8571
8571
8577
8577
8583
8586
8601
8604
8607
8613
8616
8616
8619
8619
8637
8637
8640
8646
8646
8646
8652
8652
8655
8658
8661
8661
8664
8664
8673
8673
8676
8676
8679
8679
8682
8688
8694
8694
8697
8697
8697
8706
8721
8724
8727
8736
8736
8739
8745
8745
8748
8751
8751
8751
8754
8754
8754
8757
8763
8763
8763
8769
8772
8772
8772
8775
8775
8775
8778
8778
8781
8790
8790
8796
8814
8814
8820
8823
8826
8832
8835
8835
8835
8838
8841
8844
8844
8847
8847
8850
8850
8862
8868
8868
8874
8874
8877
8892
8892
8895
8901
8904
8907
8910
8916
8916
8916
8916
8925
8925
8925
8928
8934
8934
8937
8943
8943
8949
8949
8958
8961
8964
8967
8967
8967
8970
8970
8973
8982
8982
8982
8985
8985
9000
9003
9006
9006
9012
9012
9012
9015
9015
9015
9024
9024
9027
9027
9030
9036
9039
9042
9048
9051
9060
9063
9063
9063
9066
9069
9072
9072
9078
9078
9081
9084
9090
9090
9096
9096
9099
9111
9111
9111
9111
9114
9114
9117
9117
9126
9129
9138
9144
9147
9147
9153
9153
9153
9153
9162
9162
9165
9165
9165
9168
9171
9171
9171
9174
9180
9183
9192
9198
9201
9201
9201
9207
9207
9210
9213
9213
9216
9222
9222
9234
9234
9234
9234
9237
9240
9240
9243
9243
9249
9252
9255
9258
9261
9264
9270
9270
9273
9273
9282
9291
9294
9297
9300
9306
9309
9312
9315
9321
9321
9321
9321
9327
9327
9330
9333
9342
9345
9345
9345
9348
9348
9351
9354
9354
9357
9369
9372
9372
9375
9381
9387
9390
9393
9393
9402
9402
9402
9411
9411
9414
9417
9420
9420
9423
9423
9432
9441
9441
9444
9447
9450
9453
9459
9459
9462
9462
9465
9468
9474
9477
9483
9483
9486
9489
9492
9498
9501
9504
9504
9510
9510
9513
9513
9516
9516
9516
9519
9519
9522
9522
9525
9528
9534
9534
9537
9537
9537
9546
9567
9570
9570
9573
9576
9576
9579
9579
9582
9582
9585
9588
9588
9588
9591
9591
9594
9594
9603
9603
9603
9612
9612
9618
9621
9621
9627
9627
9630
9639
9639
9645
9648
9651
9651
9654
9657
9657
9657
9660
9663
9666
9669
9675
9678
9681
9681
9684
9690
9693
9693
9693
9696
9696
9699
9699
9702
9705
9705
9708
9714
9714
9717
9717
9723
9726
9726
9726
9726
9732
9735
9741
9750
9753
9756
9762
9765
9768
9768
9771
9771
9774
9774
9777
9780
9780
9786
9789
9792
9792
9798
9801
9801
9804
9807
9807
9810
9813
9813
9816
9819
9837
9840
9840
9843
9843
9849
9849
9858
9861
9867
9867
9867
9867
9870
9870
9870
9876
9876
9882
9882
9885
9885
9888
9888
9897
9897
9903
9903
9903
9909
9909
9912
9912
9924
9924
9924
9942
9945
9948
9948
9951
9960
9960
9969
9975
9975
9984
9984
9987
9987
9987
9990
9990
9999
10005
10005
10005
10008
10008
10014
10014
10017
10023
10032
10035
10038
10038
10041
10041
10047
10047
10050
10050
10053
10053
10056
10059
10059
10062
10062
10065
10068
10071
10074
10086
10089
10092
10092
10098
10098
10101
10110
10128
10137
10137
10137
10143
10146
10149
10152
10158
10164
10164
10164
10170
10176
10179
10191
10191
10191
10194
10194
10194
10197
10200
10203
10203
10209
10209
10209
10212
10215
10218
10224
10230
10236
10236
10245
10248
10251
10254
10260
10263
10263
10266
10266
10269
10272
10275
10275
10275
10281
10284
10284
10287
10287
10290
10293
10296
10302
10305
10311
10314
10320
10326
10326
10332
10335
10338
10341
10353
10353
10356
10359
10362
10368
10368
10371
10374
10374
10374
10374
10374
10380
10386
10386
10392
10392
10392
10398
10398
10401
10401
10404
10404
10410
10413
10416
10419
10428
10428
10437
10449
10449
10452
10452
10455
10455
10458
10470
10473
10473
10482
10485
10485
10491
10494
10494
10494
10497
10497
10497
10500
10503
10503
10506
10509
10509
10509
10512
10515
10518
10524
10524
10530
10533
10536
10539
10539
10539
10542
10548
10554
10554
10560
10566
10569
10572
10572
10572
10575
10575
10578
10578
10584
10584
10587
10590
10596
10599
10605
10611
10614
10617
10620
10620
10620
10620
10620
10623
10626
10635
10644
10653
10662
10677
10677
10680
10680
10683
10686
10689
10692
10695
10698
10698
10698
10701
10701
10701
10704
10704
10704
10704
10707
10710
10710
10713
10716
10722
10725
10728
10737
10740
10740
10743
10743
10743
10746
10755
10755
10758
10758
10767
10767
10767
10770
10779
10782
10785
10785
10788
10791
10794
10800
10800
10803
10803
10806
10809
10812
10812
10815
10821
10821
10827
10830
10830
10830
10833
10836
10839
10839
10842
10845
10848
10848
10851
10857
10857
10857
10872
10872
10875
10875
10878
10878
10878
10884
10887
10890
10896
10896
10899
10908
10914
10914
10917
10923
10926
10929
10932
10932
10938
10941
10950
10953
10965
10968
10971
10971
10971
10974
10980
10980
10986
10992
11007
11016
11019
11019
11019
11028
11031
11031
11031
11031
11040
11046
11049
11049
11055
11055
11061
11079
11079
11082
11091
11091
11091
11091
11094
11094
11100
11112
11112
11112
11121
11121
11124
11127
11136
11145
11148
11154
11160
11160
11163
11169
11175
11178
11178
11178
11184
11187
11193
11196
11196
11205
11208
11211
11220
11226
11226
11229
11229
11235
11238
11238
11238
11238
11241
11250
11253
11259
11259
11262
11271
11280
11280
11283
11286
11289
11289
11289
11292
11292
11295
11298
11298
11304
11313
11316
11316
11316
11322
11325
11328
11328
11328
11328
11331
11331
11334
11337
11337
11340
11340
11340
11343
11346
11349
11352
11352
11355
11358
11358
11364
11364
11367
11367
11373
11382
11382
11385
11391
11403
11406
11409
11412
11415
11421
11424
11424
11433
11433
11433
11436
11436
11439
11442
11445
11445
11448
11448
11454
11457
11457
11457
11457
11460
11469
11472
11472
11475
11475
11475
11478
11481
11484
11484
11487
11493
11499
11505
11505
11526
11526
11544
11547
11550
11556
11556
11559
11565
11568
11568
11568
11571
11571
11571
11571
11574
11577
11580
11586
11592
11595
11595
11601
11601
11604
11607
11610
11610
11610
11613
11613
11616
11616
11616
11619
11619
11619
11625
11625
11628
11628
11628
11628
11631
11631
11634
11634
11634
11634
11634
11637
11649
11652
11652
11655
11658
11658
11658
11670
11673
11676
11676
11679
11679
11679
11679
11685
11685
11688
11688
11688
11694
11694
11697
11712
11715
11718
11718
11721
11724
11730
11733
11739
11742
11742
11745
11748
11748
11748
11748
11751
11751
11754
11763
11766
11772
11781
11787
11796
11799
11802
11814
11817
11817
11823
11823
11826
11829
11832
11838
11838
11841
11841
11841
11850
11862
11862
11868
11868
11868
11868
11871
11874
11877
11877
11880
11892
11892
11895
11907
11907
11907
11907
11910
11910
11916
11916
11922
11925
11928
11928
11931
11931
11934
11934
11937
11943
11946
11949
11955
11961
11964
11973
11982
11982
11982
11982
11985
11985
11988
11988
11988
11988
11988
11991
11991
11991
11994
12000
12006
12009
12009
12009
12009
12021
12024
12024
12027
12030
12036
12036
12036
12039
12039
12048
12051
12051
12051
12054
12054
12057
12060
12060
12063
12063
12066
12066
12066
12069
12069
12069
12069
12069
12087
12090
12090
12090
12099
12108
12114
12114
12114
12120
12120
12126
12141
12147
12150
12156
12159
12162
12162
12168
12168
12171
12171
12174
12174
12174
12180
12186
12189
12189
12201
12207
12207
12210
12210
12216
12216
12219
12225
12234
12237
12243
12249
12249
12255
12261
12264
12264
12270
12270
12279
12285
12285
12288
12288
12291
12294
12294
12300
12303
12303
12309
12312
12321
12327
12333
12336
12348
12348
12348
12351
12354
12360
12360
12363
12366
12366
12366
12369
12369
12372
12375
12387
12387
12390
12390
12393
12393
12393
12399
12405
12408
12408
12414
12417
12420
12426
12426
12435
12438
12447
12450
12450
12453
12453
12456
12459
12462
12465
12471
12471
12474
12477
12480
12480
12480
12483
12492
12492
12495
12495
12498
12498
12501
12501
12504
12510
12516
12519
12528
12531
12531
12531
12531
12540
12540
12543
12543
12543
12543
12555
12558
12558
12558
12561
12561
12561
12564
12567
12567
12567
12573
12573
12579
12579
12585
12585
12588
12591
12591
12594
12597
12600
12603
12606
12609
12609
12615
12621
12621
12630
12630
12636
12639
12639
12648
12651
12654
12660
12660
12660
12660
12663
12666
12669
12672
12678
12678
12681
12681
12684
12687
12687
12690
12690
12690
12693
12696
12702
12705
12705
12708
12714
12720
12720
12720
12726
12726
12732
12735
12738
12738
12741
12747
12747
12753
12756
12762
12765
12771
12771
12774
12774
12777
12777
12777
12780
12786
12792
12801
12801
12810
12813
12828
12837
12840
12843
12846
12849
12852
12855
12861
12861
12864
12867
12867
12870
12873
12876
12888
12888
12897
12900
12900
12909
12909
12912
12912
12915
12915
12918
12918
12918
12921
12921
12921
12924
12927
12930
12933
12936
12939
12939
12942
12942
12945
12948
12957
12960
12960
12975
12975
12978
12978
12978
12978
12981
12981
12981
12984
12984
12984
12984
12987
12987
12990
12996
13002
13005
13008
13011
13011
13014
13017
13017
13020
13023
13023
13023
13038
13041
13044
13044
13050
13053
13053
13056
13056
13059
13059
13065
13080
13083
13083
13089
13095
13101
13104
13104
13104
13110
13110
13116
13119
13128
13131
13131
13131
13134
13137
13137
13143
13143
13143
13146
13149
13158
13167
13170
13173
13173
13176
13176
13182
13182
13182
13188
13188
13188
13194
13194
13197
13200
13203
13209
13212
13218
13227
13227
13230
13230
13233
13233
13233
13236
13236
13239
13239
13239
13242
13242
13242
13245
13245
13251
13254
13254
13257
13263
13263
13263
13266
13269
13269
13278
13281
13281
13284
13287
13287
13290
13293
13293
13299
13302
13317
13317
13317
13320
13326
13326
13329
13329
13332
13335
13338
13353
13359
13359
13362
13368
13371
13371
13374
13377
13380
13383
13386
13389
13395
13395
13398
13398
13398
13401
13407
13410
13416
13419
13425
13425
13431
13434
13443
13449
13452
13452
13455
13458
13461
13461
13464
13464
13467
13473
13482
13488
13488
13488
13491
13491
13494
13497
13497
13497
13497
13500
13500
13506
13512
13512
13515
13515
13518
13521
13524
13527
13530
13530
13533
13533
13536
13536
13536
13536
13542
13545
13545
13548
13554
13554
13557
13557
13563
13569
13569
13572
13578
13587
13587
13590
13596
13599
13599
13605
13611
13611
13614
13614
13614
13617
13623
13626
13626
13635
13641
13653
13653
13662
13665
13668
13674
13680
13686
13689
13689
13689
13692
13692
13695
13701
13704
13707
13707
13713
13725
13725
13731
13737
13737
13740
13749
13758
13758
13761
13761
13761
13767
13767
13770
13773
13773
13773
13773
13779
13779
13779
13785
13788
13788
13797
13806
13806
13809
13812
13812
13815
13815
13815
13818
13818
13824
13824
13836
13839
13848
13851
13854
13863
13863
13869
13875
13878
13881
13884
13884
13887
13890
13890
13893
13902
13902
13905
13908
13908
13911
13914
13914
13917
13923
13923
13935
13941
13941
13941
13944
13947
13956
13956
13956
13959
13962
13962
13962
13968
13971
13971
13974
13977
13980
13980
13983
13983
13992
13998
14007
14013
14016
14019
14019
14031
14037
14037
14037
14043
14043
14043
14043
14046
14055
14058
14058
14064
14067
14067
14070
14070
14085
14091
14094
14097
14100
14103
14106
14109
14112
14112
14115
14115
14118
14124
14130
14130
14130
14130
14139
14151
14154
14154
14157
14157
14160
14160
14160
14163
14163
14163
14166
14166
14172
14175
14175
14178
14181
14181
14184
14184
14187
14187
14187
14193
14196
14202
14202
14205
14211
14211
14214
14214
14217
14223
14226
14229
14232
14232
14235
14238
14238
14244
14244
14247
14247
14256
14259
14262
14262
14262
14271
14271
14274
14277
14277
14277
14280
14283
14283
14286
14286
14289
14289
14289
14289
14292
14298
14298
14304
14307
14310
14310
14313
14316
14316
14319
14319
14325
14328
14331
14340
14346
14349
14352
14352
14355
14355
14358
14364
14367
14370
14370
14373
14379
14385
14397
14397
14400
14406
14406
14412
14415
14418
14421
14421
14424
14433
14442
14445
14445
14448
14454
14460
14463
14463
14466
14475
14475
14478
14481
14481
14484
14487
14487
14493
14496
14496
14499
14502
14508
14511
14511
14520
14520
14520
14526
14529
14529
14529
14529
14538
14538
14541
14541
14541
14544
14553
14556
14556
14556
14559
14565
14568
14568
14571
14574
14574
14577
14580
14583
14586
14595
14598
14601
14601
14601
14604
14607
14610
14616
14631
14640
14640
14649
14652
14658
14661
14661
14664
14664
14676
14682
14694
14703
14706
14706
14706
14706
14706
14709
14712
14712
14715
14721
14727
14739
14748
14751
14751
14751
14754
14757
14757
14757
14760
14763
14766
14769
14772
14781
14784
14787
14790
14793
14796
14799
14799
14802
14802
14802
14802
14805
14808
14811
14814
14817
14817
14820
14820
14823
14826
14826
14832
14835
14838
14838
14838
14847
14856
14856
14859
14859
14862
14871
14874
14874
14874
14874
14877
14877
14877
14880
14886
14901
14901
14901
14901
14904
14907
14907
14910
14919
14919
14922
14925
14928
14931
14931
14931
14931
14931
14937
14937
14940
14940
14943
14946
14949
14952
14958
14958
14958
14961
14961
14967
14970
14970
14979
14982
14988
14988
14988
15000
15003
15006
15006
15006
15018
15021
15021
15027
15033
15042
15045
15048
15054
15054
15066
15069
15069
15069
15084
15087
15096
15096
15102
15102
15108
15111
15114
15117
15120
15120
15123
15123
15123
15126
15126
15126
15126
15126
15126
15126
15129
15129
15138
15138
15141
15150
15153
15156
15159
15159
15159
15159
15165
15168
15171
15171
15174
15174
15174
15177
15180
15180
15183
15183
15186
15189
15192
15192
15198
15198
15204
15207
15207
15207
15210
15210
15213
15216
15216
15219
15219
15222
15225
15225
15228
15231
15237
15240
15240
15243
15246
15249
15252
15258
15258
15261
15261
15264
15270
15273
15273
15279
15282
15282
15282
15285
15288
15291
15294
15303
15303
15315
15318
15321
15321
15324
15327
15327
15330
15336
15336
15345
15345
15348
15348
15348
15351
15357
15366
15369
15369
15369
15372
15375
15375
15378
15381
15387
15387
15393
15399
15402
15402
15405
15405
15408
15408
15408
15411
15414
15417
15420
15426
15429
15441
15441
15447
15447
15447
15447
15450
15453
15459
15462
15462
15465
15468
15468
15471
15471
15474
15477
15477
15480
15480
15489
15492
15501
15504
15507
15510
15516
15522
15525
15540
15543
15543
15543
15543
15546
15549
15549
15552
15552
15555
15558
15567
15570
15570
15573
15579
15582
15585
15591
15597
15600
15603
15606
15609
15609
15615
15618
15621
15630
15630
15633
15633
15633
15636
15642
15645
15648
15648
15648
15651
15654
15657
15660
15666
15672
15672
15678
15678
15684
15684
15684
15684
15699
15702
15702
15708
15708
15708
15711
15714
15714
15714
15720
15729
15729
15732
15735
15741
15741
15747
15750
15750
15753
15753
15756
15759
15762
15762
15765
15768
15771
15777
15780
15780
15780
15786
15789
15792
15807
15810
15813
15813
15813
15816
15819
15822
15828
15837
15837
15840
15840
15840
15843
15843
15852
15855
15858
15858
15864
15867
15867
15870
15873
15879
15879
15882
15882
15882
15888
15891
15894
15894
15900
15900
15906
15906
15909
15909
15915
15921
15930
15936
15939
15942
15945
15945
15945
15945
15945
15948
15957
15957
15957
15957
15969
15969
15969
15972
15975
15975
15975
15987
15987
15987
15993
15996
16002
16002
16008
16011
16014
16017
16017
16020
16020
16026
16029
16038
16038
16041
16041
16047
16047
16050
16053
16059
16059
16062
16065
16068
16068
16074
16080
16080
16083
16083
16086
16086
16092
16092
16095
16098
16101
16101
16104
16110
16110
16110
16113
16113
16119
16119
16122
16125
16125
16125
16134
16140
16140
16143
16146
16155
16155
16158
16161
16161
16161
16164
16167
16167
16170
16173
16176
16188
16188
16191
16194
16197
16200
16200
16209
16209
16212
16212
16212
16221
16221
16221
16230
16236
16236
16239
16242
16242
16245
16245
16248
16251
16251
16251
16251
16254
16263
16263
16266
16266
16269
16272
16275
16275
16275
16278
16278
16278
16281
16284
16284
16284
16284
16287
16296
16296
16299
16299
16305
16305
16308
16311
16314
16317
16317
16320
16320
16326
16329
16329
16329
16332
16332
16335
16335
16338
16338
16341
16341
16341
16344
16347
16347
16347
16353
16353
16353
16353
16356
16359
16362
16365
16368
16371
16374
16377
16377
16377
16380
16383
16386
16389
16389
16392
16395
16398
16401
16404
16407
16410
16413
16416
16416
16419
16422
16422
16425
16428
16434
16440
16449
16449
16452
16458
16461
16461
16461
16464
16464
16464
16473
16476
16476
16479
16482
16482
16488
16497
16500
16506
16509
16509
16512
16518
16536
16536
16539
16545
16545
16548
16548
16551
16557
16560
16560
16560
16563
16566
16569
16569
16572
16581
16581
16584
16584
16584
16584
16587
16590
16596
16596
16602
16611
16614
16617
16617
16620
16620
16623
16626
16629
16629
16629
16629
16632
16635
16638
16638
16638
16644
16650
16656
16659
16662
16662
16665
16665
16668
16668
16674
16674
16680
16686
16689
16695
16698
16701
16701
16701
16704
16707
16707
16719
16722
16722
16734
16740
16746
16758
16758
16761
16761
16761
16761
16761
16764
16767
16770
16770
16770
16773
16776
16776
16779
16788
16788
16797
16800
16803
16806
16806
16812
16812
16818
16818
16818
16821
16827
16839
16839
16839
16842
16845
16851
16851
16854
16860
16863
16866
16869
16869
16872
16872
16875
16878
16878
16878
16878
16881
16881
16881
16890
16890
16893
16893
16893
16899
16899
16902
16902
16902
16905
16911
16917
16917
16920
16923
16923
16929
16929
16929
16935
16950
16953
16953
16956
16956
16959
16962
16971
16971
16971
16977
16977
16986
16989
16992
17001
17001
17004
17007
17007
17007
17022
17025
17025
17031
17031
17034
17037
17040
17043
17046
17049
17049
17049
17055
17055
17055
17064
17064
17067
17070
17070
17070
17070
17070
17076
17082
17082
17088
17088
17097
17097
17103
17106
17106
17106
17115
17124
17124
17124
17127
17127
17133
17139
17142
17145
17145
17145
17148
17154
17157
17157
17160
17163
17163
17169
17169
17169
17178
17181
17187
17199
17202
17202
17205
17208
17208
17208
17211
17211
17220
17220
17223
17223
17226
17229
17232
17235
17241
17247
17253
17256
17256
17256
17259
17274
17277
17280
17280
17280
17286
17286
17289
17289
17295
17298
17307
17313
17319
17322
17325
17328
17328
17328
17331
17331
17331
17331
17334
17337
17340
17343
17343
17346
17346
17361
17361
17364
17367
17379
17382
17382
17385
17394
17394
17397
17400
17400
17400
17400
17400
17409
17418
17421
17424
17427
17427
17430
17433
17433
17439
17439
17439
17451
17454
17454
17457
17460
17463
17484
17487
17487
17487
17490
17490
17493
17499
17505
17505
17505
17508
17517
17520
17523
17526
17526
17526
17535
17535
17541
17541
17544
17544
17550
17550
17550
17553
17559
17559
17559
17562
17562
17568
17571
17574
17577
17580
17580
17583
17583
17586
17586
17586
17586
17589
17604
17604
17604
17607
17613
17616
17616
17619
17619
17625
17625
17625
17628
17628
17628
17631
17634
17637
17640
17640
17646
17658
17658
17661
17664
17670
17670
17676
17682
17682
17685
17688
17691
17694
17694
17697
17700
17700
17706
17706
17718
17724
17724
17727
17727
17736
17742
17742
17748
17754
17754
17760
17763
17769
17772
17778
17778
17781
17781
17781
17781
17787
17787
17787
17790
17793
17793
17796
17799
17802
17805
17808
17808
17811
17814
17814
17820
17826
17829
17829
17832
17838
17841
17844
17847
17847
17853
17862
17865
17868
17877
17883
17889
17895
17895
17901
17907
17910
17913
17913
17916
17925
17925
17925
17925
17934
17934
17940
17943
17943
17946
17946
17946
17946
17949
17949
17949
17955
17958
17958
17964
17964
17964
17967
17967
17973
17973
17979
17982
17982
17985
17988
17997
18000
18000
18009
18009
18012
18015
18024
18024
18027
18030
18030
18030
18030
18030
18036
18036
18036
18042
18042
18054
18057
18060
18063
18063
18069
18072
18078
18081
18087
18090
18096
18096
18096
18105
18105
18108
18108
18117
18120
18123
18126
18129
18129
18132
18132
18138
18138
18144
18147
18153
18153
18153
18156
18156
18156
18159
18162
18165
18165
18165
18168
18171
18171
18177
18177
18186
18189
18207
18216
18219
18219
18222
18234
18240
18246
18246
18246
18249
18249
18252
18252
18258
18264
18264
18264
18267
18267
18273
18273
18276
18276
18276
18279
18282
18282
18288
18288
18291
18294
18294
18300
18300
18300
18303
18309
18312
18318
18327
18327
18333
18342
18342
18342
18351
18351
18360
18363
18369
18369
18372
18375
18378
18381
18381
18384
18384
18390
18393
18393
18405
18408
18414
18414
18414
18417
18417
18420
18420
18423
18432
18432
18432
18435
18435
18438
18438
18438
18441
18447
18450
18450
18456
18462
18462
18462
18465
18468
18471
18471
18474
18474
18477
18477
18480
18480
18483
18483
18486
18489
18504
18504
18507
18513
18519
18519
18528
18540
18540
18543
18549
18552
18555
18561
18561
18570
18570
18570
18570
18570
18573
18576
18576
18576
18585
18585
18588
18594
18594
18597
18600
18600
18606
18606
18606
18606
18606
18612
18615
18615
18615
18621
18621
18627
18627
18627
18633
18636
18639
18645
18645
18645
18648
18648
18651
18663
18666
18669
18669
18672
18672
18675
18678
18681
18684
18687
18687
18687
18693
18696
18708
18717
18720
18720
18723
18723
18738
18738
18744
18747
18747
18750
18759
18762
18762
18765
18765
18780
18780
18783
18789
18789
18795
18795
18798
18801
18804
18807
18813
18816
18819
18822
18825
18828
18831
18834
18840
18843
18846
18846
18852
18852
18855
18858
18861
18861
18870
18870
18870
18876
18876
18876
18879
18882
18882
18882
18888
18888
18888
18891
18894
18897
18906
18909
18909
18909
18912
18912
18915
18915
18918
18924
18924
18927
18930
18930
18933
18936
18939
18939
18945
18948
18948
18951
18951
18960
18960
18960
18963
18969
18969
18969
18975
18975
18975
18978
18978
18981
18981
18999
18999
19005
19005
19011
19017
19017
19020
19020
19026
19026
19029
19032
19032
19038
19038
19038
19041
19044
19047
19050
19050
19053
19068
19074
19074
19074
19080
19083
19086
19086
19092
19095
19095
19104
19107
19110
19113
19119
19137
19137
19143
19155
19155
19158
19158
19158
19167
19173
19176
19182
19185
19188
19191
19191
19191
19197
19197
19197
19206
19212
19221
19221
19224
19224
19230
19230
19233
19245
19251
19251
19254
19254
19260
19272
19275
19284
19284
19284
19287
19290
19293
19296
19299
19299
19299
19305
19305
19311
19323
19323
19329
19335
19335
19335
19338
19338
19341
19341
19341
19344
19344
19344
19344
19347
19347
19347
19350
19350
19350
19350
19353
19371
19374
19374
19380
19380
19383
19383
19386
19386
19389
19395
19395
19398
19398
19404
19410
19416
19425
19428
19431
19434
19437
19440
19440
19443
19446
19446
19446
19452
19452
19467
19470
19476
19476
19476
19479
19479
19485
19488
19488
19491
19491
19494
19506
19509
19512
19512
19512
19512
19518
19518
19518
19521
19521
19524
19527
19527
19533
19542
19545
19554
19557
19557
19557
19563
19566
19566
19569
19575
19575
19575
19578
19581
19587
19590
19593
19593
19593
19608
19608
19611
19611
19614
19617
19620
19620
19626
19626
19626
19632
19638
19647
19647
19647
19650
19653
19653
19662
19668
19671
19671
19671
19674
19674
19677
19680
19680
19683
19683
19689
19692
19695
19707
19707
19710
19710
19713
19716
19722
19728
19728
19731
19734
19737
19746
19746
19749
19752
19752
19752
19755
19755
19758
19758
19767
19767
19770
19770
19770
19770
19773
19773
19779
19779
19791
19794
19803
19806
19812
19815
19821
19830
19830
19830
19836
19839
19839
19842
19854
19857
19860
19860
19860
19860
19872
19875
19878
19878
19881
19884
19890
19890
19890
19893
19899
19902
19902
19908
19914
19914
19917
19920
19920
19920
19929
19929
19932
19935
19938
19947
19950
19953
19953
19953
19959
19965
19965
19965
19968
19968
19980
19980
19980
19983
19983
19989
19992
19992
19998
19998
19998
20001
20007
20007
20016
20019
20025
20025
20028
20028
20028
20031
20037
20040
20043
20043
20046
20049
20049
20052
20055
20055
20055
20061
20061
20064
20070
20076
20079
20082
20088
20088
20091
20100
20103
20103
20106
20109
20109
20121
20121
20124
20127
20127
20127
20130
20130
20130
20130
20133
20139
20145
20151
20154
20154
20160
20163
20169
20178
20181
20181
20184
20196
20196
20196
20196
20202
20205
20208
20208
20223
20229
20229
20229
20232
20232
20232
20235
20244
20250
20253
20253
20256
20256
20259
20262
20268
20271
20271
20271
20274
20274
20277
20277
20277
20277
20292
20292
20295
20304
20304
20304
20307
20310
20313
20313
20316
20319
20322
20325
20328
20331
20331
20331
20349
20352
20352
20358
20358
20358
20361
20361
20370
20370
20373
20376
20382
20388
20391
20391
20391
20397
20397
20397
20400
20403
20406
20406
20409
20409
20409
20409
20412
20418
20421
20430
20430
20430
20442
20442
20445
20448
20454
20457
20460
20466
20469
20469
20472
20475
20475
20478
20487
20487
20490
20502
20502
20511
20514
20517
20520
20523
20532
20535
20535
20538
20541
20544
20547
20547
20547
20547
20550
20550
20550
20553
20559
20559
20568
20571
20574
20577
20580
20580
20583
20583
20592
20592
20595
20595
20598
20607
20619
20625
20631
20634
20634
20637
20640
20643
20646
20646
20649
20652
20652
20652
20652
20652
20655
20655
20661
20664
20667
20679
20682
20682
20685
20694
20697
20700
20703
20706
20712
20712
20712
20715
20724
20724
20733
20733
20742
20745
20748
20763
20766
20766
20781
20784
20787
20787
20790
20793
20793
20796
20796
20799
20811
20817
20820
20826
20829
20832
20835
20841
20844
20847
20847
20850
20856
20859
20865
20865
20865
20871
20871
20871
20871
20871
20874
20874
20877
20892
20892
20895
20898
20898
20901
20901
20904
20904
20910
20922
20928
20928
20931
20931
20937
20937
20940
20940
20940
20940
20946
20952
20952
20961
20967
20970
20970
20976
20976
20979
20982
20988
20988
20988
20991
20997
20997
