8000
0
0
3
6
15
24
24
27
30
45
54
57
57
57
60
66
81
84
87
87
87
90
90
93
96
108
108
114
114
120
120
120
123
126
126
126
129
132
141
147
150
150
153
156
159
165
165
168
171
174
177
180
180
183
189
192
195
195
198
198
204
210
210
213
213
213
213
216
216
216
216
219
222
222
222
231
231
234
243
246
249
249
258
258
264
264
264
270
273
273
279
282
285
285
288
288
294
294
297
300
300
303
312
312
312
315
321
327
327
327
327
330
330
330
333
342
348
348
348
351
360
366
369
372
372
381
384
387
387
390
390
390
393
393
396
396
399
402
402
408
408
420
426
426
432
432
435
435
438
447
450
453
456
456
459
462
462
462
462
465
465
474
480
480
483
486
489
492
492
501
504
504
504
504
507
516
516
516
519
522
525
528
531
540
540
546
546
549
549
549
558
561
561
561
570
570
573
576
582
585
600
600
609
612
615
615
621
621
627
627
630
633
639
645
645
645
648
648
657
660
660
663
663
669
669
672
675
675
678
681
684
684
684
687
702
702
705
705
714
717
720
726
726
726
726
726
729
732
735
738
741
744
747
747
750
750
759
762
765
771
774
774
777
777
780
780
780
780
783
786
789
789
789
789
792
792
798
801
801
807
807
813
813
819
819
822
825
828
828
831
837
837
837
840
840
840
846
852
858
867
870
870
873
876
876
876
879
888
888
891
891
894
894
897
900
906
921
924
930
933
939
939
960
969
969
969
972
972
972
978
981
981
1002
1005
1005
1005
1008
1017
1017
1017
1020
1023
1026
1035
1038
1038
1041
1041
1044
1047
1047
1050
1050
1050
1059
1059
1068
1074
1074
1074
1077
1083
1086
1092
1098
1104
1107
1110
1110
1122
1122
1125
1128
1128
1134
1137
1137
1137
1143
1143
1146
1155
1158
1161
1164
1167
1167
1173
1176
1179
1182
1188
1188
1203
1203
1203
1209
1212
1215
1215
1218
1218
1221
1221
1230
1230
1233
1233
1236
1236
1242
1242
1248
1248
1263
1275
1275
1278
1287
1290
1290
1296
1296
1299
1302
1305
1305
1305
1311
1317
1323
1323
1338
1338
1341
1341
1344
1347
1347
1350
1353
1356
1356
1359
1362
1362
1377
1380
1380
1380
1395
1398
1398
1404
1404
1407
1410
1413
1416
1416
1416
1419
1419
1422
1425
1428
1428
1428
1431
1434
1443
1446
1449
1452
1455
1455
1455
1458
1461
1461
1461
1461
1464
1464
1473
1473
1473
1476
1476
1479
1482
1482
1485
1485
1488
1494
1494
1494
1497
1497
1500
1503
1506
1509
1512
1512
1515
1515
1515
1515
1518
1524
1530
1530
1536
1536
1536
1539
1545
1545
1548
1554
1554
1566
1566
1566
1569
1569
1572
1572
1578
1584
1587
1587
1590
1593
1593
1596
1596
1599
1608
1611
1614
1614
1614
1614
1617
1617
1620
1620
1626
1626
1629
1635
1635
1641
1644
1647
1647
1650
1656
1659
1659
1662
1662
1665
1671
1674
1677
1680
1683
1683
1683
1686
1689
1689
1692
1698
1701
1707
1707
1710
1722
1722
1731
1737
1746
1749
1752
1755
1755
1755
1755
1758
1758
1758
1761
1764
1767
1770
1773
1776
1779
1782
1788
1791
1794
1797
1800
1800
1800
1806
1809
1815
1818
1821
1827
1830
1836
1836
1836
1839
1839
1839
1842
1848
1848
1851
1854
1854
1857
1860
1860
1863
1863
1869
1872
1878
1878
1878
1881
1884
1887
1890
1890
1893
1899
1899
1899
1902
1902
1905
1905
1905
1908
1908
1908
1908
1923
1926
1929
1932
1938
1950
1950
1962
1968
1971
1971
1986
1992
2001
2007
2013
2016
2022
2025
2028
2031
2040
2040
2043
2043
2043
2043
2043
2046
2052
2055
2055
2055
2061
2061
2064
2064
2064
2070
2076
2079
2085
2091
2097
2100
2106
2106
2106
2109
2115
2121
2127
2127
2127
2127
2127
2130
2133
2136
2136
2154
2154
2154
2157
2160
2172
2175
2175
2175
2178
2178
2187
2193
2193
2202
2202
2202
2202
2205
2205
2205
2211
2211
2211
2211
2223
2223
2226
2229
2229
2235
2235
2238
2238
2241
2244
2253
2259
2262
2265
2271
2271
2274
2274
2280
2280
2289
2289
2289
2292
2298
2304
2307
2310
2316
2319
2322
2322
2322
2328
2331
2331
2331
2334
2334
2340
2340
2352
2352
2352
2352
2358
2358
2361
2361
2361
2364
2364
2367
2367
2370
2373
2373
2382
2382
2385
2391
2397
2403
2403
2403
2406
2409
2412
2415
2415
2415
2436
2439
2448
2451
2454
2457
2457
2460
2460
2466
2475
2475
2475
2487
2487
2490
2490
2490
2505
2505
2505
2505
2508
2511
2511
2514
2514
2517
2520
2526
2529
2529
2535
2541
2544
2550
2550
2553
2556
2559
2562
2562
2568
2568
2571
2571
2574
2574
2577
2580
2583
2583
2583
2586
2586
2589
2592
2601
2601
2604
2607
2610
2610
2613
2616
2616
2616
2619
2622
2625
2628
2628
2628
2634
2634
2637
2637
2640
2643
2646
2649
2655
2667
2679
2679
2679
2688
2688
2688
2691
2691
2691
2691
2703
2709
2712
2718
2718
2724
2724
2730
2733
2733
2739
2742
2742
2751
2754
2754
2754
2757
2757
2760
2763
2763
2775
2778
2778
2781
2781
2781
2784
2790
2793
2796
2796
2799
2799
2814
2814
2817
2817
2826
2832
2832
2832
2835
2838
2841
2841
2841
2847
2847
2853
2862
2868
2868
2871
2874
2874
2874
2877
2877
2880
2886
2892
2895
2898
2901
2901
2916
2922
2928
2928
2928
2931
2934
2934
2934
2940
2940
2949
2952
2958
2961
2961
2961
2961
2967
2967
2979
2985
2985
2991
2991
2997
3000
3003
3006
3006
3006
3012
3015
3030
3036
3045
3045
3048
3051
3054
3054
3057
3060
3060
3063
3066
3069
3069
3081
3081
3084
3090
3111
3114
3117
3123
3126
3129
3129
3138
3138
3138
3153
3153
3153
3156
3159
3159
3159
3162
3162
3165
3171
3171
3174
3177
3177
3186
3189
3189
3192
3192
3207
3210
3216
3216
3222
3231
3234
3234
3234
3237
3237
3240
3240
3240
3243
3243
3243
3246
3246
3249
3249
3255
3258
3264
3267
3270
3270
3273
3273
3273
3279
3282
3285
3285
3291
3294
3297
3300
3300
3306
3318
3321
3321
3336
3342
3342
3342
3345
3345
3351
3354
3354
3357
3360
3360
3366
3366
3366
3369
3369
3369
3372
3375
3378
3381
3381
3384
3384
3390
3393
3396
3405
3405
3411
3414
3420
3420
3420
3429
3438
3438
3441
3441
3447
3453
3456
3456
3459
3459
3459
3462
3462
3465
3471
3477
3477
3480
3483
3483
3489
3489
3495
3495
3495
3498
3501
3504
3507
3507
3513
3513
3513
3516
3516
3519
3531
3531
3531
3534
3537
3537
3549
3552
3552
3555
3555
3558
3561
3564
3570
3570
3573
3576
3579
3588
3591
3594
3594
3597
3603
3609
3615
3615
3615
3618
3621
3621
3627
3627
3630
3630
3633
3639
3648
3651
3651
3654
3657
3660
3660
3660
3669
3672
3675
3675
3675
3681
3687
3687
3708
3708
3708
3714
3714
3714
3717
3723
3726
3732
3738
3741
3750
3765
3768
3771
3771
3771
3771
3774
3777
3777
3777
3780
3783
3792
3795
3798
3801
3807
3810
3813
3813
3813
3822
3825
3831
3834
3840
3843
3843
3843
3849
3852
3858
3861
3864
3864
3870
3870
3870
3870
3873
3876
3876
3882
3885
3891
3897
3906
3909
3909
3912
3915
3918
3924
3924
3924
3933
3939
3945
3945
3954
3957
3957
3960
3969
3969
3969
3975
3975
3975
3975
3978
3981
3984
3987
3999
3999
3999
4005
4005
4008
4011
4017
4017
4020
4026
4026
4032
4041
4041
4044
4053
4059
4062
4071
4074
4074
4080
4083
4089
4089
4092
4095
4095
4098
4098
4101
4104
4104
4104
4107
4110
4110
4113
4113
4119
4119
4125
4131
4131
4134
4137
4140
4143
4149
4155
4158
4161
4173
4173
4176
4179
4188
4194
4200
4200
4200
4209
4212
4212
4215
4215
4215
4215
4218
4224
4224
4227
4236
4239
4239
4239
4242
4248
4248
4251
4251
4251
4263
4263
4269
4269
4275
4278
4278
4278
4284
4284
4284
4284
4299
4302
4305
4305
4314
4314
4317
4317
4320
4323
4326
4326
4329
4338
4338
4341
4350
4353
4353
4356
4356
4362
4365
4371
4371
4374
4374
4374
4377
4380
4386
4386
4389
4392
4392
4401
4401
4404
4404
4410
4416
4425
4434
4434
4434
4440
4443
4449
4452
4455
4455
4458
4458
4461
4461
4461
4461
4464
4467
4470
4470
4470
4473
4476
4476
4476
4482
4485
4488
4488
4491
4491
4494
4497
4497
4500
4500
4503
4509
4509
4509
4509
4512
4512
4515
4518
4524
4533
4536
4536
4539
4545
4554
4554
4554
4557
4557
4563
4563
4563
4566
4566
4566
4569
4572
4572
4572
4575
4584
4587
4590
4590
4599
4602
4611
4614
4614
4617
4620
4623
4623
4626
4638
4647
4650
4650
4653
4662
4665
4665
4677
4677
4677
4680
4680
4689
4692
4695
4695
4695
4698
4701
4701
4701
4704
4704
4707
4710
4713
4719
4722
4737
4752
4758
4761
4764
4767
4767
4767
4770
4773
4773
4773
4779
4794
4794
4794
4803
4806
4806
4809
4809
4812
4815
4818
4830
4833
4836
4839
4842
4845
4848
4854
4863
4866
4869
4872
4872
4878
4881
4887
4890
4893
4899
4902
4914
4914
4914
4920
4920
4926
4926
4926
4929
4932
4932
4935
4938
4941
4944
4962
4965
4971
4971
4971
4977
4977
4977
4980
4983
4983
4983
4983
4989
4992
4998
4998
4998
4998
5004
5007
5007
5016
5016
5019
5019
5022
5025
5025
5028
5028
5028
5031
5031
5037
5037
5040
5046
5049
5049
5049
5049
5055
5055
5058
5064
5070
5070
5070
5070
5073
5076
5082
5082
5085
5088
5091
5094
5097
5100
5100
5100
5103
5106
5106
5109
5109
5118
5121
5124
5127
5130
5130
5136
5139
5145
5148
5151
5154
5154
5154
5157
5157
5163
5172
5175
5178
5178
5181
5181
5187
5190
5196
5196
5205
5208
5208
5208
5208
5211
5214
5220
5220
5220
5223
5232
5235
5235
5238
5238
5250
5250
5253
5253
5256
5256
5259
5259
5265
5265
5265
5265
5274
5274
5277
5286
5286
5286
5289
5289
5292
5292
5292
5292
5292
5292
5295
5295
5298
5304
5304
5307
5310
5310
5313
5316
5316
5319
5319
5328
5328
5328
5331
5346
5349
5352
5358
5358
5364
5367
5367
5370
5373
5376
5376
5379
5382
5385
5388
5391
5391
5391
5397
5400
5400
5403
5403
5406
5412
5415
5415
5415
5421
5424
5424
5427
5427
5430
5433
5436
5439
5448
5451
5451
5454
5457
5457
5460
5460
5466
5475
5475
5484
5487
5487
5493
5496
5499
5499
5502
5505
5508
5511
5514
5517
5517
5520
5523
5526
5526
5529
5532
5538
5541
5544
5547
5550
5550
5556
5559
5568
5568
5571
5574
5577
5580
5580
5583
5583
5595
5601
5601
5604
5604
5607
5610
5610
5613
5619
5619
5619
5622
5625
5628
5628
5631
5631
5634
5634
5637
5643
5646
5646
5646
5649
5652
5652
5652
5655
5655
5658
5658
5658
5664
5664
5667
5667
5670
5676
5676
5679
5682
5685
5697
5700
5706
5706
5712
5712
5715
5721
5724
5733
5736
5736
5739
5739
5742
5742
5742
5748
5748
5748
5748
5751
5751
5751
5751
5754
5763
5763
5766
5769
5772
5775
5775
5778
5781
5784
5787
5787
5799
5799
5802
5802
5802
5808
5811
5811
5814
5817
5820
5820
5823
5826
5829
5835
5838
5841
5844
5844
5847
5847
5850
5859
5862
5862
5862
5868
5868
5871
5874
5874
5877
5883
5892
5898
5901
5904
5904
5907
5907
5910
5910
5913
5913
5916
5916
5922
5925
5928
5937
5937
5943
5949
5967
5970
5970
5970
5973
5973
5976
5976
5982
5982
5982
5985
5985
5988
5994
5994
6000
6000
6000
6003
6003
6009
6012
6012
6015
6027
6030
6033
6033
6036
6036
6042
6051
6051
6054
6057
6063
6066
6069
6069
6069
6075
6078
6081
6090
6096
6096
6096
6096
6096
6099
6105
6108
6111
6111
6114
6117
6117
6117
6120
6126
6129
6135
6138
6144
6150
6150
6150
6153
6153
6156
6159
6159
6162
6168
6171
6171
6171
6171
6174
6180
6183
6183
6186
6189
6192
6198
6201
6207
6213
6213
6216
6219
6222
6234
6234
6240
6243
6246
6246
6252
6258
6261
6267
6267
6273
6273
6276
6282
6291
6294
6294
6303
6309
6309
6309
6318
6321
6321
6327
6333
6342
6342
6348
6348
6348
6354
6354
6354
6360
6366
6369
6369
6369
6372
6372
6375
6378
6378
6381
6381
6384
6387
6390
6390
6393
6393
6399
6402
6408
6414
6414
6417
6420
6420
6423
6423
6423
6423
6426
6432
6435
6438
6441
6447
6450
6456
6462
6471
6471
6471
6474
6477
6477
6480
6480
6480
6483
6489
6489
6489
6492
6492
6492
6495
6495
6498
6498
6501
6504
6507
6516
6519
6519
6525
6528
6531
6540
6543
6543
6543
6552
6555
6558
6558
6558
6561
6567
6570
6570
6576
6576
6579
6582
6585
6585
6588
6588
6588
6591
6591
6591
6591
6591
6594
6597
6603
6606
6618
6618
6630
6633
6636
6636
6645
6645
6648
6654
6654
6672
6675
6675
6675
6678
6681
6684
6687
6693
6696
6702
6705
6705
6708
6708
6714
6720
6723
6723
6726
6732
6732
6732
6732
6735
6735
6735
6738
6747
6747
6750
6750
6753
6756
6756
6762
6762
6762
6765
6768
6768
6768
6771
6771
6777
6780
6780
6783
6786
6792
6792
6792
6804
6807
6810
6810
6810
6813
6816
6816
6816
6816
6825
6828
6831
6837
6837
6840
6846
6849
6852
6855
6855
6855
6858
6867
6867
6867
6870
6870
6870
6870
6876
6876
6879
6882
6885
6891
6900
6909
6909
6909
6912
6918
6918
6918
6921
6933
6933
6936
6942
6948
6948
6951
6951
6957
6957
6960
6963
6972
6972
6975
6975
6975
6978
6978
6978
6981
6981
6984
6984
6984
6987
6990
7002
7005
7008
7008
7011
7011
7014
7017
7017
7020
7020
7023
7023
7026
7029
7029
7035
7038
7041
7041
7044
7044
7047
7050
7053
7056
7056
7059
7062
7068
7074
7074
7080
7080
7086
7086
7086
7089
7089
7092
7104
7113
7125
7131
7131
7140
7140
7143
7146
7146
7152
7155
7158
7158
7158
7158
7161
7164
7170
7173
7176
7182
7182
7185
7188
7188
7191
7191
7194
7194
7194
7194
7197
7200
7200
7206
7209
7209
7212
7215
7218
7221
7224
7224
7227
7227
7227
7227
7230
7230
7239
7239
7242
7248
7251
7251
7251
7251
7251
7254
7254
7263
7266
7272
7275
7281
7281
7284
7287
7287
7293
7293
7293
7293
7296
7299
7305
7308
7308
7311
7314
7317
7320
7320
7320
7320
7326
7332
7332
7332
7335
7335
7338
7338
7338
7341
7341
7341
7344
7344
7344
7350
7353
7365
7365
7368
7368
7371
7371
7380
7383
7386
7386
7389
7395
7395
7398
7398
7398
7398
7413
7416
7425
7434
7440
7440
7443
7443
7446
7452
7458
7461
7464
7467
7470
7470
7473
7473
7476
7476
7479
7485
7488
7488
7488
7494
7497
7500
7500
7500
7500
7500
7509
7512
7512
7518
7518
7518
7521
7521
7524
7524
7524
7527
7527
7536
7536
7536
7539
7542
7548
7554
7557
7563
7569
7572
7572
7575
7578
7581
7584
7584
7587
7590
7593
7593
7596
7596
7596
7605
7605
7608
7611
7611
7611
7611
7614
7623
7623
7623
7626
7629
7632
7632
7635
7638
7644
7650
7653
7653
7656
7665
7665
7671
7671
7671
7680
7686
7689
7692
7692
7701
7704
7704
7707
7707
7707
7710
7710
7713
7713
7719
7719
7719
7722
7728
7731
7731
7737
7743
7746
7749
7752
7755
7758
7761
7761
7767
7767
7767
7770
7770
7773
7776
7779
7779
7782
7785
7785
7788
7788
7788
7800
7803
7806
7809
7809
7812
7812
7815
7818
7818
7821
7821
7821
7830
7839
7839
7845
7848
7857
7857
7857
7860
7860
7860
7863
7875
7878
7878
7881
7887
7893
7893
7896
7899
7908
7917
7920
7923
7923
7932
7935
7938
7941
7947
7947
7950
7950
7950
7956
7956
7956
7959
7962
7965
7968
7971
7977
7980
7980
7989
7992
8001
8001
8001
8004
8007
8007
8013
8013
8013
8019
8022
8025
8028
8034
8043
8046
8049
8052
8052
8055
8058
8058
8058
8061
8070
8070
8079
8079
8079
8091
8091
8097
8097
8100
8103
8103
8112
8112
8112
8121
8124
8127
8130
8130
8133
8142
8151
8151
8154
8154
8157
8160
8160
8166
8166
8169
8172
8172
8178
8178
8178
8184
8193
8196
8199
8199
8202
8208
8208
8208
8208
8214
8214
8217
8220
8223
8226
8229
8238
8241
8244
8244
8253
8256
8256
8262
8271
8274
8277
8283
8286
8286
8286
8286
8286
8292
8298
8304
8313
8313
8316
8316
8319
8322
8325
8325
8328
8331
8334
8337
8340
8340
8340
8343
8346
8349
8355
8364
8364
8364
8367
8367
8370
8370
8373
8373
8379
8382
8391
8394
8397
8400
8400
8400
8403
8406
8409
8424
8424
8433
8442
8442
8442
8445
8445
8448
8448
8454
8454
8463
8469
8475
8475
8478
8484
8487
8490
8493
8493
8499
8502
8502
8505
8505
8517
8520
8532
8538
8538
8541
8547
8547
8550
8550
8556
8559
8559
8568
8568
8571
8571
8574
8577
8577
8580
8583
8583
8586
8589
8589
8589
8592
8592
8595
8595
8595
8604
8604
8604
8607
8616
8616
8616
8631
8631
8634
8637
8652
8652
8655
8655
8658
8658
8661
8661
8664
8676
8676
8679
8679
8688
8688
8700
8706
8706
8706
8712
8712
8718
8721
8724
8724
8727
8733
8736
8739
8748
8751
8751
8757
8772
8772
8775
8781
8781
8787
8790
8793
8796
8802
8811
8814
8817
8817
8820
8823
8826
8829
8832
8835
8835
8838
8838
8841
8841
8847
8853
8853
8856
8856
8862
8868
8868
8868
8871
8871
8874
8874
8877
8877
8877
8880
8880
8883
8883
8886
8892
8898
8901
8904
8907
8907
8907
8910
8913
8916
8922
8928
8928
8928
8931
8931
8937
8940
8940
8940
8943
8946
8946
8949
8952
8955
8955
8958
8964
8967
8967
8976
8979
8982
8982
8985
8985
8988
8988
8988
9000
9000
9006
9009
9015
9021
9027
9030
9036
9039
9042
9042
9045
9045
9048
9051
9051
9051
9057
9063
9066
9066
9069
9072
9081
9081
9081
9099
9108
9108
9108
9108
9111
9111
9114
9114
9117
9123
9123
9126
9126
9129
9129
9129
9138
9147
9150
9150
9153
9159
9159
9162
9165
9171
9174
9198
9201
9201
9204
9207
9207
9210
9213
9216
9216
9222
9222
9222
9228
9228
9240
9243
9243
9246
9249
9249
9252
9252
9252
9255
9258
9261
9261
9261
9264
9264
9264
9270
9270
9270
9273
9276
9282
9288
9291
9300
9303
9303
9306
9306
9309
9312
9315
9318
9321
9321
9324
9327
9327
9327
9333
9333
9339
9345
9345
9351
9351
9354
9357
9366
9369
9372
9375
9375
9375
9381
9381
9384
9384
9384
9387
9393
9393
9402
9402
9402
9402
9408
9408
9408
9414
9426
9444
9444
9447
9450
9462
9462
9465
9471
9471
9486
9489
9495
9495
9504
9510
9516
9516
9522
9522
9528
9534
9534
9540
9543
9543
9543
9552
9555
9558
9561
9561
9567
9570
9570
9573
9576
9576
9576
9579
9579
9579
9582
9585
9591
9594
9594
9597
9600
9600
9603
9603
9603
9606
9606
9609
9612
9612
9615
9615
9618
9621
9633
9648
9651
9654
9654
9660
9660
9663
9663
9669
9678
9678
9678
9681
9681
9684
9684
9693
9699
9702
9702
9702
9702
9705
9705
9714
9714
9720
9723
9729
9732
9735
9735
9738
9738
9741
9747
9753
9759
9759
9762
9762
9765
9771
9780
9780
9780
9780
9795
9795
9807
9816
9816
9825
9828
9837
9840
9840
9843
9843
9843
9852
9858
9858
9861
9864
9870
9870
9873
9882
9888
9894
9897
9900
9909
9912
9912
9915
9915
9921
9930
9936
9939
9945
9945
9948
9948
9948
9948
9957
9960
9960
9960
9960
9963
9963
9966
9969
9972
9972
9975
9975
9981
9987
9987
10002
10002
10002
10002
10008
10008
10014
10017
10023
10029
10032
10038
10047
10050
10053
10053
10056
10059
10062
10062
10065
10068
10074
10083
10083
10086
10089
10098
10098
10098
10101
10101
10101
10104
10104
10104
10107
10110
10110
10116
10119
10125
10128
10128
10131
10134
10137
10137
10143
10143
10146
10146
10155
10155
10158
10164
10164
10167
10167
10170
10173
10176
10176
10179
10191
10191
10191
10194
10200
10200
10206
10209
10215
10224
10227
10227
10230
10236
10236
10236
10245
10257
10266
10266
10266
10272
10278
10278
10278
10281
10284
10284
10287
10290
10296
10299
10302
10302
10302
10305
10311
10311
10317
10317
10323
10323
10326
10329
10332
10335
10335
10341
10347
10347
10353
10359
10359
10362
10362
10365
10365
10368
10374
10383
10383
10386
10389
10392
10395
10398
10398
10401
10401
10404
10404
10410
10416
10416
10416
10422
10422
10425
10425
10425
10428
10428
10428
10428
10431
10434
10437
10440
10440
10440
10443
10452
10452
10455
10458
10467
10467
10467
10473
10473
10476
10476
10479
10479
10482
10485
10491
10494
10494
10497
10500
10503
10503
10506
10509
10512
10518
10521
10524
10533
10533
10539
10545
10545
10545
10548
10554
10557
10557
10560
10560
10566
10572
10578
10578
10581
10584
10584
10587
10590
10590
10593
10596
10605
10608
10608
10608
10614
10614
10617
10620
10620
10620
10620
10623
10626
10629
10638
10638
10638
10647
10653
10653
10665
10668
10668
10668
10674
10674
10674
10677
10680
10683
10686
10689
10698
10701
10701
10704
10704
10707
10710
10713
10713
10713
10716
10716
10722
10731
10740
10746
10746
10749
10749
10752
10752
10758
10761
10761
10767
10770
10773
10776
10779
10779
10779
10779
10782
10791
10791
10794
10794
10800
10800
10803
10806
10809
10809
10812
10815
10818
10821
10824
10824
10827
10830
10836
10842
10845
10848
10851
10854
10854
10857
10863
10866
10872
10875
10884
10887
10887
10890
10890
10890
10893
10899
10899
10902
10905
10911
10914
10914
10914
10914
10917
10917
10920
10920
10923
10929
10929
10929
10932
10935
10935
10941
10953
10962
10962
10968
10974
10977
10980
10980
10980
10983
10986
10995
10998
11001
11001
11001
11004
11004
11007
11007
11016
11016
11019
11031
11031
11031
11031
11034
11040
11043
11046
11049
11052
11064
11070
11070
11076
11076
11082
11091
11100
11106
11112
11115
11118
11121
11124
11124
11127
11130
11130
11142
11148
11166
11175
11178
11178
11181
11181
11187
11193
11193
11196
11199
11199
11205
11205
11205
11205
11205
11208
11211
11211
11214
11217
11223
11229
11229
11229
11229
11229
11235
11238
11238
11238
11247
11247
11247
11250
11250
11250
11253
11256
11256
11265
11268
11268
11274
11277
11277
11280
11280
11283
11283
11289
11292
11295
11295
11298
11301
11304
11313
11316
11322
11325
11328
11328
11328
11328
11334
11337
11343
11349
11349
11358
11358
11358
11361
11367
11367
11367
11370
11379
11382
11382
11388
11391
11391
11391
11391
11394
11397
11400
11403
11406
11406
11409
11409
11415
11421
11427
11427
11433
11436
11442
11445
11448
11448
11454
11457
11460
11469
11469
11472
11481
11493
11502
11502
11517
11520
11520
11520
11535
11538
11538
11541
11541
11544
11550
11553
11556
11559
11559
11562
11565
11565
11568
11568
11574
11574
11580
11580
11583
11586
11589
11601
11601
11601
11604
11607
11616
11619
11625
11625
11634
11634
11637
11637
11640
11640
11643
11643
11649
11652
11652
11652
11655
11658
11664
11667
11673
11676
11682
11682
11685
11685
11685
11685
11691
11694
11694
11697
11703
11706
11706
11709
11709
11712
11724
11727
11727
11742
11745
11751
11751
11760
11760
11763
11769
11772
11772
11772
11775
11778
11781
11781
11784
11784
11790
11796
11796
11805
11808
11811
11814
11817
11820
11823
11823
11823
11832
11835
11844
11847
11850
11853
11859
11859
11859
11859
11868
11874
11874
11877
11880
11886
11889
11892
11892
11892
11901
11901
11907
11907
11907
11910
11910
11910
11913
11913
11916
11916
11919
11919
11925
11925
11925
11931
11934
11937
11937
11943
11943
11946
11946
11949
11949
11949
11952
11952
11958
11958
11958
11958
11964
11964
11964
11964
11970
11970
11973
11985
11991
11991
11997
12006
12009
12009
12015
12021
12024
12024
12024
12030
12030
12033
12036
12036
12036
12042
12048
12054
12057
12060
12063
12069
12069
12072
12075
12075
12078
12081
12081
12084
12084
12087
12087
12090
12090
12096
12102
12102
12105
12108
12111
12111
12114
12117
12126
12126
12126
12129
12135
12135
12138
12144
12147
12147
12147
12150
12156
12159
12162
12165
12168
12177
12183
12195
12198
12198
12201
12207
12207
12216
12216
12222
12225
12225
12231
12240
12243
12243
12246
12246
12249
12249
12252
12261
12264
12270
12270
12270
12273
12282
12282
12291
12294
12294
12294
12300
12303
12315
12321
12321
12324
12333
12336
12336
12339
12342
12348
12351
12354
12357
12363
12363
12366
12369
12375
12375
12381
12381
12381
12387
12387
12387
12393
12393
12393
12399
12411
12417
12417
12426
12429
12438
12441
12444
12444
12447
12447
12450
12453
12453
12453
12459
12468
12468
12471
12471
12474
12474
12477
12477
12480
12480
12483
12483
12507
12507
12510
12513
12513
12516
12516
12516
12519
12522
12522
12525
12528
12528
12531
12534
12534
12543
12549
12549
12558
12567
12567
12573
12579
12582
12600
12600
12606
12606
12606
12618
12633
12636
12639
12639
12642
12645
12645
12648
12651
12654
12660
12669
12672
12672
12672
12678
12678
12678
12684
12684
12687
12687
12690
12693
12693
12696
12702
12702
12702
12702
12705
12708
12711
12711
12714
12714
12717
12717
12720
12732
12741
12750
12753
12753
12759
12762
12765
12765
12771
12774
12777
12777
12777
12780
12780
12780
12783
12789
12792
12792
12801
12801
12810
12810
12816
12819
12822
12831
12831
12834
12840
12846
12855
12858
12858
12861
12864
12867
12867
12870
12876
12876
12879
12879
12882
12885
12888
12888
12888
12894
12894
12897
12900
12906
12909
12909
12909
12912
12915
12915
12915
12924
12924
12927
12930
12930
12930
12933
12939
12939
12939
12942
12945
12945
12945
12951
12951
12957
12957
12963
12966
12966
12969
12978
12981
12987
12990
12993
13002
13005
13005
13008
13008
13014
13017
13017
13020
13023
13026
13026
13035
13038
13038
13041
13041
13047
13050
13050
13053
13056
13059
13059
13062
13062
13062
13062
13065
13080
13086
13089
13092
13092
13095
13095
13098
13098
13101
13104
13110
13110
13113
13119
13122
13128
13128
13131
13131
13140
13158
13161
13173
13176
13179
13182
13188
13188
13194
13197
13197
13197
13197
13197
13200
13200
13203
13209
13209
13212
13212
13212
13230
13236
13242
13245
13245
13251
13254
13254
13260
13263
13263
13263
13266
13272
13275
13281
13281
13284
13284
13284
13284
13284
13284
13287
13287
13287
13293
13299
13305
13305
13305
13311
13311
13311
13314
13317
13320
13320
13320
13326
13329
13332
13332
13332
13335
13335
13338
13341
13344
13344
13353
13359
13362
13368
13371
13374
13377
13383
13389
13392
13392
13392
13395
13398
13401
13401
13404
13410
13410
13413
13413
13419
13419
13422
13422
13434
13440
13440
13440
13443
13449
13449
13452
13458
13458
13458
13461
13461
13464
13464
13467
13473
13476
13476
13479
13488
13488
13491
13491
13494
13497
13497
13503
13509
13512
13512
13518
13518
13518
13518
13527
13530
13539
13545
13557
13560
13566
13566
13566
13572
13575
13575
13584
13584
13587
13587
13593
13602
13602
13614
13614
13614
13617
13620
13620
13626
13629
13632
13635
13644
13644
13644
13650
13653
13653
13659
13662
13662
13665
13668
13671
13692
13692
13698
13698
13698
13701
13701
13707
13707
13707
13710
13719
13728
13737
13740
13743
13746
13746
13746
13752
13752
13755
13755
13755
13758
13761
13767
13773
13776
13782
13782
13785
13785
13788
13788
13797
13797
13797
13803
13809
13812
13818
13818
13824
13830
13839
13839
13842
13845
13851
13851
13854
13857
13857
13860
13860
13863
13863
13866
13869
13869
13872
13872
13875
13878
13884
13884
13884
13884
13890
13893
13893
13893
13896
13896
13896
13899
13902
13902
13905
13911
13920
13929
13935
13938
13941
13941
13947
13947
13950
13953
13953
13956
13959
13959
13962
13965
13968
13968
13971
13971
13974
13974
13977
13980
13980
13983
13983
13989
13992
13995
14004
14007
14007
14016
14016
14016
14016
14022
14025
14037
14037
14040
14040
14043
14043
14046
14049
14049
14049
14055
14061
14067
14073
14076
14088
14088
14088
14088
14097
14097
14100
14100
14103
14103
14109
14112
14121
14121
14130
14133
14133
14136
14139
14139
14139
14142
14145
14145
14151
14154
14160
14163
14163
14163
14166
14169
14169
14175
14181
14184
14184
14193
14193
14196
14202
14205
14208
14223
14229
14232
14238
14238
14241
14253
14253
14256
14259
14262
14262
14262
14268
14271
14271
14271
14274
14280
14283
14283
14286
14289
14289
14298
14304
14310
14322
14325
14331
14331
14331
14331
14340
14340
14343
14346
14346
14346
14352
14352
14352
14352
14355
14358
14364
14364
14367
14367
14370
14370
14373
14382
14382
14385
14388
14391
14394
14400
14400
14409
14409
14412
14412
14418
14421
14427
14430
14430
14433
14436
14436
14439
14442
14445
14448
14457
14457
14463
14463
14466
14469
14472
14472
14475
14478
14478
14481
14484
14484
14487
14493
14493
14496
14499
14499
14505
14508
14508
14511
14511
14511
14511
14514
14514
14520
14529
14529
14538
14541
14544
14547
14550
14550
14550
14553
14553
14559
14565
14568
14571
14571
14571
14574
14580
14583
14592
14595
14595
14595
14598
14598
14604
14613
14613
14613
14616
14619
14619
14625
14628
14628
14634
14634
14637
14658
14664
14664
14670
14670
14673
14676
14682
14682
14682
14694
14694
14694
14697
14697
14703
14703
14706
14706
14706
14706
14706
14715
14724
14724
14730
14733
14742
14742
14745
14745
14748
14751
14754
14757
14763
14763
14763
14766
14766
14766
14769
14769
14772
14772
14775
14775
14778
14787
14787
14790
14790
14793
14796
14808
14808
14808
14814
14817
14823
14826
14829
14829
14832
14832
14838
14838
14841
14847
14847
14850
14853
14856
14862
14868
14871
14871
14871
14877
14877
14877
14877
14889
14895
14895
14895
14898
14898
14901
14901
14901
14904
14910
14910
14916
14916
14919
14919
14922
14922
14925
14925
14925
14925
14931
14931
14934
14940
14940
14940
14940
14943
14943
14946
14946
14949
14952
14955
14967
14970
14976
14979
14982
14982
14988
14988
14988
14988
15006
15006
15006
15009
15012
15012
15012
15021
15024
15024
15027
15027
15027
15030
15036
15036
15042
15048
15054
15054
15066
15066
15066
15066
15069
15075
15078
15078
15081
15081
15081
15081
15093
15096
15096
15096
15096
15099
15102
15105
15111
15117
15120
15144
15153
15156
15159
15159
15162
15162
15165
15165
15168
15171
15177
15186
15186
15186
15186
15189
15189
15204
15207
15207
15207
15207
15210
15219
15219
15219
15225
15231
15237
15237
15240
15240
15243
15243
15246
15246
15252
15252
15258
15258
15258
15261
15261
15264
15267
15270
15270
15273
15273
15276
15276
15279
15282
15282
15282
15282
15288
15294
15300
15303
15318
15318
15321
15321
15324
15324
15327
15327
15327
15330
15333
15333
15333
15339
15345
15351
15351
15360
15369
15372
15372
15378
15384
15384
15387
15387
15390
15390
15399
15402
15405
15405
15408
15414
15414
15417
15420
15420
15420
15420
15423
15423
15423
15426
15429
15432
15432
15435
15435
15438
15441
15441
15444
15447
15447
15447
15450
15450
15450
15459
15459
15462
15465
15468
15471
15471
15477
15477
15483
15489
15492
15504
15504
15510
15513
15513
15516
15519
15519
15522
15522
15531
15537
15549
15552
15555
15555
15561
15564
15564
15564
15567
15573
15576
15579
15579
15579
15585
15585
15588
15588
15588
15591
15594
15594
15597
15597
15597
15600
15603
15606
15606
15606
15609
15609
15612
15615
15615
15618
15621
15627
15633
15633
15639
15639
15645
15645
15648
15648
15648
15651
15654
15654
15657
15657
15660
15663
15666
15666
15666
15669
15672
15678
15678
15696
15699
15705
15708
15711
15714
15714
15714
15720
15720
15729
15732
15732
15735
15735
15738
15738
15738
15741
15741
15747
15747
15750
15759
15765
15765
15771
15774
15780
15780
15789
15795
15804
15807
15807
15810
15810
15813
15813
15816
15819
15819
15819
15822
15828
15828
15834
15837
15843
15843
15861
15867
15867
15873
15876
15879
15882
15882
15882
15882
15885
15888
15888
15891
15897
15900
15903
15903
15906
15906
15912
15912
15915
15921
15921
15927
15936
15939
15939
15942
15942
15942
15942
15942
15945
15945
15948
15951
15951
15960
15960
15960
15960
15963
15969
15972
15975
15975
15978
15981
15987
15987
15999
16008
16011
16011
16017
16017
16017
16020
16023
16029
16032
16041
16044
16047
16053
16056
16056
16062
16062
16068
16071
16074
16080
16080
16083
16083
16086
16086
16092
16095
16098
16098
16107
16116
16119
16122
16125
16125
16125
16125
16134
16137
16140
16146
16146
16149
16149
16152
16155
16158
16164
16164
16164
16167
16170
16173
16179
16182
16188
16191
16194
16197
16203
16203
16206
16209
16209
16212
16212
16212
16215
16221
16224
16224
16227
16227
16230
16236
16239
16242
16242
16245
16254
16254
16254
16254
16260
16263
16284
16284
16284
16293
16296
16299
16299
16305
16308
16317
16320
16332
16335
16335
16335
16338
16338
16344
16344
16344
16347
16347
16353
16353
16353
16371
16371
16374
16374
16377
16380
16383
16386
16395
16395
16401
16404
16404
16407
16407
16416
16416
16422
16428
16437
16443
16443
16446
16449
16449
16452
16452
16452
16452
16455
16455
16458
16458
16458
16458
16458
16461
16464
16467
16467
16473
16476
16479
16482
16488
16491
16491
16503
16509
16509
16512
16518
16521
16521
16521
16521
16524
16527
16527
16530
16530
16530
16539
16539
16542
16545
16545
16548
16548
16551
16557
16560
16560
16566
16575
16584
16584
16584
16587
16587
16590
16596
16596
16599
16599
16599
16605
16611
16611
16611
16611
16614
16614
16617
16617
16620
16626
16626
16626
16629
16632
16632
16635
16635
16653
16659
16662
16662
16662
16668
16671
16677
16680
16686
16686
16686
16689
16695
16695
16698
16701
16701
16707
16719
16722
16725
16725
16728
16728
16734
16734
16743
16743
16749
16761
16767
16767
16767
16773
16773
16773
16779
16785
16788
16788
16803
16812
16812
16815
16818
16821
16824
16824
16824
16830
16830
16833
16839
16842
16842
16845
16848
16848
16851
16851
16860
16860
16866
16866
16872
16875
16875
16878
16890
16890
16890
16896
16902
16902
16908
16911
16917
16920
16920
16932
16935
16944
16944
16947
16950
16953
16956
16959
16965
16977
16980
16983
16983
16986
16986
16986
16992
16995
16995
16998
17001
17001
17004
17007
17007
17007
17019
17025
17025
17028
17031
17037
17043
17043
17046
17049
17049
17049
17055
17055
17055
17055
17061
17067
17067
17070
17070
17079
17079
17082
17082
17082
17082
17094
17097
17097
17103
17109
17109
17130
17130
17130
17136
17142
17151
17160
17163
17163
17169
17169
17169
17181
17184
17184
17187
17187
17187
17190
17190
17190
17196
17202
17205
17208
17211
17214
17220
17223
17223
17229
17229
17229
17229
17232
17235
17238
17238
17244
17247
17256
17259
17268
17271
17277
17277
17280
17280
17280
17283
17289
17292
17307
17310
17313
17313
17319
17319
17322
17322
17328
17328
17340
17352
17355
17358
17358
17361
17370
17373
17376
17376
17376
17379
17379
17385
17388
17391
17391
17403
17418
17418
17421
17421
17424
17430
17430
17430
17433
17433
17433
17433
17436
17439
17439
17442
17445
17454
17460
17460
17466
17472
17478
17481
17481
17487
17490
17493
17496
17496
17496
17496
17496
17499
17505
17514
17514
17517
17520
17523
17526
17526
17529
17532
17544
17547
17547
17553
17556
17556
17559
17565
17571
17574
17577
17577
17580
17586
17586
17595
17595
17613
17613
17616
17619
17625
17628
17628
17631
17631
17631
17634
17637
17646
17646
17649
17652
17652
17652
17652
17661
17661
17664
17664
17664
17664
17673
17676
17679
17682
17682
17685
17694
17697
17700
17703
17706
17712
17712
17712
17715
17718
17721
17724
17733
17739
17742
17742
17745
17748
17751
17751
17751
17763
17766
17769
17769
17772
17781
17787
17790
17790
17790
17793
17793
17799
17805
17811
17814
17817
17817
17817
17820
17826
17832
17838
17838
17838
17844
17847
17847
17850
17850
17865
17865
17865
17868
17871
17877
17880
17886
17892
17895
17904
17916
17919
17925
17928
17928
17937
17937
17943
17943
17952
17952
17958
17961
17964
17967
17970
17973
17973
17973
17979
17988
17988
17988
17988
17991
17991
17994
18003
18003
18006
18006
18009
18009
18012
18021
18021
18027
18027
18030
18033
18033
18039
18042
18051
18051
18054
18054
18054
18057
18060
18063
18069
18069
18069
18072
18078
18078
18081
18087
18087
18090
18090
18093
18096
18102
18102
18108
18111
18111
18114
18114
18117
18120
18126
18126
18126
18132
18138
18138
18138
18138
18141
18141
18144
18144
18147
18147
18150
18156
18159
18159
18165
18165
18165
18165
18168
18171
18174
18177
18177
18186
18186
18192
18198
18201
18201
18201
18204
18207
18207
18207
18207
18207
18210
18210
18210
18210
18213
18216
18216
18219
18219
18219
18225
18225
18225
18228
18234
18234
18243
18246
18246
18246
18249
18255
18255
18261
18267
18270
18276
18276
18279
18282
18285
18285
18285
18288
18291
18291
18294
18297
18303
18303
18309
18312
18315
18318
18321
18321
18321
18321
18327
18330
18333
18336
18336
18345
18348
18360
18363
18369
18369
18372
18372
18372
18372
18381
18381
18384
18384
18390
18393
18396
18396
18405
18408
18417
18420
18423
18429
18429
18429
18432
18435
18438
18438
18438
18441
18441
18444
18447
18447
18447
18450
18453
18453
18462
18465
18465
18465
18468
18471
18474
18474
18474
18477
18486
18489
18492
18495
18498
18501
18504
18504
18519
18519
18522
18537
18537
18537
18540
18540
18540
18543
18543
18543
18552
18552
18555
18555
18558
18558
18558
18561
18561
18567
18567
18570
18582
18588
18588
18591
18591
18591
18591
18600
18606
18606
18609
18618
18618
18618
18621
18630
18630
18630
18633
18636
18639
18642
18645
18645
18648
18654
18657
18663
18663
18666
18669
18672
18678
18681
18681
18684
18684
18687
18690
18690
18690
18696
18696
18702
18702
18708
18714
18720
18723
18726
18729
18735
18738
18738
18744
18753
18753
18759
18759
18762
18762
18762
18765
18765
18768
18768
18771
18774
18774
18777
18780
18789
18792
18795
18798
18798
18801
18807
18810
18810
18813
18813
18813
18828
18828
18837
18840
18846
18849
18852
18855
18858
18858
18861
18867
18876
18882
18882
18885
18885
18888
18888
18888
18888
18891
18894
18900
18900
18906
18909
18912
18912
18912
18915
18915
18915
18921
18924
18927
18930
18930
18930
18933
18936
18936
18939
18942
18942
18945
18945
18945
18945
18951
18951
18957
18957
18960
18969
18969
18969
18981
18984
18984
18990
18993
18996
18999
19002
19005
19011
19011
19011
19011
19014
19020
19023
19026
19026
19029
19029
19038
19041
19047
19050
19059
19059
19065
19065
19065
19074
19074
19092
19092
19095
19101
19101
19104
19104
19110
19113
19119
19128
19128
19128
19140
19140
19143
19146
19146
19149
19149
19152
19155
19158
19158
19161
19161
19164
19170
19173
19176
19176
19179
19179
19179
19182
19182
19188
19197
19200
19209
19209
19218
19221
19224
19233
19236
19239
19245
19245
19251
19251
19251
19266
19266
19269
19272
19275
19278
19278
19281
19284
19284
19287
19290
19293
19296
19305
19311
19317
19320
19326
19329
19329
19329
19332
19335
19335
19335
19338
19338
19341
19347
19347
19350
19350
19353
19353
19353
19365
19368
19371
19374
19377
19380
19383
19383
19383
19383
19383
19386
19389
19389
19389
19395
19395
19398
19401
19404
19407
19407
19407
19410
19413
19413
19425
19443
19446
19452
19455
19455
19464
19467
19473
19473
19473
19476
19479
19479
19485
19485
19488
19488
19488
19497
19506
19506
19509
19512
19515
19518
19524
19524
19527
19533
19536
19539
19539
19539
19542
19548
19548
19560
19569
19569
19575
19578
19581
19581
19584
19590
19590
19590
19599
19611
19614
19617
19617
19620
19638
19641
19644
19644
19647
19647
19650
19650
19653
19656
19659
19665
19674
19677
19677
19680
19683
19683
19686
19689
19689
19695
19698
19698
19701
19704
19707
19710
19713
19716
19719
19725
19737
19740
19740
19743
19746
19755
19758
19761
19767
19770
19770
19770
19773
19773
19776
19776
19776
19779
19788
19806
19806
19806
19812
19812
19812
19812
19818
19824
19830
19833
19842
19851
19854
19854
19869
19878
19881
19881
19881
19884
19884
19884
19884
19893
19905
19905
19908
19908
19914
19917
19917
19917
19917
19923
19923
19926
19929
19932
19932
19932
19932
19935
19938
19941
19941
19941
19941
19947
19950
19953
19953
19956
19956
19962
19968
19971
19971
19974
19980
19980
19980
19983
19983
19998
19998
20001
20004
20019
20019
20019
20022
20028
20031
20031
20034
20043
20046
20049
20049
20055
20061
20064
20067
20070
20076
20076
20085
20088
20091
20091
20091
20091
20091
20091
20094
20094
20097
20100
20103
20103
20106
20106
20106
20112
20112
20112
20115
20118
20121
20127
20130
20133
20136
20139
20145
20145
20145
20151
20154
20157
20160
20160
20160
20163
20163
20166
20169
20169
20175
20184
20187
20196
20196
20196
20196
20196
20199
20202
20202
20205
20232
20238
20241
20250
20253
20253
20259
20262
20277
20277
20280
20286
20286
20286
20286
20289
20289
20289
20295
20298
20298
20298
20298
20304
20304
20304
20307
20307
20313
20319
20319
20322
20325
20325
20328
20331
20337
20337
20337
20340
20340
20340
20349
20349
20358
20361
20367
20367
20370
20373
20385
20388
20391
20391
20397
20397
20397
20397
20397
20400
20403
20403
20406
20406
20418
20418
20418
20424
20427
20430
20433
20436
20436
20439
20439
20439
20442
20442
20445
20448
20448
20448
20448
20451
20454
20457
20457
20463
20463
20469
20469
20475
20475
20478
20478
20481
20484
20484
20487
20487
20487
20490
20493
20496
20499
20499
20517
20520
20520
20526
20529
20532
20535
20535
20535
20538
20541
20541
20541
20544
20550
20553
20559
20559
20562
20571
20574
20577
20580
20583
20586
20589
20595
20595
20595
20601
20601
20604
20610
20610
20616
20619
20619
20622
20625
20628
20631
20634
20634
20637
20637
20640
20640
20646
20646
20646
20649
20652
20655
20658
20661
20661
20661
20676
20679
20682
20682
20682
20682
20688
20688
20691
20694
20694
20694
20694
20700
20703
20703
20706
20706
20706
20715
20724
20727
20733
20733
20736
20736
20736
20748
20748
20754
20754
20754
20754
20766
20766
20769
20772
20787
20787
20790
20793
20793
20793
20796
20799
20802
20802
20808
20808
20817
20820
20823
20826
20826
20832
20832
20835
20838
20838
20841
20844
20847
20847
20850
20850
20853
20853
20856
20856
20859
20862
20862
20865
20871
20871
20874
20877
20880
20889
20892
20895
20901
20901
20904
20907
20907
20913
20919
20922
20925
20931
20931
20931
20931
20931
20934
20937
20946
20949
20952
20952
20958
20961
20967
20970
20973
20976
20979
20982
20985
20988
20988
20991
20997
20997
21000
21006
21006
21009
21012
21015
21015
21018
21018
21021
21024
21024
21027
21030
21033
21033
21033
21039
21045
21048
21048
21051
21051
21051
21054
21054
21054
21057
21060
21060
21063
21063
21063
21063
21063
21066
21069
21069
21069
21078
21081
21081
21084
21093
21096
21099
21105
21111
21114
21126
21129
21132
21138
21138
21138
21138
21141
21144
21147
21150
21153
21153
21159
21165
21165
21168
21171
21171
21171
21171
21171
21174
21174
21174
21174
21177
21180
21180
21180
21180
21189
21198
21219
21222
21228
21228
21234
21234
21240
21249
21252
21258
21264
21264
21264
21267
21276
21279
21279
21282
21285
21288
21288
21294
21300
21300
21312
21321
21327
21336
21336
21336
21339
21348
21351
21351
21366
21372
21372
21375
21375
21375
21378
21378
21384
21387
21390
21393
21393
21399
21399
21402
21405
21408
21411
21411
21411
21411
21414
21417
21420
21423
21423
21426
21426
21432
21435
21441
21441
21453
21453
21459
21462
21462
21468
21468
21471
21471
21471
21477
21477
21480
21480
21480
21480
21483
21483
21483
21486
21486
21489
21492
21498
21498
21498
21501
21507
21510
21513
21513
21513
21516
21516
21516
21519
21522
21531
21531
21537
21540
21543
21543
21546
21546
21549
21549
21549
21552
21558
21558
21567
21567
21567
21570
21570
21573
21573
21573
21573
21576
21579
21585
21585
21585
21585
21588
21588
21594
21594
21594
21597
21606
21606
21612
21615
21615
21615
21621
21624
21627
21633
21639
21639
21639
21642
21645
21648
21654
21660
21660
21666
21669
21672
21672
21675
21675
21675
21678
21678
21681
21687
21690
21693
21693
21696
21699
21699
21699
21702
21708
21708
21711
21711
21714
21714
21720
21723
21723
21726
21726
21738
21741
21747
21747
21747
21750
21753
21756
21759
21765
21771
21774
21777
21777
21777
21780
21780
21786
21789
21792
21792
21798
21801
21807
21810
21822
21825
21825
21831
21831
21834
21837
21837
21840
21843
21846
21849
21852
21861
21861
21861
21864
21873
21873
21876
21879
21879
21882
21885
21885
21888
21888
21894
21900
21900
21903
21903
21903
21909
21909
21912
21912
21912
21915
21915
21918
21921
21924
21924
21924
21927
21933
21945
21948
21954
21957
21963
21969
21969
21975
21975
21975
21978
21978
21978
21981
21981
21981
21984
21984
21984
21984
21987
21987
21990
21990
21990
21996
21996
21996
21996
21999
22002
22005
22008
22011
22014
22014
22014
22014
22017
22017
22017
22020
22020
22026
22029
22029
22032
22035
22038
22038
22044
22044
22044
22047
22050
22053
22053
22053
22056
22056
22059
22062
22065
22065
22068
22074
22074
22083
22083
22083
22089
22092
22098
22101
22101
22101
22110
22110
22116
22116
22119
22122
22125
22128
22137
22143
22143
22146
22146
22152
22155
22167
22167
22170
22179
22182
22182
22182
22185
22185
22188
22188
22191
22191
22194
22194
22206
22209
22209
22209
22209
22221
22221
22230
22233
22236
22242
22245
22245
22245
22257
22263
22263
22266
22266
22266
22269
22269
22272
22275
22278
22278
22278
22281
22284
22284
22287
22287
22296
22299
22299
22305
22308
22311
22320
22323
22323
22332
22332
22332
22335
22335
22335
22338
22341
22341
22344
22350
22350
22353
22353
22368
22368
22374
22374
22374
22374
22377
22389
22395
22395
22398
22398
22407
22407
22410
22413
22416
22422
22434
22446
22446
22449
22449
22449
22455
22458
22461
22470
22473
22473
22476
22482
22482
22485
22485
22485
22491
22497
22500
22500
22506
22506
22512
22512
22521
22527
22530
22542
22554
22554
22563
22566
22569
22569
22575
22578
22584
22587
22587
22593
22593
22593
22593
22599
22599
22602
22602
22608
22611
22611
22614
22614
22617
22620
22620
22620
22623
22626
22626
22632
22635
22638
22641
22644
22644
22656
22662
22662
22665
22674
22677
22677
22680
22686
22689
22689
22692
22692
22695
22698
22701
22704
22704
22707
22710
22716
22722
22722
22728
22728
22728
22728
22734
22737
22740
22746
22746
22755
22755
22758
22770
22770
22770
22770
22773
22779
22785
22788
22791
22800
22800
22800
22806
22812
22815
22815
22824
22827
22827
22830
22830
22833
22836
22842
22848
22851
22857
22875
22875
22878
22878
22890
22890
22893
22893
22893
22893
22896
22899
22899
22899
22899
22899
22902
22902
22908
22911
22911
22917
22917
22917
22920
22920
22923
22929
22935
22935
22944
22953
22956
22956
22959
22959
22962
22962
22965
22968
22971
22971
22974
22980
22986
22986
22986
22986
22992
22992
22998
23001
23004
23007
23016
23016
23019
23022
23028
23034
23037
23040
23043
23046
23046
23052
23058
23064
23064
23067
23070
23070
23079
23082
23085
23097
23100
23106
23109
23109
23112
23112
23115
23115
23118
23124
23124
23127
23130
23130
23130
23133
23145
23148
23148
23157
23157
23160
23163
23163
23166
23178
23181
23181
23181
23187
23190
23193
23208
23211
23217
23220
23226
23226
23226
23226
23226
23229
23232
23232
23235
23235
23235
23238
23241
23244
23250
23256
23256
23262
23262
23271
23271
23277
23277
23277
23280
23289
23292
23292
23295
23298
23301
23304
23304
23310
23310
23310
23313
23316
23322
23325
23328
23328
23328
23331
23331
23331
23337
23340
23343
23346
23349
23352
23352
23355
23358
23358
23361
23364
23370
23373
23379
23379
23379
23382
23382
23388
23406
23409
23412
23412
23412
23412
23415
23415
23421
23424
23427
23430
23430
23433
23436
23436
23442
23445
23445
23454
23454
23457
23460
23460
23463
23475
23475
23478
23484
23484
23484
23484
23487
23487
23499
23508
23514
23523
23526
23529
23532
23535
23541
23541
23541
23541
23547
23550
23550
23553
23553
23556
23562
23568
23571
23577
23583
23583
23589
23592
23598
23604
23604
23607
23610
23616
23619
23619
23625
23625
23628
23628
23631
23634
23637
23637
23640
23643
23646
23649
23652
23652
23655
23655
23670
23676
23679
23694
23697
23697
23712
23715
23721
23724
23730
23745
23745
23748
23751
23754
23754
23757
23757
23763
23772
23775
23781
23781
23784
23790
23796
23796
23799
23802
23802
23805
23808
23814
23817
23817
23823
23823
23823
23826
23829
23832
23832
23844
23847
23850
23865
23865
23868
23868
23868
23871
23874
23874
23874
23874
23880
23895
23910
23913
23916
23922
23934
23934
23937
23943
23946
23949
23952
23958
23958
23967
23967
23967
23970
23982
23982
23982
23982
23988
23988
23988
23991
23994
23997
