9000
3
6
6
6
9
15
15
24
24
30
30
36
36
42
42
48
51
51
54
54
54
57
66
66
69
69
72
78
87
90
93
96
102
102
123
126
126
129
132
135
138
138
141
144
147
150
153
156
156
159
162
165
165
168
168
171
174
180
180
186
186
210
210
210
213
213
216
216
216
222
225
228
228
240
243
246
246
252
258
273
273
273
276
276
282
294
294
303
303
318
321
321
327
327
330
336
342
345
351
351
354
357
360
369
378
381
381
384
384
387
390
390
393
402
405
405
417
420
420
420
420
420
426
426
429
438
441
441
444
447
447
450
450
453
453
456
459
462
462
474
474
474
474
474
477
480
483
483
483
489
492
492
498
504
504
507
510
516
516
522
522
531
531
531
531
531
537
543
546
549
552
558
558
558
561
567
567
570
573
576
579
579
582
582
585
588
588
600
600
600
603
603
606
609
615
618
618
621
621
627
630
633
645
648
648
657
660
660
660
660
663
666
669
675
675
678
678
684
684
696
699
702
702
705
708
708
708
714
714
714
717
720
726
726
732
732
738
741
741
747
747
750
750
756
759
765
771
771
771
774
792
792
798
801
801
804
807
807
807
810
810
813
819
825
828
834
837
840
843
846
846
855
858
861
864
864
870
873
876
882
885
885
888
888
891
900
906
909
912
912
912
915
915
921
924
924
924
927
930
930
936
942
945
945
948
948
948
957
960
960
969
969
969
972
975
975
975
978
978
978
981
981
984
984
987
990
993
996
999
999
1008
1011
1014
1017
1017
1020
1020
1038
1041
1041
1047
1050
1050
1053
1056
1074
1074
1077
1080
1089
1092
1098
1101
1101
1101
1104
1104
1113
1113
1116
1119
1122
1125
1125
1131
1131
1131
1137
1140
1152
1161
1161
1164
1164
1167
1167
1173
1176
1179
1182
1182
1185
1188
1188
1188
1191
1194
1194
1197
1200
1206
1206
1221
1224
1239
1242
1242
1245
1251
1269
1272
1272
1281
1281
1284
1287
1287
1296
1299
1302
1302
1305
1308
1317
1323
1326
1335
1338
1341
1344
1347
1350
1356
1359
1371
1371
1374
1374
1374
1389
1389
1392
1395
1395
1395
1398
1401
1401
1401
1410
1419
1428
1434
1434
1440
1443
1449
1449
1458
1458
1461
1461
1464
1467
1473
1476
1482
1482
1485
1485
1491
1491
1500
1500
1509
1509
1509
1515
1518
1518
1518
1518
1518
1521
1527
1527
1539
1539
1542
1551
1557
1557
1560
1566
1566
1572
1584
1584
1587
1590
1593
1596
1599
1602
1605
1608
1608
1617
1620
1620
1623
1626
1626
1632
1635
1635
1641
1644
1650
1653
1653
1659
1668
1668
1674
1674
1677
1686
1686
1692
1695
1695
1695
1698
1701
1701
1704
1707
1707
1713
1716
1722
1725
1731
1734
1740
1743
1746
1749
1752
1752
1755
1767
1770
1773
1773
1779
1782
1785
1791
1800
1809
1809
1812
1815
1821
1824
1830
1836
1839
1839
1842
1845
1848
1851
1851
1854
1857
1863
1863
1863
1875
1878
1881
1884
1887
1893
1899
1902
1905
1908
1908
1917
1920
1923
1935
1938
1941
1944
1953
1965
1983
1986
1986
1992
2004
2007
2007
2013
2016
2019
2019
2025
2025
2025
2031
2040
2043
2043
2049
2055
2055
2064
2064
2064
2067
2070
2070
2097
2097
2103
2109
2109
2112
2118
2118
2121
2127
2127
2130
2130
2133
2133
2133
2136
2139
2145
2151
2157
2160
2163
2172
2178
2178
2184
2187
2193
2193
2196
2196
2199
2205
2208
2211
2211
2217
2217
2223
2223
2226
2229
2232
2238
2238
2238
2241
2241
2244
2247
2250
2253
2253
2259
2265
2265
2265
2265
2271
2271
2274
2280
2283
2286
2286
2289
2289
2292
2292
2292
2301
2310
2310
2310
2313
2316
2319
2322
2325
2325
2328
2328
2331
2331
2331
2334
2337
2340
2340
2346
2349
2349
2361
2364
2364
2364
2367
2370
2373
2376
2382
2391
2391
2394
2394
2397
2400
2403
2406
2409
2412
2412
2415
2418
2421
2421
2424
2427
2436
2436
2445
2445
2445
2445
2448
2454
2457
2460
2472
2475
2475
2478
2478
2493
2493
2496
2496
2499
2499
2499
2505
2514
2517
2517
2520
2529
2532
2538
2538
2538
2541
2544
2544
2547
2550
2556
2556
2562
2568
2571
2574
2574
2580
2586
2589
2595
2598
2601
2607
2610
2613
2616
2616
2616
2619
2619
2619
2625
2628
2628
2631
2634
2637
2640
2649
2652
2652
2652
2655
2661
2676
2676
2685
2685
2688
2691
2691
2703
2703
2706
2709
2712
2718
2724
2724
2724
2727
2733
2733
2739
2742
2742
2745
2751
2751
2754
2763
2769
2772
2772
2772
2781
2781
2793
2796
2802
2802
2805
2814
2814
2823
2823
2823
2832
2832
2832
2835
2838
2841
2847
2847
2856
2856
2859
2859
2865
2868
2868
2871
2874
2874
2877
2877
2880
2892
2892
2895
2898
2901
2901
2904
2904
2907
2913
2916
2916
2916
2916
2919
2922
2925
2925
2931
2931
2931
2934
2937
2937
2940
2943
2943
2946
2949
2952
2952
2961
2964
2964
2967
2976
2979
2982
2985
2988
2994
2997
3003
3012
3012
3024
3027
3033
3036
3039
3048
3051
3051
3054
3054
3057
3057
3057
3060
3066
3066
3066
3075
3078
3081
3081
3081
3084
3087
3087
3090
3093
3096
3096
3096
3096
3096
3099
3102
3102
3102
3102
3105
3111
3111
3117
3126
3126
3126
3132
3138
3144
3144
3147
3147
3147
3150
3150
3150
3150
3153
3153
3159
3159
3159
3165
3165
3168
3168
3171
3171
3174
3177
3189
3189
3192
3201
3207
3213
3216
3216
3222
3222
3228
3234
3234
3237
3240
3246
3246
3246
3249
3252
3255
3255
3255
3255
3258
3261
3261
3261
3264
3267
3270
3273
3273
3273
3276
3282
3282
3285
3285
3288
3288
3291
3291
3300
3309
3315
3318
3318
3321
3321
3327
3333
3336
3336
3342
3348
3351
3351
3354
3354
3357
3360
3369
3369
3369
3372
3372
3372
3375
3375
3375
3381
3381
3384
3384
3387
3387
3393
3405
3408
3408
3408
3411
3414
3414
3420
3423
3429
3432
3432
3438
3441
3447
3450
3453
3456
3456
3459
3474
3477
3477
3477
3480
3483
3495
3495
3498
3501
3504
3507
3513
3513
3516
3516
3519
3519
3522
3522
3522
3534
3534
3537
3537
3540
3543
3543
3543
3549
3549
3552
3552
3552
3558
3558
3558
3561
3564
3567
3570
3570
3570
3573
3573
3573
3576
3576
3579
3588
3588
3591
3591
3591
3594
3594
3594
3597
3603
3606
3609
3615
3618
3618
3621
3624
3633
3639
3642
3645
3648
3654
3654
3654
3657
3660
3666
3669
3669
3669
3675
3678
3681
3681
3690
3690
3696
3699
3702
3702
3702
3702
3705
3711
3714
3714
3717
3717
3726
3726
3732
3732
3732
3735
3738
3738
3747
3747
3753
3759
3762
3762
3774
3774
3789
3792
3795
3801
3801
3807
3810
3816
3816
3822
3840
3843
3843
3846
3849
3858
3858
3858
3858
3861
3864
3864
3867
3867
3867
3873
3879
3882
3885
3885
3888
3891
3894
3894
3897
3909
3909
3909
3909
3915
3921
3927
3939
3939
3945
3948
3951
3951
3954
3957
3957
3963
3969
3972
3975
3975
3978
3978
3981
3981
3981
3981
3984
3987
3987
3987
3990
3996
3996
3999
4002
4005
4005
4005
4011
4011
4017
4026
4029
4029
4032
4038
4041
4041
4053
4056
4059
4059
4062
4065
4068
4071
4074
4080
4083
4083
4086
4089
4089
4092
4092
4095
4101
4104
4104
4104
4104
4104
4107
4119
4122
4125
4125
4128
4134
4137
4137
4143
4143
4146
4149
4152
4164
4167
4167
4167
4173
4176
4182
4182
4185
4194
4200
4200
4200
4200
4209
4209
4209
4218
4221
4233
4233
4236
4239
4245
4245
4248
4251
4251
4254
4266
4269
4275
4278
4278
4278
4281
4284
4287
4290
4305
4305
4311
4314
4314
4320
4320
4323
4323
4323
4329
4332
4332
4335
4335
4335
4335
4338
4338
4338
4341
4344
4344
4347
4347
4353
4353
4353
4365
4368
4368
4371
4374
4374
4377
4377
4377
4380
4386
4386
4386
4389
4389
4398
4398
4398
4401
4401
4404
4407
4407
4416
4416
4419
4422
4428
4440
4446
4449
4449
4452
4452
4452
4452
4452
4458
4458
4461
4461
4464
4464
4467
4470
4470
4473
4473
4473
4476
4476
4476
4479
4479
4479
4485
4485
4488
4488
4497
4500
4503
4509
4509
4509
4512
4515
4518
4521
4521
4524
4524
4524
4524
4527
4530
4530
4533
4536
4536
4539
4539
4539
4545
4545
4548
4560
4563
4569
4572
4581
4584
4584
4584
4590
4590
4590
4593
4593
4593
4596
4596
4602
4605
4608
4611
4611
4617
4617
4617
4620
4623
4626
4626
4635
4641
4644
4644
4656
4662
4665
4665
4671
4674
4677
4677
4677
4680
4689
4689
4692
4701
4701
4701
4704
4707
4707
4710
4713
4713
4719
4719
4719
4737
4740
4746
4746
4746
4749
4752
4755
4758
4761
4761
4767
4767
4767
4770
4773
4773
4776
4776
4782
4788
4788
4791
4812
4815
4818
4818
4818
4824
4827
4827
4830
4830
4836
4836
4842
4845
4848
4848
4848
4851
4854
4863
4872
4881
4884
4884
4884
4887
4890
4893
4893
4896
4899
4902
4911
4914
4920
4920
4923
4929
4932
4941
4947
4950
4956
4962
4971
4971
4974
4974
4977
4977
4977
4980
4980
4983
4989
4995
5004
5007
5013
5016
5016
5019
5019
5025
5025
5025
5031
5037
5043
5055
5058
5058
5061
5061
5061
5070
5070
5076
5076
5076
5076
5079
5079
5088
5088
5097
5097
5097
5100
5106
5106
5106
5109
5124
5130
5130
5136
5145
5145
5148
5154
5169
5169
5172
5172
5178
5181
5181
5184
5187
5196
5199
5202
5208
5208
5208
5208
5208
5208
5211
5214
5217
5226
5229
5232
5247
5253
5256
5256
5259
5262
5262
5271
5271
5274
5274
5274
5277
5280
5292
5298
5298
5310
5313
5313
5322
5328
5328
5328
5328
5331
5334
5352
5352
5352
5352
5355
5355
5358
5358
5361
5367
5370
5373
5373
5373
5373
5376
5379
5385
5388
5391
5391
5397
5400
5400
5403
5403
5412
5415
5421
5424
5424
5430
5433
5433
5436
5436
5436
5439
5442
5442
5448
5451
5454
5457
5460
5460
5463
5469
5472
5481
5484
5484
5484
5487
5487
5505
5508
5508
5508
5511
5514
5514
5517
5520
5520
5520
5523
5529
5532
5535
5535
5541
5541
5547
5547
5550
5553
5556
5559
5562
5565
5565
5568
5568
5568
5571
5571
5571
5571
5574
5574
5577
5583
5583
5583
5586
5592
5601
5601
5601
5604
5610
5613
5613
5616
5619
5619
5625
5625
5628
5634
5634
5634
5634
5634
5637
5637
5637
5643
5643
5643
5649
5652
5652
5652
5655
5655
5655
5664
5664
5667
5667
5670
5694
5694
5697
5700
5703
5706
5706
5709
5709
5715
5721
5724
5724
5730
5730
5733
5733
5733
5739
5745
5748
5751
5751
5751
5754
5754
5754
5757
5757
5757
5763
5763
5766
5766
5769
5769
5775
5778
5781
5787
5787
5790
5793
5796
5796
5799
5799
5802
5802
5808
5817
5817
5823
5823
5823
5826
5826
5832
5838
5838
5847
5847
5850
5850
5853
5856
5865
5871
5874
5874
5874
5877
5877
5883
5895
5898
5901
5901
5907
5907
5910
5913
5922
5928
5928
5931
5934
5934
5937
5937
5937
5940
5940
5943
5943
5946
5949
5952
5955
5958
5970
5973
5976
5979
5979
5982
5982
5985
5988
5988
5988
5991
5991
5997
6000
6000
6003
6006
6009
6009
6012
6012
6012
6015
6018
6018
6030
6033
6033
6039
6042
6048
6051
6054
6054
6057
6060
6063
6063
6066
6069
6081
6087
6090
6096
6096
6102
6105
6108
6108
6108
6108
6114
6114
6117
6138
6138
6138
6138
6138
6144
6147
6150
6150
6156
6159
6159
6159
6162
6162
6165
6165
6171
6171
6171
6174
6174
6177
6177
6180
6183
6183
6186
6189
6192
6195
6195
6198
6198
6201
6201
6201
6204
6210
6213
6219
6222
6234
6237
6240
6240
6240
6246
6246
6249
6252
6258
6258
6264
6264
6264
6270
6273
6276
6282
6285
6285
6294
6294
6297
6300
6300
6309
6309
6312
6312
6315
6321
6321
6324
6327
6327
6330
6336
6339
6342
6342
6345
6348
6351
6354
6357
6360
6360
6363
6366
6369
6372
6372
6384
6384
6387
6387
6390
6390
6393
6393
6393
6393
6393
6396
6399
6399
6402
6405
6408
6408
6411
6411
6414
6417
6417
6420
6423
6423
6423
6423
6426
6432
6435
6441
6441
6450
6462
6462
6468
6468
6471
6471
6471
6477
6477
6480
6483
6483
6483
6486
6489
6489
6492
6492
6492
6495
6495
6498
6501
6504
6510
6513
6516
6516
6519
6519
6522
6522
6525
6528
6531
6543
6546
6546
6549
6549
6552
6552
6555
6555
6558
6558
6561
6561
6567
6570
6570
6573
6573
6579
6585
6585
6588
6588
6591
6594
6597
6597
6603
6606
6606
6615
6615
6627
6633
6639
6642
6645
6645
6645
6648
6654
6654
6657
6657
6657
6660
6672
6675
6681
6681
6681
6681
6684
6687
6690
6693
6696
6705
6705
6705
6705
6708
6714
6714
6720
6726
6732
6735
6735
6741
6741
6747
6750
6753
6759
6762
6762
6765
6765
6771
6774
6777
6780
6780
6780
6780
6780
6780
6789
6792
6792
6792
6795
6798
6807
6807
6810
6813
6813
6816
6822
6825
6834
6837
6837
6843
6843
6846
6852
6852
6855
6858
6867
6867
6870
6879
6882
6885
6885
6888
6891
6897
6900
6903
6906
6918
6921
6921
6924
6924
6927
6930
6939
6942
6945
6948
6969
6972
6972
6972
6975
6981
6993
6993
7002
7008
7011
7014
7014
7017
7017
7017
7017
7023
7026
7026
7026
7029
7029
7035
7035
7035
7038
7038
7041
7041
7044
7044
7047
7050
7053
7053
7059
7062
7065
7068
7074
7080
7080
7083
7083
7086
7092
7098
7098
7107
7110
7110
7113
7119
7128
7137
7140
7146
7146
7155
7158
7164
7164
7164
7167
7170
7176
7182
7188
7191
7191
7191
7194
7197
7197
7203
7206
7212
7212
7215
7215
7218
7221
7224
7224
7227
7230
7233
7236
7236
7239
7242
7245
7251
7254
7254
7263
7263
7263
7263
7266
7278
7284
7284
7287
7293
7296
7299
7302
7302
7305
7305
7308
7311
7311
7314
7317
7323
7335
7335
7338
7341
7341
7347
7347
7350
7365
7368
7368
7368
7371
7374
7380
7383
7389
7389
7395
7395
7395
7398
7401
7404
7407
7410
7416
7416
7422
7428
7431
7437
7440
7443
7452
7455
7455
7455
7455
7458
7464
7464
7467
7473
7473
7476
7479
7479
7479
7482
7482
7485
7485
7488
7488
7494
7494
7497
7497
7503
7506
7512
7521
7533
7536
7539
7539
7542
7545
7545
7554
7557
7557
7566
7569
7572
7575
7575
7575
7581
7584
7584
7587
7587
7593
7596
7599
7599
7611
7614
7614
7617
7617
7620
7620
7626
7626
7629
7638
7641
7644
7647
7647
7650
7659
7662
7662
7665
7668
7671
7671
7674
7674
7680
7680
7683
7683
7689
7689
7692
7695
7698
7698
7698
7701
7704
7707
7707
7710
7719
7722
7722
7728
7731
7737
7740
7746
7749
7752
7752
7758
7758
7761
7770
7773
7779
7779
7788
7791
7794
7794
7797
7812
7812
7812
7815
7818
7818
7824
7830
7839
7839
7845
7845
7848
7851
7851
7854
7854
7857
7869
7872
7872
7881
7884
7884
7887
7887
7890
7890
7893
7893
7896
7896
7899
7902
7908
7911
7914
7917
7926
7932
7932
7950
7953
7953
7956
7956
7962
7965
7968
7971
7980
7980
7983
7983
7983
7986
7986
7989
7992
8001
8001
8001
8004
8007
8007
8016
8016
8016
8019
8025
8025
8028
8031
8031
8034
8037
8037
8040
8043
8043
8046
8049
8052
8052
8055
8055
8061
8067
8070
8073
8085
8091
8091
8097
8100
8100
8100
8106
8106
8109
8112
8121
8124
8124
8127
8127
8130
8142
8145
8145
8148
8151
8154
8157
8157
8157
8160
8163
8163
8166
8181
8181
8184
8190
8190
8193
8196
8199
8202
8205
8217
8217
8226
8229
8232
8238
8241
8250
8250
8250
8253
8256
8256
8256
8256
8262
8265
8268
8271
8271
8283
8286
8286
8289
8289
8298
8298
8298
8301
8304
8304
8310
8313
8316
8319
8325
8325
8328
8328
8331
8337
8340
8346
8349
8352
8352
8358
8358
8361
8364
8370
8388
8388
8391
8391
8403
8403
8412
8418
8421
8427
8427
8430
8433
8442
8442
8448
8454
8457
8463
8463
8466
8469
8469
8472
8475
8481
8487
8487
8490
8499
8505
8514
8514
8517
8526
8529
8529
8535
8538
8541
8541
8550
8550
8553
8556
8559
8559
8565
8571
8574
8577
8577
8583
8586
8589
8595
8598
8604
8604
8607
8610
8613
8613
8616
8625
8625
8628
8628
8634
8634
8637
8646
8646
8646
8652
8655
8655
8658
8661
8661
8664
8667
8673
8676
8679
8679
8688
8694
8697
8700
8709
8712
8721
8724
8733
8736
8742
8742
8742
8748
8751
8754
8754
8757
8757
8763
8766
8769
8775
8775
8778
8781
8781
8784
8787
8787
8790
8799
8799
8799
8808
8814
8814
8820
8820
8823
8826
8829
8832
8835
8838
8838
8838
8844
8844
8847
8847
8847
8847
8847
8850
8853
8853
8859
8862
8862
8871
8874
8874
8874
8877
8877
8877
8877
8883
8889
8889
8892
8892
8904
8907
8910
8910
8910
8913
8916
8919
8922
8922
8922
8925
8928
8931
8931
8931
8937
8943
8949
8952
8967
8967
8970
8970
8970
8976
8979
8982
8982
8985
8988
8988
8988
8991
8991
8997
9000
9003
9003
9003
9006
9006
9012
9012
9018
9021
9021
9024
9027
9030
9030
9033
9033
9033
9033
9045
9045
9051
9054
9054
9063
9063
9066
9066
9069
9069
9081
9084
9087
9090
9093
9096
9099
9099
9108
9108
9111
9114
9117
9120
9123
9126
9126
9126
9126
9129
9129
9135
9138
9138
9138
9147
9150
9153
9153
9153
9153
9159
9162
9162
9165
9165
9171
9171
9174
9177
9177
9180
9183
9189
9189
9192
9198
9198
9201
9201
9201
9204
9207
9207
9210
9210
9210
9216
9216
9216
9219
9225
9225
9225
9228
9231
9234
9234
9243
9243
9246
9249
9252
9252
9252
9255
9255
9267
9270
9273
9273
9276
9279
9282
9282
9282
9282
9288
9288
9291
9294
9300
9300
9300
9318
9318
9327
9327
9330
9333
9333
9342
9345
9363
9366
9366
9366
9372
9375
9375
9378
9378
9381
9381
9387
9390
9390
9393
9393
9393
9396
9396
9399
9405
9417
9423
9423
9423
9429
9432
9441
9441
9441
9444
9447
9453
9459
9462
9462
9462
9465
9465
9471
9471
9471
9477
9477
9477
9480
9489
9495
9504
9504
9507
9510
9513
9513
9516
9519
9519
9528
9534
9534
9540
9543
9555
9555
9558
9561
9561
9564
9570
9570
9576
9579
9579
9579
9585
9585
9585
9588
9588
9588
9588
9591
9591
9597
9600
9600
9606
9606
9606
9606
9609
9612
9612
9615
9615
9615
9621
9630
9633
9636
9639
9645
9645
9651
9654
9663
9666
9666
9669
9672
9678
9678
9678
9678
9684
9687
9687
9693
9693
9696
9699
9699
9702
9702
9711
9711
9714
9714
9714
9714
9717
9720
9723
9723
9732
9747
9750
9750
9750
9753
9756
9759
9762
9765
9768
9768
9768
9768
9768
9771
9771
9777
9777
9777
9780
9780
9780
9780
9780
9780
9780
9786
9789
9789
9792
9795
9810
9813
9813
9813
9819
9819
9822
9822
9828
9828
9831
9831
9837
9837
9840
9846
9849
9852
9852
9855
9861
9861
9864
9867
9870
9870
9876
9876
9879
9879
9882
9882
9882
9885
9885
9891
9894
9897
9900
9900
9903
9906
9906
9909
9912
9912
9918
9918
9918
9921
9924
9930
9933
9933
9942
9945
9957
9960
9960
9963
9963
9972
9972
9981
9981
9981
9984
9999
9999
10002
10005
10008
10008
10008
10017
10020
10026
10029
10032
10041
10041
10041
10053
10053
10056
10059
10059
10059
10059
10062
10062
10065
10065
10071
10071
10080
10083
10083
10086
10089
10095
10098
10098
10098
10101
10104
10110
10110
10110
10110
10110
10131
10140
10143
10152
10155
10158
10158
10158
10161
10173
10173
10176
10179
10191
10194
10197
10203
10209
10209
10212
10215
10215
10221
10221
10224
10227
10233
10236
10236
10236
10239
10248
10251
10251
10254
10257
10260
10263
10263
10266
10266
10269
10272
10275
10281
10284
10284
10284
10284
10293
10293
10305
10305
10305
10311
10311
10311
10320
10320
10326
10329
10335
10335
10338
10338
10341
10341
10344
10344
10350
10353
10353
10353
10359
10362
10365
10368
10374
10377
10383
10383
10383
10389
10392
10398
10401
10410
10413
10422
10440
10440
10443
10446
10455
10455
10458
10458
10461
10461
10461
10467
10473
10473
10476
10482
10488
10491
10491
10494
10497
10500
10503
10503
10506
10506
10512
10512
10518
10521
10524
10527
10527
10536
10548
10560
10563
10566
10569
10572
10578
10578
10587
10587
10590
10590
10593
10593
10611
10611
10614
10617
10617
10620
10623
10626
10629
10632
10638
10647
10647
10650
10650
10650
10656
10662
10662
10662
10662
10662
10665
10668
10680
10683
10686
10686
10686
10695
10698
10701
10701
10707
10710
10722
10737
10746
10746
10749
10749
10755
10758
10761
10761
10767
10767
10767
10767
10770
10770
10773
10773
10779
10779
10788
10791
10800
10800
10800
10803
10803
10809
10809
10812
10812
10815
10815
10818
10821
10824
10827
10830
10842
10848
10851
10854
10860
10860
10860
10869
10869
10878
10881
10884
10887
10890
10890
10899
10899
10899
10902
10905
10905
10905
10908
10911
10917
10920
10935
10935
10935
10941
10941
10941
10944
10947
10950
10956
10956
10965
10968
10971
10971
10974
10977
10977
10983
10983
10983
10986
10992
10998
10998
10998
11004
11007
11016
11025
11028
11031
11031
11034
11037
11043
11043
11049
11049
11049
11064
11064
11067
11076
11082
11082
11085
11088
11094
11100
11103
11103
11112
11112
11127
11130
11130
11133
11133
11139
11142
11148
11151
11154
11154
11160
11160
11160
11160
11163
11166
11169
11175
11175
11175
11175
11178
11187
11190
11196
11196
11199
11202
11202
11205
11205
11205
11205
11205
11208
11211
11211
11211
11214
11217
11226
11226
11229
11229
11232
11235
11235
11235
11238
11244
11247
11250
11256
11262
11262
11265
11271
11271
11274
11280
11283
11283
11286
11286
11286
11286
11289
11289
11289
11292
11295
11295
11298
11307
11310
11310
11313
11316
11319
11319
11322
11322
11328
11331
11337
11340
11340
11343
11346
11346
11346
11349
11349
11352
11355
11358
11361
11364
11367
11367
11370
11376
11379
11382
11382
11385
11391
11397
11400
11403
11406
11406
11406
11415
11418
11418
11418
11421
11427
11427
11430
11430
11436
11439
11442
11442
11445
11445
11445
11451
11454
11454
11460
11466
11475
11475
11475
11475
11478
11478
11484
11484
11484
11490
11490
11499
11502
11505
11514
11520
11520
11526
11526
11526
11532
11541
11541
11541
11541
11544
11553
11559
11559
11562
11562
11568
11571
11577
11589
11592
11595
11598
11619
11622
11622
11628
11628
11628
11631
11634
11634
11634
11637
11643
11646
11649
11652
11655
11658
11664
11673
11676
11676
11676
11679
11679
11682
11685
11691
11691
11694
11694
11697
11706
11706
11709
11712
11712
11715
11715
11718
11724
11727
11736
11736
11742
11748
11748
11751
11754
11760
11763
11763
11769
11769
11772
11778
11778
11781
11781
11784
11787
11787
11790
11793
11793
11793
11793
11811
11814
11820
11829
11829
11835
11838
11841
11844
11847
11847
11850
11850
11856
11859
11865
11871
11877
11877
11892
11895
11898
11910
11922
11925
11928
11928
11931
11937
11940
11946
11946
11949
11952
11952
11952
11958
11958
11961
11961
11961
11967
11967
11967
11967
11970
11973
11973
11976
11982
11985
11988
11991
11994
11997
12006
12012
12015
12021
12027
12030
12030
12033
12036
12042
12042
12045
12045
12048
12048
12051
12051
12060
12060
12063
12063
12063
12063
12069
12069
12075
12075
12081
12087
12087
12090
12105
12111
12111
12111
12111
12117
12120
12120
12123
12126
12138
12138
12138
12141
12141
12144
12153
12159
12159
12165
12171
12171
12180
12186
12192
12192
12195
12207
12207
12207
12207
12210
12213
12216
12216
12216
12219
12222
12228
12231
12240
12243
12243
12243
12243
12249
12258
12261
12264
12264
12267
12270
12270
12276
12279
12279
12282
12294
12294
12300
12303
12315
12318
12321
12321
12324
12327
12327
12330
12333
12333
12336
12339
12339
12351
12354
12357
12360
12366
12369
12372
12372
12372
12372
12375
12378
12378
12378
12381
12381
12384
12384
12402
12408
12411
12414
12420
12420
12429
12435
12435
12438
12438
12441
12444
12447
12447
12453
12471
12471
12471
12471
12474
12477
12480
12480
12480
12480
12483
12486
12495
12498
12501
12507
12507
12513
12516
12516
12519
12519
12519
12522
12522
12522
12528
12528
12531
12531
12534
12537
12540
12546
12549
12552
12558
12561
12561
12564
12564
12567
12567
12573
12576
12588
12588
12594
12594
12594
12597
12600
12603
12606
12609
12612
12615
12615
12618
12618
12618
12621
12624
12633
12636
12636
12645
12645
12645
12648
12648
12660
12663
12663
12672
12675
12675
12678
12678
12684
12684
12687
12693
12696
12699
12702
12705
12705
12720
12723
12726
12735
12738
12738
12738
12741
12747
12747
12747
12753
12756
12759
12762
12765
12765
12765
12765
12774
12780
12783
12783
12786
12789
12792
12792
12804
12810
12816
12819
12822
12822
12825
12828
12828
12828
12831
12843
12867
12873
12873
12873
12876
12876
12876
12876
12879
12879
12882
12882
12882
12885
12888
12888
12891
12894
12900
12906
12909
12912
12912
12915
12918
12924
12924
12927
12927
12930
12930
12933
12936
12939
12939
12942
12942
12945
12948
12948
12951
12957
12960
12963
12966
12969
12969
12975
12975
12978
12978
12984
12987
12996
13002
13002
13008
13017
13017
13020
13020
13023
13023
13026
13026
13029
13029
13038
13038
13044
13050
13050
13050
13053
13053
13056
13056
13062
13080
13083
13083
13089
13092
13095
13098
13098
13101
13101
13104
13110
13113
13119
13125
13125
13128
13128
13131
13134
13143
13146
13146
13146
13146
13155
13155
13158
13158
13158
13167
13170
13170
13179
13179
13179
13182
13188
13194
13197
13200
13203
13203
13209
13209
13212
13212
13215
13224
13224
13224
13227
13227
13230
13233
13236
13236
13236
13242
13245
13251
13251
13254
13263
13266
13269
13272
13275
13275
13281
13284
13284
13284
13284
13287
13287
13287
13287
13287
13293
13296
13299
13305
13308
13314
13317
13317
13317
13320
13320
13320
13326
13326
13332
13332
13335
13338
13338
13341
13350
13353
13353
13353
13353
13359
13371
13377
13380
13386
13389
13395
13398
13404
13407
13410
13416
13416
13416
13419
13425
13431
13434
13437
13437
13440
13440
13440
13440
13443
13446
13449
13455
13455
13458
13461
13467
13470
13470
13470
13473
13476
13476
13476
13482
13482
13488
13491
13491
13494
13494
13494
13497
13497
13497
13500
13500
13506
13506
13509
13509
13524
13524
13527
13530
13536
13542
13545
13548
13554
13554
13554
13557
13560
13566
13569
13572
13581
13584
13584
13587
13587
13587
13590
13590
13596
13596
13599
13599
13608
13611
13614
13614
13614
13617
13620
13626
13626
13626
13626
13635
13635
13638
13647
13650
13650
13653
13653
13653
13662
13665
13665
13671
13674
13677
13680
13683
13683
13683
13686
13689
13689
13692
13692
13692
13695
13698
13701
13704
13704
13707
13707
13707
13710
13719
13722
13722
13728
13728
13749
13752
13755
13755
13758
13761
13770
13770
13770
13773
13773
13773
13776
13776
13776
13779
13779
13782
13785
13785
13788
13794
13806
13806
13806
13809
13812
13812
13815
13815
13818
13824
13839
13842
13842
13845
13848
13851
13854
13863
13872
13872
13878
13881
13881
13890
13890
13896
13899
13899
13902
13908
13908
13908
13914
13914
13917
13920
13923
13926
13926
13929
13929
13929
13932
13935
13947
13947
13956
13956
13959
13959
13962
13968
13968
13971
13971
13980
13980
13980
13980
13986
13992
14001
14001
14001
14004
14007
14013
14013
14019
14022
14025
14028
14028
14040
14043
14043
14043
14043
14046
14049
14049
14049
14058
14064
14070
14070
14076
14085
14091
14091
14091
14097
14106
14106
14106
14106
14109
14109
14118
14124
14127
14130
14133
14139
14145
14148
14154
14157
14169
14169
14172
14175
14178
14181
14181
14184
14196
14202
14205
14205
14205
14205
14211
14217
14217
14220
14223
14235
14238
14238
14238
14241
14241
14244
14253
14253
14259
14259
14259
14259
14259
14262
14262
14268
14274
14277
14277
14280
14280
14280
14283
14289
14295
14298
14301
14301
14304
14304
14307
14310
14316
14319
14322
14322
14325
14331
14331
14331
14334
14340
14340
14346
14352
14355
14358
14358
14361
14361
14367
14367
14376
14379
14382
14388
14391
14403
14406
14412
14412
14412
14415
14418
14421
14427
14427
14430
14430
14433
14442
14448
14448
14448
14448
14448
14454
14460
14472
14481
14484
14487
14496
14499
14502
14505
14505
14508
14511
14511
14511
14520
14520
14526
14526
14529
14541
14544
14550
14550
14553
14556
14556
14559
14565
14565
14568
14571
14571
14574
14580
14580
14580
14583
14583
14586
14586
14586
14589
14595
14595
14595
14595
14601
14601
14604
14604
14604
14610
14610
14610
14616
14616
14616
14619
14619
14625
14628
14628
14628
14628
14631
14631
14634
14634
14637
14637
14637
14637
14640
14640
14643
14643
14649
14652
14658
14664
14664
14664
14670
14676
14676
14679
14679
14682
14694
14697
14700
14706
14706
14706
14718
14721
14736
14739
14742
14742
14745
14748
14751
14751
14757
14766
14766
14766
14769
14772
14781
14781
14781
14781
14784
14790
14790
14799
14802
14802
14802
14805
14808
14808
14814
14817
14817
14820
14826
14829
14832
14832
14832
14835
14841
14844
14847
14847
14847
14853
14856
14859
14865
14868
14871
14871
14874
14874
14874
14874
14877
14880
14880
14880
14880
14880
14883
14892
14895
14895
14901
14907
14907
14916
14916
14916
14925
14925
14931
14937
14937
14940
14940
14946
14952
14955
14955
14958
14958
14964
14964
14967
14973
14976
14976
14982
14982
14985
14988
14988
14991
14997
15000
15006
15006
15009
15012
15015
15015
15021
15024
15024
15027
15027
15027
15030
15030
15033
15036
15039
15048
15054
15054
15057
15060
15063
15063
15066
15069
15069
15069
15069
15075
15075
15078
15078
15081
15081
15081
15090
15093
15093
15096
15099
15105
15108
15108
15108
15111
15114
15114
15114
15117
15117
15117
15123
15126
15126
15126
15126
15129
15129
15132
15135
15147
15150
15150
15159
15159
15165
15165
15177
15177
15186
15192
15192
15201
15207
15207
15207
15216
15216
15219
15219
15225
15234
15234
15243
15243
15246
15246
15249
15252
15255
15261
15261
15264
15264
15270
15273
15282
15282
15285
15285
15288
15294
15303
15303
15306
15312
15312
15315
15315
15321
15321
15321
15327
15336
15339
15345
15345
15348
15348
15348
15351
15354
15360
15360
15369
15372
15372
15381
15381
15384
15384
15387
15390
15390
15390
15390
15396
15396
15399
15399
15414
15417
15420
15423
15423
15435
15435
15438
15444
15450
15450
15459
15459
15462
15462
15462
15462
15468
15468
15483
15483
15486
15489
15489
15495
15498
15498
15501
15504
15504
15510
15513
15516
15519
15519
15522
15525
15531
15537
15537
15537
15540
15543
15543
15549
15555
15561
15564
15567
15570
15576
15576
15591
15594
15594
15603
15603
15606
15609
15609
15618
15621
15621
15627
15630
15630
15630
15633
15633
15633
15636
15639
15645
15648
15648
15648
15651
15654
15660
15660
15663
15666
15672
15675
15678
15687
15696
15699
15702
15702
15708
15711
15720
15720
15726
15726
15726
15729
15732
15735
15738
15738
15744
15747
15759
15762
15762
15765
15765
15768
15771
15774
15777
15777
15777
15777
15780
15780
15783
15789
15792
15792
15795
15795
15807
15810
15810
15810
15813
15813
15816
15819
15822
15825
15831
15834
15834
15837
15840
15843
15855
15855
15858
15858
15858
15861
15867
15870
15870
15870
15876
15876
15876
15879
15882
15888
15888
15891
15897
15897
15900
15900
15903
15909
15909
15912
15915
15915
15915
15918
15921
15924
15933
15936
15936
15939
15942
15945
15945
15957
15957
15960
15969
15975
15978
15984
15984
15984
15990
15996
15996
16002
16002
16002
16005
16005
16005
16005
16011
16020
16020
16023
16026
16029
16032
16038
16044
16047
16050
16053
16053
16059
16062
16062
16065
16065
16068
16068
16068
16074
16074
16083
16086
16092
16092
16098
16098
16098
16101
16110
16116
16116
16119
16122
16125
16128
16137
16149
16155
16155
16158
16161
16161
16161
16164
16164
16164
16170
16173
16173
16176
16176
16176
16182
16182
16188
16188
16194
16197
16200
16200
16212
16215
16215
16218
16221
16221
16227
16227
16230
16239
16242
16242
16245
16248
16248
16251
16254
16260
16263
16263
16263
16266
16266
16266
16272
16278
16278
16281
16284
16284
16287
16290
16293
16296
16299
16299
16305
16305
16305
16311
16317
16320
16329
16329
16335
16335
16338
16341
16344
16347
16353
16353
16356
16356
16362
16362
16362
16362
16365
16365
16371
16374
16374
16380
16383
16392
16395
16398
16398
16398
16398
16401
16404
16404
16404
16404
16407
16410
16413
16416
16416
16416
16425
16425
16428
16428
16434
16434
16434
16440
16443
16443
16449
16449
16449
16452
16452
16452
16455
16458
16461
16461
16461
16464
16464
16467
16467
16470
16473
16482
16485
16485
16488
16488
16494
16494
16497
16500
16500
16503
16503
16509
16512
16518
16518
16521
16524
16530
16536
16539
16542
16545
16545
16545
16548
16566
16569
16569
16575
16578
16578
16578
16584
16587
16593
16596
16596
16599
16602
16611
16611
16614
16617
16620
16620
16623
16623
16623
16629
16632
16635
16635
16638
16644
16644
16653
16653
16653
16659
16659
16665
16671
16671
16680
16686
16689
16695
16695
16698
16704
16707
16710
16710
16713
16716
16722
16722
16722
16728
16731
16737
16743
16743
16746
16749
16752
16755
16758
16758
16761
16764
16764
16764
16770
16773
16773
16779
16782
16785
16785
16788
16794
16794
16794
16797
16800
16800
16800
16803
16809
16812
16812
16815
16818
16821
16824
16824
16827
16830
16830
16836
16836
16839
16839
16839
16851
16854
16857
16857
16863
16875
16878
16878
16881
16884
16890
16893
16896
16905
16914
16914
16917
16920
16920
16926
16929
16929
16929
16932
16935
16941
16941
16947
16950
16950
16950
16956
16956
16959
16959
16962
16962
16965
16968
16968
16971
16977
16980
16983
16983
16986
16989
16995
16998
16998
17001
17001
17007
17007
17016
17016
17025
17028
17028
17031
17037
17037
17037
17043
17046
17046
17046
17049
17052
17055
17055
17055
17055
17064
17070
17073
17076
17079
17079
17079
17082
17082
17091
17091
17094
17094
17094
17097
17097
17097
17100
17103
17103
17112
17112
17130
17139
17142
17157
17157
17160
17160
17163
17163
17166
17175
17178
17181
17190
17193
17193
17193
17196
17202
17202
17202
17205
17211
17217
17229
17229
17235
17235
17235
17235
17238
17247
17253
17253
17256
17256
17256
17265
17271
17271
17271
17274
17277
17277
17277
17280
17280
17283
17286
17286
17286
17286
17289
17292
17292
17292
17292
17295
17298
17301
17313
17313
17316
17316
17319
17319
17325
17328
17328
17328
17337
17340
17340
17340
17340
17346
17352
17358
17358
17364
17367
17367
17370
17370
17373
17376
17379
17379
17379
17382
17382
17382
17385
17385
17388
17391
17391
17397
17397
17397
17400
17406
17415
17421
17424
17424
17424
17427
17430
17433
17433
17436
17436
17436
17448
17448
17451
17454
17454
17457
17457
17469
17469
17475
17481
17484
17487
17487
17487
17490
17493
17508
17511
17514
17520
17520
17529
17532
17535
17535
17544
17547
17547
17550
17550
17550
17553
17556
17559
17562
17571
17574
17574
17577
17577
17580
17589
17592
17595
17595
17595
17595
17601
17601
17604
17604
17607
17610
17610
17613
17613
17616
17625
17631
17634
17637
17637
17646
17646
17646
17646
17649
17652
17652
17652
17658
17661
17661
17673
17676
17679
17682
17682
17682
17685
17685
17685
17691
17694
17697
17697
17703
17706
17706
17706
17721
17724
17724
17727
17727
17730
17739
17742
17745
17745
17751
17751
17754
17754
17757
17772
17775
17775
17778
17781
17784
17799
17802
17802
17808
17811
17811
17811
17814
17817
17817
17817
17820
17823
17826
17826
17826
17832
17832
17838
17838
17841
17841
17841
17853
17853
17859
17859
17859
17862
17865
17865
17868
17868
17868
17868
17871
17871
17871
17874
17880
17886
17892
17895
17901
17901
17901
17904
17904
17910
17910
17913
17916
17916
17919
17925
17925
17928
17931
17931
17934
17937
17937
17943
17949
17955
17961
17961
17967
17967
17982
17982
17982
17985
17985
17988
18000
18000
18006
18006
18009
18012
18024
18024
18027
18036
18042
18045
18048
18051
18054
18060
18063
18066
18069
18069
18078
18078
18081
18084
18084
18087
18090
18105
18108
18114
18114
18120
18120
18126
18126
18129
18135
18138
18141
18144
18153
18153
18153
18153
18153
18159
18162
18162
18168
18171
18171
18171
18174
18180
18183
18186
18189
18192
18201
18204
18207
18207
18207
18207
18213
18213
18213
18219
18219
18222
18225
18231
18234
18246
18249
18249
18249
18249
18258
18261
18264
18264
18267
18270
18270
18273
18273
18273
18279
18282
18285
18285
18294
18300
18303
18303
18312
18315
18321
18327
18333
18336
18336
18348
18351
18360
18363
18363
18366
18366
18366
18369
18372
18375
18375
18381
18384
18396
18402
18402
18405
18408
18411
18414
18417
18420
18426
18426
18426
18426
18435
18438
18438
18441
18444
18444
18447
18450
18453
18459
18465
18471
18471
18471
18480
18480
18480
18480
18486
18489
18492
18504
18507
18510
18516
18516
18516
18531
18534
18537
18540
18540
18540
18549
18549
18555
18558
18567
18567
18570
18573
18573
18579
18582
18582
18585
18591
18591
18591
18597
18597
18597
18606
18606
18609
18615
18615
18618
18618
18627
18627
18633
18636
18639
18645
18645
18648
18651
18651
18654
18660
18660
18660
18660
18660
18666
18669
18669
18672
18672
18672
18675
18675
18678
18678
18681
18681
18684
18687
18690
18693
18699
18699
18702
18702
18705
18705
18708
18708
18708
18708
18711
18714
18720
18723
18726
18726
18729
18735
18738
18738
18741
18741
18744
18747
18750
18750
18768
18771
18771
18771
18777
18801
18807
18807
18813
18813
18813
18813
18816
18816
18819
18822
18828
18831
18837
18837
18837
18840
18843
18849
18858
18870
18870
18870
18879
18882
18888
18891
18894
18897
18900
18900
18906
18909
18912
18912
18915
18915
18915
18924
18930
18936
18939
18942
18942
18945
18945
18945
18945
18948
18951
18951
18954
18957
18960
18960
18960
18966
18969
18969
18969
18975
18975
18978
18978
18987
18987
18987
18996
19002
19011
19011
19011
19014
19014
19014
19017
19020
19020
19023
19023
19026
19044
19050
19050
19053
19056
19056
19056
19059
19062
19062
19071
19074
19074
19074
19086
19089
19092
19095
19095
19095
19101
19101
19104
19107
19110
19125
19125
19128
19128
19131
19134
19137
19137
19143
19143
19149
19158
19161
19167
19173
19173
19176
19179
19179
19179
19182
19188
19188
19188
19191
19194
19197
19200
19200
19206
19206
19209
19209
19209
19212
19212
19215
19221
19221
19227
19227
19227
19230
19230
19233
19233
19236
19236
19239
19251
19251
19254
19266
19266
19275
19278
19278
19278
19281
19281
19284
19284
19290
19293
19296
19296
19305
19308
19311
19314
19314
19317
19320
19323
19326
19329
19332
19332
19335
19344
19344
19344
19350
19350
19353
19353
19356
19365
19371
19374
19377
19380
19383
19383
19386
19392
19392
19401
19401
19404
19410
19413
19413
19413
19416
19422
19443
19443
19443
19446
19449
19452
19455
19458
19458
19458
19458
19458
19461
19461
19470
19470
19473
19473
19476
19476
19476
19479
19479
19482
19482
19494
19497
19500
19503
19503
19506
19512
19512
19515
19518
19518
19524
19524
19527
19530
19530
19533
19533
19536
19539
19548
19554
19554
19557
19557
19563
19563
19566
19566
19566
19569
19572
19572
19572
19575
19578
19581
19584
19584
19584
19584
19590
19590
19596
19599
19599
19599
19602
19605
19608
19614
19614
19614
19614
19614
19617
19620
19620
19620
19620
19626
19632
19632
19641
19644
19644
19644
19647
19653
19656
19662
19677
19677
19686
19689
19689
19689
19692
19695
19698
19698
19701
19704
19704
19713
19716
19719
19722
19728
19728
19728
19731
19734
19734
19737
19746
19755
19755
19758
19758
19761
19761
19764
19767
19770
19770
19773
19773
19776
19779
19785
19794
19794
19797
19800
19803
19812
19812
19818
19821
19821
19824
19830
19833
19842
19848
19851
19854
19854
19857
19860
19860
19860
19863
19866
19866
19866
19869
19875
19875
19878
19881
19884
19890
19890
19890
19890
19890
19893
19893
19896
19917
19917
19920
19923
19923
19923
19926
19926
19926
19926
19932
19932
19932
19935
19944
19950
19953
19956
19956
19959
19971
19971
19971
19980
19980
19980
19980
19983
19986
19986
19986
19992
19995
19995
20001
20001
20004
20007
20007
20007
20007
20016
20019
20025
20025
20028
20031
20031
20031
20031
20040
20040
20046
20049
20049
20049
20055
20055
20055
20058
20061
20061
20070
20082
20082
20085
20088
20091
20091
20094
20100
20103
20106
20112
20112
20115
20115
20118
20118
20124
20124
20127
20130
20136
20151
20154
20160
20163
20166
20166
20169
20175
20178
20178
20178
20181
20181
20184
20184
20187
20187
20187
20193
20202
20202
20205
20208
20211
20214
20220
20223
20229
20229
20229
20235
20238
20238
20244
20247
20250
20253
20253
20268
20274
20277
20280
20283
20289
20292
20292
20295
20295
20298
20298
20304
20307
20316
20319
20319
20322
20328
20328
20328
20331
20331
20331
20334
20337
20340
20340
20340
20343
20343
20343
20343
20349
20352
20352
20352
20355
20358
20361
20361
20364
20367
20367
20370
20370
20370
20373
20373
20379
20379
20382
20385
20391
20391
20394
20397
20400
20406
20409
20409
20409
20415
20418
20424
20424
20433
20439
20442
20445
20451
20454
20454
20457
20457
20460
20460
20463
20463
20463
20469
20475
20475
20481
20481
20484
20487
20493
20493
20496
20496
20499
20502
20502
20502
20505
20505
20508
20511
20517
20523
20523
20529
20532
20532
20535
20535
20541
20541
20544
20547
20550
20550
20553
20556
20559
20559
20568
20568
20574
20580
20580
20580
20583
20583
20589
20592
20595
20595
20604
20604
20607
20607
20613
20616
20619
20625
20628
20628
20631
20640
20640
20646
20652
20652
20655
20658
20658
20664
20667
20667
20682
20682
20682
20685
20688
20688
20694
20697
20703
20703
20706
20706
20712
20712
20712
20715
20721
20724
20733
20733
20736
20745
20748
20754
20754
20760
20760
20763
20763
20766
20766
20772
20775
20781
20784
20793
20796
20796
20796
20796
20799
20805
20808
20817
20817
20817
20820
20826
20826
20832
20838
20841
20844
20844
20847
20847
20862
20865
20868
20868
20868
20868
20871
20880
20883
20889
20892
20895
20901
20901
20904
20913
20913
20916
20919
20925
20931
20937
20940
20946
20946
20949
20949
20949
20958
20958
20958
20958
20964
20967
20970
20973
20979
20979
20982
20985
20988
20988
20991
20994
20997
21000
21000
21003
21015
21015
21021
21024
21027
21027
21030
21036
21036
21036
21042
21042
21048
21051
21051
21051
21054
21057
21057
21060
21063
21063
21063
21066
21069
21069
21072
21078
21081
21081
21081
21081
21084
21093
21096
21096
21099
21105
21117
21120
21129
21129
21132
21147
21147
21150
21156
21159
21165
21165
21168
21171
21174
21186
21186
21189
21192
21198
21198
21198
21198
21204
21210
21219
21219
21222
21222
21228
21234
21234
21237
21240
21240
21243
21243
21246
21249
21258
21264
21270
21270
21270
21276
21276
21279
21279
21282
21288
21291
21294
21303
21303
21306
21306
21309
21312
21312
21312
21318
21324
21327
21330
21330
21336
21342
21345
21348
21348
21348
21348
21351
21354
21366
21366
21369
21369
21369
21369
21372
21375
21378
21384
21387
21387
21390
21390
21393
21393
21393
21402
21402
21402
21402
21405
21405
21408
21408
21414
21414
21417
21417
21426
21426
21429
21429
21432
21435
21438
21438
21447
21447
21447
21453
21456
21459
21462
21465
21468
21471
21471
21477
21480
21483
21483
21486
21489
21489
21489
21492
21501
21501
21507
21507
21513
21513
21516
21525
21540
21543
21543
21543
21549
21552
21555
21558
21558
21567
21570
21573
21573
21576
21579
21582
21582
21585
21588
21591
21594
21594
21600
21600
21600
21606
21612
21615
21621
21621
21627
21627
21630
21630
21636
21639
21639
21639
21648
21651
21651
21654
21657
21669
21669
21672
21672
21675
21675
21675
21684
21684
21687
21687
21690
21702
21711
21714
21714
21720
21723
21723
21723
21729
21732
21735
21738
21741
21747
21753
21753
21762
21762
21765
21765
21765
21771
21771
21774
21774
21774
21777
21777
21780
21783
21789
21792
21795
21795
21798
21798
21798
21798
21801
21801
21807
21810
21816
21825
21828
21828
21831
21837
21840
21840
21843
21843
21849
21852
21861
21861
21870
21870
21873
21876
21879
21888
21891
21894
21903
21909
21909
21912
21915
21915
21921
21924
21930
21933
21939
21939
21942
21945
21951
21957
21957
21960
21960
21960
21963
21966
21966
21969
21972
21975
21975
21981
21984
21987
21987
21990
21990
21999
22005
22008
22008
22011
22011
22014
22014
22017
22017
22017
22020
22023
22026
22038
22038
22044
22044
22047
22047
22047
22047
22062
22065
22074
22074
22080
22083
22083
22086
22101
22104
22107
22119
22122
22122
22128
22137
22140
22140
22140
22140
22143
22143
22146
22146
22146
22146
22164
22170
22173
22173
22182
22188
22188
22194
22194
22197
22200
22209
22218
22218
22227
22230
22230
22230
22239
22239
22242
22245
22251
22263
22269
22272
22275
22278
22281
22284
22284
22290
22293
22293
22293
22293
22293
22296
22296
22299
22299
22299
22299
22299
22302
22308
22311
22311
22311
22320
22326
22329
22329
22332
22332
22332
22338
22338
22341
22347
22347
22353
22359
22365
22365
22368
22374
22380
22383
22386
22392
22392
22395
22395
22395
22404
22410
22419
22422
22425
22425
22425
22428
22428
22431
22434
22434
22440
22449
22449
22452
22455
22455
22461
22464
22467
22467
22470
22473
22473
22473
22476
22476
22485
22488
22488
22491
22494
22497
22497
22500
22509
22509
22512
22512
22512
22512
22515
22515
22518
22521
22521
22524
22536
22536
22539
22545
22548
22554
22554
22560
22560
22560
22563
22566
22566
22569
22572
22575
22578
22584
22590
22593
22599
22602
22602
22602
22605
22608
22611
22611
22614
22614
22614
22629
22629
22629
22632
22638
22650
22656
22662
22665
22668
22677
22677
22677
22680
22686
22689
22692
22695
22701
22701
22704
22710
22710
22713
22713
22719
22725
22725
22734
22740
22743
22746
22749
22752
22752
22755
22770
22773
22779
22779
22785
22788
22788
22800
22800
22803
22806
22806
22809
22812
22818
22821
22830
22830
22830
22833
22833
22833
22839
22842
22857
22857
22860
22866
22866
22869
22872
22875
22875
22875
22878
22878
22878
22878
22890
22890
22890
22893
22896
22899
22899
22899
22902
22908
22908
22908
22911
22914
22914
22914
22917
22917
22917
22917
22920
22920
22929
22929
22935
22935
22938
22938
22941
22941
22956
22956
22962
22965
22968
22971
22974
22974
22977
22980
22992
22998
22998
22998
23001
23001
23004
23007
23013
23016
23016
23019
23019
23019
23019
23022
23028
23034
23040
23043
23049
23052
23058
23064
23067
23067
23070
23070
23070
23070
23085
23094
23097
23100
23103
23103
23109
23109
23109
23112
23112
23112
23112
23121
23121
23127
23127
23130
23130
23130
23130
23130
23136
23136
23145
23148
23154
23154
23154
23154
23157
23157
23160
23163
23169
23184
23187
23190
23193
23193
23193
23202
23208
23208
23208
23208
23211
23214
23220
23223
23226
23229
23229
23229
23229
23232
23232
23235
23238
23238
23244
23256
23256
23262
23262
23277
23280
23286
23286
23289
23289
23292
23298
23304
23307
23307
23313
23319
23322
23322
23322
23325
23325
23328
23331
23337
23340
23349
23352
23358
23361
23364
23367
23367
23367
23370
23373
23379
23379
23382
23382
23385
23388
23388
23391
23394
23397
23397
23403
23403
23403
23403
23409
23409
23409
23412
23415
23415
23421
23430
23433
23433
23436
23439
23439
23442
23442
23442
23445
23445
23451
23454
23454
23457
23457
23457
23460
23463
23469
23478
23478
23478
23481
23484
23484
23487
23487
23487
23490
23490
23493
23493
23496
23496
23496
23499
23505
23511
23514
23523
23526
23529
23538
23541
23541
23547
23553
23562
23568
23568
23568
23571
23571
23577
23583
23583
23586
23589
23592
23595
23595
23601
23604
23616
23619
23622
23625
23628
23628
23631
23637
23637
23640
23646
23646
23649
23655
23658
23658
23664
23664
23670
23676
23676
23679
23679
23694
23694
23706
23706
23712
23715
23715
23718
23721
23724
23724
23730
23742
23745
23748
23748
23748
23751
23754
23760
23763
23769
23772
23775
23787
23787
23790
23790
23790
23790
23796
23805
23808
23808
23808
23811
23814
23817
23820
23823
23823
23823
23829
23832
23832
23832
23838
23847
23847
23850
23850
23850
23853
23856
23862
23862
23868
23868
23871
23871
23877
23886
23886
23889
23889
23895
23895
23898
23898
23907
23907
23907
23910
23913
23916
23919
23919
23919
23922
23922
23928
23928
23934
23934
23934
23934
23940
23943
23946
23946
23958
23958
23964
23967
23967
23970
23970
23973
23982
23988
23988
23988
23988
23991
23991
23991
23994
23994
24000
24000
24003
24006
24006
24009
24009
24009
24012
24018
24018
24021
24039
24045
24051
24051
24054
24057
24057
24069
24069
24072
24078
24081
24081
24081
24084
24090
24090
24096
24108
24111
24111
24111
24114
24114
24114
24117
24129
24132
24144
24147
24156
24156
24159
24165
24168
24171
24171
24174
24174
24177
24177
24177
24180
24180
24183
24186
24192
24195
24204
24207
24207
24210
24210
24213
24213
24216
24222
24222
24222
24225
24228
24231
24231
24237
24237
24240
24243
24246
24246
24252
24252
24258
24258
24258
24261
24264
24264
24267
24267
24267
24270
24276
24282
24282
24285
24288
24291
24291
24294
24297
24297
24297
24300
24300
24303
24309
24321
24321
24321
24321
24324
24327
24333
24333
24333
24333
24333
24342
24345
24345
24348
24360
24366
24369
24372
24375
24381
24384
24387
24390
24399
24408
24408
24411
24420
24429
24432
24432
24438
24438
24441
24447
24447
24450
24453
24453
24456
24456
24459
24462
24462
24462
24465
24465
24465
24465
24468
24468
24480
24489
24489
24492
24492
24495
24498
24498
24504
24504
24513
24513
24516
24516
24519
24519
24522
24522
24528
24537
24540
24543
24546
24546
24549
24549
24552
24552
24552
24555
24555
24558
24561
24561
24561
24570
24576
24579
24585
24585
24591
24609
24609
24612
24615
24615
24618
24618
24621
24627
24627
24633
24639
24639
24642
24648
24648
24654
24654
24663
24663
24663
24672
24672
24672
24678
24678
24681
24684
24687
24690
24693
24696
24705
24708
24711
24714
24717
24723
24729
24732
24735
24735
24741
24753
24759
24759
24762
24762
24765
24768
24768
24771
24771
24777
24777
24777
24780
24780
24783
24786
24789
24792
24795
24801
24801
24807
24807
24810
24813
24816
24825
24825
24831
24831
24834
24834
24837
24840
24840
24840
24849
24852
24861
24864
24864
24867
24870
24870
24873
24873
24876
24876
24885
24888
24888
24888
24888
24891
24894
24897
24900
24903
24903
24912
24912
24915
24924
24930
24930
24933
24933
24936
24939
24945
24951
24951
24957
24960
24963
24966
24969
24969
24975
24975
24975
24981
24984
24990
24999
24999
25005
25005
25008
25008
25011
25014
25017
25017
25017
25020
25023
25029
25029
25032
25035
25038
25041
25041
25044
25047
25050
25050
25056
25059
25059
25062
25074
25074
25086
25086
25089
25092
25095
25098
25101
25101
25107
25110
25113
25116
25119
25122
25122
25125
25128
25128
25131
25134
25137
25137
25140
25140
25143
25149
25149
25152
25155
25155
25155
25158
25158
25158
25176
25179
25182
25185
25188
25191
25191
25191
25194
25200
25203
25203
25206
25209
25209
25209
25209
25212
25212
25215
25215
25221
25224
25236
25242
25245
25245
25245
25248
25254
25254
25257
25260
25263
25266
25266
25275
25275
25278
25278
25281
25284
25284
25284
25284
25287
25290
25290
25296
25317
25317
25320
25320
25323
25332
25332
25332
25335
25335
25338
25338
25341
25341
25344
25344
25344
25347
25350
25356
25359
25362
25371
25371
25371
25374
25377
25380
25380
25383
25383
25386
25395
25398
25398
25404
25407
25407
25407
25413
25413
25416
25419
25419
25422
25422
25422
25425
25428
25434
25440
25443
25446
25446
25452
25455
25458
25458
25458
25461
25461
25461
25467
25467
25467
25476
25485
25488
25488
25491
25494
25497
25500
25506
25506
25512
25512
25515
25518
25518
25524
25524
25527
25530
25530
25536
25536
25539
25542
25545
25545
25545
25548
25554
25557
25560
25566
25569
25572
25575
25575
25578
25584
25587
25587
25593
25611
25611
25611
25614
25614
25620
25620
25623
25626
25638
25638
25650
25653
25653
25656
25659
25662
25665
25668
25677
25680
25683
25698
25698
25701
25701
25701
25701
25704
25707
25707
25713
25716
25722
25725
25728
25728
25737
25740
25743
25746
25755
25755
25758
25767
25767
25767
25767
25776
25776
25776
25779
25782
25785
25788
25788
25797
25800
25803
25806
25806
25806
25806
25809
25815
25815
25821
25821
25827
25833
25836
25842
25848
25851
25854
25854
25857
25857
25860
25860
25863
25869
25869
25872
25872
25878
25881
25884
25893
25893
25893
25893
25899
25899
25899
25902
25902
25902
25902
25905
25905
25908
25911
25911
25917
25923
25926
25932
25932
25932
25938
25938
25941
25944
25947
25947
25950
25953
25953
25953
25953
25959
25959
25962
25962
25962
25962
25965
25977
25977
25980
25992
25992
25992
25995
25998
25998
26004
26007
26016
26016
26022
26022
26022
26022
26028
26034
26037
26040
26040
26043
26046
26046
26046
26049
26049
26049
26052
26055
26055
26061
26064
26067
26070
26079
26079
26082
26082
26088
26088
26091
26091
26100
26100
26103
26106
26112
26115
26115
26115
26118
26121
26121
26121
26124
26127
26130
26136
26136
26139
26142
26142
26145
26148
26151
26151
26154
26157
26163
26163
26166
26169
26169
26172
26178
26187
26190
26190
26193
26196
26196
26196
26196
26199
26199
26211
26214
26214
26220
26220
26220
26223
26223
26223
26223
26226
26229
26235
26238
26238
26241
26250
26253
26256
26262
26268
26271
26277
26277
26277
26280
26289
26289
26295
26298
26301
26304
26304
26304
26304
26304
26304
26304
26307
26310
26310
26316
26316
26319
26319
26322
26322
26328
26331
26331
26340
26340
26343
26346
26352
26355
26358
26358
26358
26364
26364
26367
26370
26370
26370
26373
26373
26382
26391
26400
26400
26400
26403
26406
26406
26406
26415
26415
26424
26430
26433
26436
26436
26439
26439
26439
26448
26451
26457
26457
26460
26460
26463
26466
26466
26466
26469
26472
26475
26475
26478
26484
26487
26490
26493
26493
26496
26499
26499
26505
26514
26517
26517
26520
26523
26523
26529
26529
26535
26538
26538
26541
26541
26550
26550
26553
26556
26559
26559
26571
26571
26577
26577
26580
26580
26583
26583
26583
26595
26595
26601
26604
26607
26616
26619
26619
26619
26619
26625
26631
26631
26643
26643
26646
26646
26649
26652
26652
26655
26658
26661
26661
26664
26670
26673
26676
26679
26682
26682
26682
26682
26688
26688
26688
26691
26694
26694
26694
26700
26703
26703
26706
26712
26712
26712
26724
26724
26730
26733
26733
26736
26739
26748
26751
26751
26754
26754
26760
26763
26763
26772
26772
26772
26772
26775
26778
26781
26781
26784
26787
26790
26793
26796
26796
26799
26802
26814
26817
26817
26826
26826
26829
26835
26835
26838
26841
26850
26856
26862
26862
26868
26868
26874
26877
26880
26880
26886
26901
26901
26907
26910
26913
26925
26928
26931
26940
26943
26943
26943
26949
26952
26952
26952
26952
26961
26970
26970
26973
26979
26982
26982
26988
26988
26991
